,Unnamed: 0,ride_id,rideable_type,started_at,ended_at,start_station_name,start_station_id,end_station_name,end_station_id,start_lat,start_lng,end_lat,end_lng,member_casual,step
0,36015,C5BBD94736358DF4,docked_bike,2021-05-31 21:44:00,2021-05-31 22:04:52,Amsterdam Ave & W 175 St,8278,Grand Concourse & E 199 St,8703.0,40.844044,-73.933651,40.87142,-73.88839,casual,1
1,36878,408B8E82ADB8CB04,docked_bike,2021-05-31 17:19:34,2021-05-31 17:38:14,E Tremont Ave & E 176 St,8356,Grand Concourse & E 199 St,8703.0,40.847798,-73.901883,40.87142,-73.88839,member,1
2,37156,BB5A1B285D6E796E,docked_bike,2021-05-29 20:45:15,2021-05-29 21:07:56,Sheridan Ave & E 168 St,8160,Grand Concourse & E 199 St,8703.0,40.835334,-73.9154,40.87142,-73.88839,casual,1
3,357423,FDA650C76962B7C8,docked_bike,2021-05-28 10:39:38,2021-05-28 10:59:54,Bedford Park Blvd & Paul Ave,8752,Grand Concourse & E 199 St,8703.0,40.87444,-73.89186,40.87142,-73.88839,casual,1
4,357431,F5FB8BB5700872B4,docked_bike,2021-05-31 21:51:08,2021-05-31 22:01:19,Bedford Park Blvd & Paul Ave,8752,Grand Concourse & E 199 St,8703.0,40.87444,-73.89186,40.87142,-73.88839,casual,1
5,1081592,933BAA7A0B15F7AC,docked_bike,2021-05-31 21:50:12,2021-05-31 22:01:03,Bedford Park Blvd & Paul Ave,8752,Grand Concourse & E 199 St,8703.0,40.87444,-73.89186,40.87142,-73.88839,casual,1
6,1081738,461A1956B40FAA8B,docked_bike,2021-05-31 13:43:26,2021-05-31 14:18:35,E 138 St & Cypress Ave,7669,Grand Concourse & E 199 St,8703.0,40.805559,-73.914718,40.87142,-73.88839,member,1
7,1082828,59F3CA11EBD08C94,docked_bike,2021-05-29 20:43:15,2021-05-29 20:48:47,Jerome Ave & W 193 St,8619,Grand Concourse & E 199 St,8703.0,40.86659,-73.89794,40.87142,-73.88839,casual,1
8,1434529,BB71C96E688BAB25,docked_bike,2021-05-30 04:47:48,2021-05-30 05:36:55,Grand Concourse & E 199 St,8703,Central Park S & 6 Ave,6876.0,40.87142,-73.88839,40.76590936,-73.97634151,casual,-1
9,1508263,26EF36079F8EFBAE,docked_bike,2021-05-29 21:55:37,2021-05-29 22:14:59,Grand Concourse & E 199 St,8703,E 165 St & Fox St,7966.0,40.87142,-73.88839,40.82394,-73.894025,member,-1
10,1612028,91B737A86A8EAF86,docked_bike,2021-05-31 19:50:37,2021-05-31 20:13:49,Grand Concourse & E 199 St,8703,Amsterdam Ave & W 180 St,8353.0,40.87142,-73.88839,40.847396,-73.931205,casual,-1
11,1612080,FB13C3F7A29DDDC9,docked_bike,2021-05-31 19:50:48,2021-05-31 20:13:53,Grand Concourse & E 199 St,8703,Amsterdam Ave & W 180 St,8353.0,40.87142,-73.88839,40.847396,-73.931205,casual,-1
12,1666781,B01E6383FF28F6EA,docked_bike,2021-05-29 19:52:09,2021-05-29 20:20:19,Grand Concourse & E 199 St,8703,9 Ave & W 206 St,8594.0,40.87142,-73.88839,40.86308937813274,-73.9175833761692,casual,-1
13,1729242,120175F6C782EEEC,docked_bike,2021-05-27 13:05:46,2021-05-27 13:46:56,Grand Concourse & E 144 St,7845,Grand Concourse & E 199 St,8703.0,40.816576,-73.927987,40.87142,-73.88839,casual,1
14,1729559,A0A416C3F088817D,docked_bike,2021-05-28 11:28:44,2021-05-28 11:34:46,Bainbridge Ave & E 193 St,8582,Grand Concourse & E 199 St,8703.0,40.86389,-73.89246,40.87142,-73.88839,casual,1
15,1730575,3E47CD932294EBBC,docked_bike,2021-05-31 11:52:30,2021-05-31 11:54:29,Grand Concourse & E 197 St,8667,Grand Concourse & E 199 St,8703.0,40.86945,-73.89148,40.87142,-73.88839,member,1
16,1730612,B65CED6997B329D3,docked_bike,2021-05-31 12:44:43,2021-05-31 12:47:44,Grand Concourse & E 197 St,8667,Grand Concourse & E 199 St,8703.0,40.86945,-73.89148,40.87142,-73.88839,casual,1
17,1730818,8EDF57BD6F836D40,docked_bike,2021-05-30 01:09:18,2021-05-30 01:49:58,Grand Concourse & E 197 St,8667,Grand Concourse & E 199 St,8703.0,40.86945,-73.89148,40.87142,-73.88839,casual,1
18,1730860,09102CB4C98190CA,docked_bike,2021-05-30 01:08:49,2021-05-30 01:50:21,Grand Concourse & E 197 St,8667,Grand Concourse & E 199 St,8703.0,40.86945,-73.89148,40.87142,-73.88839,casual,1
19,1731205,99EC4038013FECF3,docked_bike,2021-05-27 16:37:08,2021-05-27 16:54:08,Southern Blvd & E 174 St,8163,Grand Concourse & E 199 St,8703.0,40.836733,-73.887931,40.87142,-73.88839,casual,1
20,1732453,4AE4AF88936A97F2,docked_bike,2021-05-26 18:08:18,2021-05-26 18:17:43,Valentine Ave & E 183 St,8472,Grand Concourse & E 199 St,8703.0,40.856987,-73.898237,40.87142,-73.88839,member,1
21,1733328,DBC953A8DFD797F2,docked_bike,2021-05-31 18:53:36,2021-05-31 19:37:29,Grand Concourse & E 197 St,8667,Grand Concourse & E 199 St,8703.0,40.86945,-73.89148,40.87142,-73.88839,casual,1
22,1734742,385B5D92E77D2BD5,docked_bike,2021-05-27 17:06:21,2021-05-27 18:50:29,Grand Concourse & E 199 St,8703,Grand Concourse & E 199 St,8703.0,40.87142,-73.88839,40.87142,-73.88839,casual,0
23,1734748,856535312B20B073,docked_bike,2021-05-31 15:04:23,2021-05-31 16:31:32,Grand Concourse & E 199 St,8703,Grand Concourse & E 199 St,8703.0,40.87142,-73.88839,40.87142,-73.88839,casual,0
24,1735364,869311209E23A363,docked_bike,2021-05-27 17:04:46,2021-05-27 18:25:20,Grand Concourse & E 199 St,8703,Grand Concourse & E 199 St,8703.0,40.87142,-73.88839,40.87142,-73.88839,casual,0
25,1735476,6BDC783BD0B48D00,docked_bike,2021-05-27 15:49:29,2021-05-27 15:50:43,Grand Concourse & E 199 St,8703,Grand Concourse & E 199 St,8703.0,40.87142,-73.88839,40.87142,-73.88839,casual,0
26,1735477,9C303C423EF25952,docked_bike,2021-05-27 15:46:41,2021-05-27 15:48:24,Grand Concourse & E 199 St,8703,Grand Concourse & E 199 St,8703.0,40.87142,-73.88839,40.87142,-73.88839,casual,0
27,1735543,D6BCD44F296219D8,docked_bike,2021-05-27 17:06:44,2021-05-27 18:50:32,Grand Concourse & E 199 St,8703,Grand Concourse & E 199 St,8703.0,40.87142,-73.88839,40.87142,-73.88839,casual,0
28,1735630,141DC6F3ABB375F0,docked_bike,2021-05-30 21:37:41,2021-05-30 22:01:25,Grand Concourse & E 199 St,8703,Grand Concourse & E 199 St,8703.0,40.87142,-73.88839,40.87142,-73.88839,casual,0
29,1735773,57886C3EF7816CE6,docked_bike,2021-05-31 15:09:13,2021-05-31 16:31:29,Grand Concourse & E 199 St,8703,Grand Concourse & E 199 St,8703.0,40.87142,-73.88839,40.87142,-73.88839,casual,0
30,1737677,6EA9068A9D15B638,docked_bike,2021-05-31 03:17:52,2021-05-31 03:52:11,Wilkins Ave & Crotona Park E,8167,Grand Concourse & E 199 St,8703.0,40.835302,-73.895133,40.87142,-73.88839,casual,1
31,1738772,E72D4C3A860ACC64,docked_bike,2021-05-30 14:51:13,2021-05-30 15:11:48,Westchester Ave & Southern Blvd,8004,Grand Concourse & E 199 St,8703.0,40.824956,-73.891677,40.87142,-73.88839,member,1
32,1738923,C64E9A73CD93DA4A,docked_bike,2021-05-27 21:38:41,2021-05-27 21:55:39,W 190 St & St. Nicholas Ave,8453,Grand Concourse & E 199 St,8703.0,40.854788,-73.929513,40.87142,-73.88839,casual,1
33,1738945,604D96DD077974C5,docked_bike,2021-05-31 22:36:05,2021-05-31 23:31:08,W 190 St & St. Nicholas Ave,8453,Grand Concourse & E 199 St,8703.0,40.854788,-73.929513,40.87142,-73.88839,casual,1
34,1739697,B4B1111AE3222CBD,docked_bike,2021-05-26 22:02:08,2021-05-26 22:16:09,Grand Concourse & East Mount Eden Ave,8265,Grand Concourse & E 199 St,8703.0,40.84301,-73.91172,40.87142,-73.88839,casual,1
35,1739806,095A337DB8B9B25C,docked_bike,2021-05-26 16:53:54,2021-05-26 17:34:12,W 171 St & St. Nicholas Ave,8262,Grand Concourse & E 199 St,8703.0,40.842941,-73.938631,40.87142,-73.88839,casual,1
36,1819739,AE4C10DCC7D3D398,docked_bike,2021-05-27 15:50:52,2021-05-27 16:06:59,Grand Concourse & E 199 St,8703,Bedford Park Blvd & Paul Ave,8752.0,40.87142,-73.88839,40.87444,-73.89186,casual,-1
37,1819760,A02BF6EA29971861,docked_bike,2021-05-31 19:33:03,2021-05-31 20:04:16,Grand Concourse & E 199 St,8703,Bedford Park Blvd & Paul Ave,8752.0,40.87142,-73.88839,40.87444,-73.89186,casual,-1
38,1840401,E049EC2C6FBD5A1D,docked_bike,2021-05-27 09:41:13,2021-05-27 10:08:35,Grand Concourse & E 199 St,8703,Grand Concourse & E 144 St,7845.0,40.87142,-73.88839,40.816576,-73.927987,casual,-1
39,1898851,11B096DBCE573F66,docked_bike,2021-05-27 13:57:57,2021-05-27 14:24:36,Grand Concourse & E 199 St,8703,Nelson Ave & W 172 St,8290.0,40.87142,-73.88839,40.843965,-73.920999,casual,-1
40,1979281,A2AD5B7A58FB1922,docked_bike,2021-05-27 19:45:34,2021-05-27 20:01:30,Grand Concourse & E 199 St,8703,Folin St & E 181 St,8435.0,40.87142,-73.88839,40.853929,-73.898385,casual,-1
41,2000884,53E363FD4AD57F3C,docked_bike,2021-05-27 13:14:46,2021-05-27 15:02:54,Grand Concourse & E 199 St,8703,Broadway & W 41 St,6560.0,40.87142,-73.88839,40.75513557,-73.98658032,member,-1
42,2001090,4A051DE73C723461,docked_bike,2021-05-27 13:14:41,2021-05-27 15:02:15,Grand Concourse & E 199 St,8703,Broadway & W 41 St,6560.0,40.87142,-73.88839,40.75513557,-73.98658032,member,-1
43,2076546,9FAFAC7A8074A4F7,docked_bike,2021-05-26 19:01:35,2021-05-26 19:57:25,Grand Concourse & E 199 St,8703,Willis Ave & E 137 St,7726.0,40.87142,-73.88839,40.808384,-73.923604,member,-1
44,2105407,21323D8150024657,docked_bike,2021-05-31 13:20:50,2021-05-31 13:30:41,Grand Concourse & E 199 St,8703,Marion Ave & Mosholu Pkwy,8699.0,40.87142,-73.88839,40.8704956,-73.8818756582,casual,-1
45,2160441,6D0E8A4FC14ACD84,docked_bike,2021-05-27 10:02:42,2021-05-27 10:30:26,Grand Concourse & E 199 St,8703,E 138 St & Willow Ave,7654.0,40.87142,-73.88839,40.804168,-73.911545,casual,-1
46,2223350,A01709D42C4E49D1,docked_bike,2021-05-27 06:49:00,2021-05-27 06:56:27,Grand Concourse & E 199 St,8703,E 188 St & Creston Ave,8566.0,40.87142,-73.88839,40.861669,-73.898589,casual,-1
47,2223399,744C5EBA05DF07A6,docked_bike,2021-05-27 16:36:55,2021-05-27 16:44:23,Grand Concourse & E 199 St,8703,E 188 St & Creston Ave,8566.0,40.87142,-73.88839,40.861669,-73.898589,casual,-1
48,2223449,58307F592B343E5B,docked_bike,2021-05-31 11:54:59,2021-05-31 12:01:29,Grand Concourse & E 199 St,8703,E 188 St & Creston Ave,8566.0,40.87142,-73.88839,40.861669,-73.898589,member,-1
49,2297202,DDFC299FE38A9DC9,docked_bike,2021-05-31 15:53:49,2021-05-31 16:19:10,Grand Concourse & E 199 St,8703,Audobon Ave & W 179 St,8316.0,40.87142,-73.88839,40.847305,-73.933291,casual,-1
50,2330137,A2DAC470CB6812C6,docked_bike,2021-05-31 20:42:23,2021-05-31 22:16:34,Grand Concourse & E 199 St,8703,Goulden Ave & W 197 St,8707.0,40.87142,-73.88839,40.87156,-73.89714,casual,-1
51,2330171,2300DBAF0C65BF08,docked_bike,2021-05-31 20:42:32,2021-05-31 21:17:12,Grand Concourse & E 199 St,8703,Goulden Ave & W 197 St,8707.0,40.87142,-73.88839,40.87156,-73.89714,casual,-1
52,2402065,670BDE049E74D124,docked_bike,2021-05-28 09:21:41,2021-05-28 09:23:42,Grand Concourse & E 199 St,8703,Grand Concourse & E 197 St,8667.0,40.87142,-73.88839,40.86945,-73.89148,casual,-1
53,2402114,9AD641415EEE5D4E,docked_bike,2021-05-31 17:10:00,2021-05-31 17:47:09,Grand Concourse & E 199 St,8703,Grand Concourse & E 197 St,8667.0,40.87142,-73.88839,40.86945,-73.89148,casual,-1
54,2402161,CF8056BF4FC4467B,docked_bike,2021-05-31 12:48:13,2021-05-31 13:19:23,Grand Concourse & E 199 St,8703,Grand Concourse & E 197 St,8667.0,40.87142,-73.88839,40.86945,-73.89148,casual,-1
55,2444325,33D5F550B87E4C21,docked_bike,2021-05-31 17:38:46,2021-05-31 17:52:38,Grand Concourse & E 199 St,8703,Grand Concourse & E 192 St,8601.0,40.87142,-73.88839,40.86448,-73.89522,member,-1
56,2464254,62F36101E728EFF1,docked_bike,2021-05-27 18:51:47,2021-05-27 18:59:23,Grand Concourse & E 199 St,8703,Grand Ave & W Fordham Rd,8571.0,40.87142,-73.88839,40.86288,-73.90316,casual,-1
57,2465154,233870FD714B9209,docked_bike,2021-05-29 09:41:33,2021-05-29 10:14:51,Grand Concourse & E 199 St,8703,Brook Ave & E 138 St,7707.0,40.87142,-73.88839,40.807408,-73.91924,casual,-1
58,2465189,E25D35D64B272DAC,docked_bike,2021-05-31 14:19:43,2021-05-31 15:07:00,Grand Concourse & E 199 St,8703,Brook Ave & E 138 St,7707.0,40.87142,-73.88839,40.807408,-73.91924,member,-1
59,2470405,F6D47B03EB77225E,docked_bike,2021-05-30 19:36:33,2021-05-30 19:55:18,Grand Concourse & E 199 St,8703,E 169 St & Fox St,8024.0,40.87142,-73.88839,40.827184,-73.893721,member,-1
60,2568909,AA7D456C3BD18A27,docked_bike,2021-05-30 12:43:56,2021-05-30 13:05:23,Grand Concourse & E 199 St,8703,Broadway & W 220 St,8715.0,40.87142,-73.88839,40.872412,-73.912807,casual,-1
61,2632178,6D54C694797DA543,docked_bike,2021-05-27 23:31:49,2021-05-28 00:12:58,Grand Concourse & E 199 St,8703,E 161 St & River Ave,8041.0,40.87142,-73.88839,40.827883,-73.927111,casual,-1
62,2678038,D087DD7334D2BB7A,docked_bike,2021-05-28 04:04:15,2021-05-28 04:53:01,Grand Concourse & E 199 St,8703,Ditmars Blvd & 79 St,6994.0,40.87142,-73.88839,40.768728,-73.890745,member,-1
0,43149,3F629C83ED26D6FD,electric_bike,2021-06-25 15:43:31,2021-06-25 15:47:11,Grand Concourse & E Mosholu Pkwy S,8795,Grand Concourse & E 199 St,8703.0,40.877964,-73.8847550291,40.87142,-73.88839,casual,1
1,43156,77A3CF2DE7116494,electric_bike,2021-06-11 22:36:29,2021-06-11 22:41:20,Tiebout Ave & E Fordham Road,8546,Grand Concourse & E 199 St,8703.0,40.861915,-73.894831,40.87142,-73.88839,member,1
2,43199,2B33CD56A03D81CA,electric_bike,2021-06-16 01:57:40,2021-06-16 02:12:24,Cedar Ave & W Fordham Rd,8575,Grand Concourse & E 199 St,8703.0,40.86156,-73.91219,40.87142,-73.88839,casual,1
3,43212,E1500EE715CA8EB6,electric_bike,2021-06-20 18:11:01,2021-06-20 18:19:04,Grand Ave & W Fordham Rd,8571,Grand Concourse & E 199 St,8703.0,40.86288,-73.90316,40.87142,-73.88839,casual,1
4,49006,F4168073237F2576,electric_bike,2021-06-14 15:05:23,2021-06-14 15:13:55,Grand Concourse & E 199 St,8703,Bainbridge Ave & E 193 St,8582.0,40.87142,-73.88839,40.86389,-73.89246,casual,-1
5,113338,4F7AB0C56576E709,electric_bike,2021-06-26 15:02:07,2021-06-26 15:05:30,Grand Concourse & E 199 St,8703,Botanical Sq & Webster Ave,8646.0,40.87142,-73.88839,40.86814,-73.88145,casual,-1
6,133662,9B0A8E39236D8FF6,electric_bike,2021-06-30 10:06:41,2021-06-30 10:08:57,Decatur Ave & Bedford Park Blvd,8664,Grand Concourse & E 199 St,8703.0,40.86813,-73.88412,40.87142,-73.88839,member,1
7,133719,0CB9D04125BC5714,electric_bike,2021-06-10 22:54:10,2021-06-10 23:14:47,Wadsworth Ave & W 175 St,8299,Grand Concourse & E 199 St,8703.0,40.846052,-73.937648,40.87142,-73.88839,casual,1
8,133722,9F2884A123395A0C,electric_bike,2021-06-15 09:16:26,2021-06-15 09:18:04,Bainbridge Ave & Bedford Park Blvd,8682,Grand Concourse & E 199 St,8703.0,40.87002,-73.88565,40.87142,-73.88839,member,1
9,133730,0164C5543BC5E22B,electric_bike,2021-06-11 11:48:24,2021-06-11 11:57:35,Decatur Ave & Bedford Park Blvd,8664,Grand Concourse & E 199 St,8703.0,40.86813,-73.88412,40.87142,-73.88839,casual,1
10,133923,D0388B3BFFE17B1A,electric_bike,2021-06-11 13:32:09,2021-06-11 13:46:26,Webster Ave & Ford St,8472,Grand Concourse & E 199 St,8703.0,40.85556,-73.89615,40.87142,-73.88839,casual,1
11,133981,D6742D5C30A4F3CD,electric_bike,2021-06-20 13:18:02,2021-06-20 13:19:56,Bainbridge Ave & Bedford Park Blvd,8682,Grand Concourse & E 199 St,8703.0,40.87002,-73.88565,40.87142,-73.88839,member,1
12,133985,6C3E238DAA484F67,electric_bike,2021-06-20 04:36:54,2021-06-20 04:43:55,Bainbridge Ave & Bedford Park Blvd,8682,Grand Concourse & E 199 St,8703.0,40.87002,-73.88565,40.87142,-73.88839,member,1
13,134063,B4FABF6FB87F9FAC,electric_bike,2021-06-16 17:25:56,2021-06-16 18:27:14,Jerome Ave & E Mosholu Parkway S,8795,Grand Concourse & E 199 St,8703.0,40.87935,-73.88534,40.87142,-73.88839,casual,1
14,143117,959B7A99E898C68B,electric_bike,2021-06-12 14:10:36,2021-06-12 14:16:44,Grand Concourse & E 199 St,8703,Jerome Ave & W Fordham Rd,8586.0,40.87142,-73.88839,40.86294,-73.90108,casual,-1
15,161077,5E1229E91E713960,electric_bike,2021-06-20 08:52:22,2021-06-20 08:54:51,Grand Concourse & E 199 St,8703,Grand Concourse & E 196 St,8635.0,40.87142,-73.88839,40.86767,-73.89286,member,-1
16,165021,62554E978707E42A,electric_bike,2021-06-20 14:55:35,2021-06-20 15:20:40,Grand Concourse & E 199 St,8703,Cauldwell Ave & E 158 St,7913.0,40.87142,-73.88839,40.81989,-73.908351,casual,-1
17,180293,01B97EFD904E1F4B,electric_bike,2021-06-16 07:53:01,2021-06-16 08:32:05,Grand Concourse & E 199 St,8703,Broadway & W 131 St,7865.0,40.87142,-73.88839,40.817555,-73.957163,casual,-1
18,184805,8B06D8E41825BC5B,classic_bike,2021-06-30 03:22:47,2021-06-30 03:26:06,Grand Concourse & E 199 St,8703,Grand Concourse & E 197 St,8667.0,40.87142,-73.88839,40.86945,-73.89148,member,-1
19,187522,409D1F6C5E76E0D8,docked_bike,2021-06-07 12:51:08,2021-06-07 12:57:06,Grand Concourse & E 199 St,8703,Grand Concourse & E 192 St,8601.0,40.87142,-73.88839,40.86448,-73.89522,casual,-1
20,206145,8016CF984FF79E50,docked_bike,2021-06-17 17:09:55,2021-06-17 17:14:02,Grand Concourse & E 199 St,8703,Paul Ave & W 205 St,8782.0,40.87142,-73.88839,40.87704,-73.88943,casual,-1
21,249558,CD1EC54E23B96B4D,electric_bike,2021-06-22 18:06:48,2021-06-22 18:28:06,Grand Concourse & E 199 St,8703,E 170 St & Sheridan Ave,8194.0,40.87142,-73.88839,40.838315,-73.912604,member,-1
22,253168,F1894E8450A8CA17,classic_bike,2021-06-24 14:30:11,2021-06-24 14:33:06,Grand Concourse & E 199 St,8703,Jerome Ave & Bedford Park Blvd E,8734.0,40.87142,-73.88839,40.87307,-73.88971,member,-1
23,355089,6B55B08AAABACF13,docked_bike,2021-06-13 23:06:19,2021-06-13 23:32:32,Grand Concourse & E 199 St,8703,W 218 St & Broadway,8715.0,40.87142,-73.88839,40.87139,-73.914318,casual,-1
24,357278,F7D248698BC6E375,docked_bike,2021-06-13 23:00:46,2021-06-13 23:32:48,Grand Concourse & E 199 St,8703,W 218 St & Broadway,8715.0,40.87142,-73.88839,40.87139,-73.914318,casual,-1
25,382482,D4D76E55CA43600A,classic_bike,2021-06-23 20:23:25,2021-06-23 21:56:42,Grand Concourse & E 199 St,8703,Grand Concourse & E 205 St,8766.0,40.87142,-73.88839,40.875531,-73.8863864831,casual,-1
26,388445,82D9B25839815E4B,classic_bike,2021-06-23 20:24:32,2021-06-23 21:57:09,Grand Concourse & E 199 St,8703,Grand Concourse & E 205 St,8766.0,40.87142,-73.88839,40.875531,-73.8863864831,casual,-1
27,390149,8D6E5BEE6DA21ED8,electric_bike,2021-06-09 09:56:06,2021-06-09 10:16:43,Grand Concourse & E 199 St,8703,E 161 St & River Ave,8041.0,40.87142,-73.88839,40.827883,-73.927111,member,-1
28,396151,371A85439CE6E70C,electric_bike,2021-06-04 12:14:57,2021-06-04 12:26:49,Grand Concourse & E 199 St,8703,E Burnside Ave & Ryer Ave,8397.0,40.87142,-73.88839,40.850535,-73.901318,casual,-1
29,396866,22B8ADC68E755758,electric_bike,2021-06-09 10:40:44,2021-06-09 10:59:51,Grand Concourse & E 199 St,8703,W 190 St & Broadway,8474.0,40.87142,-73.88839,40.85648733523576,-73.93296986818314,member,-1
30,417395,73A8F6A8EBBF9928,docked_bike,2021-06-09 12:54:09,2021-06-09 12:58:03,Grand Concourse & E 199 St,8703,Grand Concourse & E 196 St,8635.0,40.87142,-73.88839,40.86767,-73.89286,casual,-1
31,417483,36CB91FD071DD4F8,electric_bike,2021-06-30 19:48:11,2021-06-30 20:56:51,Grand Concourse & E 199 St,8703,Grand Concourse & E 196 St,8635.0,40.87142,-73.88839,40.86767,-73.89286,casual,-1
32,426310,1BEAA378551F2FA5,classic_bike,2021-06-26 16:50:13,2021-06-26 16:55:24,Grand Concourse & E 199 St,8703,Grand Concourse & E 196 St,8635.0,40.87142,-73.88839,40.86767,-73.89286,casual,-1
33,441541,D229BCE4AD8DC606,electric_bike,2021-06-08 14:14:00,2021-06-08 14:48:21,Grand Concourse & E 199 St,8703,Broadway & Moylan Pl,7823.0,40.87142,-73.88839,40.8143256,-73.9590255,member,-1
34,442999,EA3E6B2CABFD3A87,electric_bike,2021-06-12 17:10:38,2021-06-12 17:21:04,Jerome Ave & E Mosholu Parkway S,8795,Grand Concourse & E 199 St,8703.0,40.87935,-73.88534,40.87142,-73.88839,casual,1
35,443038,23844E3E4885F9A1,electric_bike,2021-06-09 21:41:59,2021-06-09 22:10:36,Isham St & Broadway,8665,Grand Concourse & E 199 St,8703.0,40.86788,-73.919685,40.87142,-73.88839,casual,1
36,443044,CC1217620012BCE7,electric_bike,2021-06-11 10:29:01,2021-06-11 10:46:30,Grand Concourse & East Mount Eden Ave,8265,Grand Concourse & E 199 St,8703.0,40.84301,-73.91172,40.87142,-73.88839,casual,1
37,443063,08A55AF951550E74,electric_bike,2021-06-22 22:53:46,2021-06-22 22:56:00,Decatur Ave & Bedford Park Blvd,8664,Grand Concourse & E 199 St,8703.0,40.86813,-73.88412,40.87142,-73.88839,casual,1
38,443209,A0068A5BBA938E56,electric_bike,2021-06-09 01:23:48,2021-06-09 01:51:14,Nelson Ave & 167 St,8183,Grand Concourse & E 199 St,8703.0,40.836705,-73.926088,40.87142,-73.88839,member,1
39,443477,AC6FF08FED341D6C,docked_bike,2021-06-06 16:50:12,2021-06-06 16:52:08,Grand Concourse & E 199 St,8703,Grand Concourse & E 199 St,8703.0,40.87142,-73.88839,40.87142,-73.88839,member,0
40,443549,4AD7BDE608F8980E,electric_bike,2021-06-05 01:14:10,2021-06-05 01:45:07,Grand Concourse & E 199 St,8703,Grand Concourse & E 199 St,8703.0,40.87142,-73.88839,40.87142,-73.88839,casual,0
41,443570,1D0BC89E7E8CDCB1,electric_bike,2021-06-05 14:57:59,2021-06-05 14:58:38,Grand Concourse & E 199 St,8703,Grand Concourse & E 199 St,8703.0,40.87142,-73.88839,40.87142,-73.88839,member,0
42,443579,B25DEBCE5FB7215E,docked_bike,2021-06-20 19:44:43,2021-06-20 19:44:49,Grand Concourse & E 199 St,8703,Grand Concourse & E 199 St,8703.0,40.87142,-73.88839,40.87142,-73.88839,member,0
43,443748,31C3047EBF1DF9C8,electric_bike,2021-06-25 20:53:14,2021-06-25 21:24:18,E 170 St & Sheridan Ave,8194,Grand Concourse & E 199 St,8703.0,40.838315,-73.912604,40.87142,-73.88839,casual,1
44,443801,54ADB5019671E055,electric_bike,2021-06-06 01:29:35,2021-06-06 01:35:22,Grand Ave & W Fordham Rd,8571,Grand Concourse & E 199 St,8703.0,40.86288,-73.90316,40.87142,-73.88839,casual,1
45,443872,4776C2C2852609F8,electric_bike,2021-06-19 20:15:49,2021-06-19 20:28:44,Grand Concourse & E 196 St,8635,Grand Concourse & E 199 St,8703.0,40.86767,-73.89286,40.87142,-73.88839,casual,1
46,443901,F826BACC652245B4,electric_bike,2021-06-15 15:31:37,2021-06-15 16:59:47,Grand Concourse & E 199 St,8703,Grand Concourse & E 199 St,8703.0,40.87142,-73.88839,40.87142,-73.88839,casual,0
47,444081,DABCE541BED259D7,docked_bike,2021-06-10 00:52:13,2021-06-10 01:20:42,Bainbridge Ave & E 196 St,8615,Grand Concourse & E 199 St,8703.0,40.86648,-73.89042,40.87142,-73.88839,casual,1
48,444240,EB85B24CA5115DDF,docked_bike,2021-06-10 13:45:31,2021-06-10 13:59:30,W Fordham Rd & Loring Pl N,8590,Grand Concourse & E 199 St,8703.0,40.86295,-73.90741,40.87142,-73.88839,casual,1
49,444266,07DAC2CC8D8D485A,electric_bike,2021-06-19 16:56:52,2021-06-19 17:00:18,Grand Concourse & E 192 St,8601,Grand Concourse & E 199 St,8703.0,40.86448,-73.89522,40.87142,-73.88839,casual,1
50,444291,D87465A47A9BA3C8,docked_bike,2021-06-14 20:24:34,2021-06-14 21:22:43,Grand Concourse & E 192 St,8601,Grand Concourse & E 199 St,8703.0,40.86448,-73.89522,40.87142,-73.88839,casual,1
51,444481,85E05BAA25C047B8,electric_bike,2021-06-11 10:29:08,2021-06-11 10:46:28,Grand Concourse & East Mount Eden Ave,8265,Grand Concourse & E 199 St,8703.0,40.84301,-73.91172,40.87142,-73.88839,casual,1
52,444539,829B381D46983EA2,docked_bike,2021-06-16 22:53:16,2021-06-16 22:55:25,Grand Concourse & E 197 St,8667,Grand Concourse & E 199 St,8703.0,40.86945,-73.89148,40.87142,-73.88839,casual,1
53,444564,0CE7082FA479CE5D,electric_bike,2021-06-30 11:53:08,2021-06-30 12:09:46,Grand Concourse & E 197 St,8667,Grand Concourse & E 199 St,8703.0,40.86945,-73.89148,40.87142,-73.88839,casual,1
54,444577,E6367372F15E01F3,classic_bike,2021-06-26 14:59:26,2021-06-26 15:01:45,Grand Concourse & E 197 St,8667,Grand Concourse & E 199 St,8703.0,40.86945,-73.89148,40.87142,-73.88839,casual,1
55,444819,CF8965144C748DAD,electric_bike,2021-06-07 22:27:22,2021-06-08 00:39:46,Marion Ave & Mosholu Pkwy,8699,Grand Concourse & E 199 St,8703.0,40.870495,-73.881875,40.87142,-73.88839,casual,1
56,444835,CE182368FE8D188B,electric_bike,2021-06-12 19:57:13,2021-06-12 20:04:17,Jerome Ave & W 193 St,8619,Grand Concourse & E 199 St,8703.0,40.86659,-73.89794,40.87142,-73.88839,casual,1
57,444903,04F2147D590FF866,electric_bike,2021-06-11 11:07:16,2021-06-11 11:19:45,Grand Concourse & E 199 St,8703,Grand Concourse & E 199 St,8703.0,40.87142,-73.88839,40.87142,-73.88839,casual,0
58,444945,0E6ED9CF9FAE617B,docked_bike,2021-06-06 20:41:29,2021-06-06 21:09:28,Grand Concourse & E 199 St,8703,Grand Concourse & E 199 St,8703.0,40.87142,-73.88839,40.87142,-73.88839,casual,0
59,445030,D2CD7FFE867CE5A9,classic_bike,2021-06-26 13:44:24,2021-06-26 13:44:26,Grand Concourse & E 199 St,8703,Grand Concourse & E 199 St,8703.0,40.87142,-73.88839,40.87142,-73.88839,member,0
60,445086,CD52D3DC021DE513,docked_bike,2021-06-07 01:33:25,2021-06-07 01:38:46,Marion Ave & Mosholu Pkwy,8699,Grand Concourse & E 199 St,8703.0,40.870495,-73.881875,40.87142,-73.88839,member,1
61,445097,D9E12EF534F9C301,electric_bike,2021-06-03 21:57:31,2021-06-03 22:45:23,Marion Ave & Mosholu Pkwy,8699,Grand Concourse & E 199 St,8703.0,40.870495,-73.881875,40.87142,-73.88839,casual,1
62,445131,59DC4E45675247A2,electric_bike,2021-06-04 15:34:32,2021-06-04 15:40:07,Jerome Ave & W 193 St,8619,Grand Concourse & E 199 St,8703.0,40.86659,-73.89794,40.87142,-73.88839,casual,1
63,445172,62B655DBA2351ECC,docked_bike,2021-06-13 16:33:18,2021-06-13 17:00:41,E Burnside Ave & Ryer Ave,8397,Grand Concourse & E 199 St,8703.0,40.850535,-73.901318,40.87142,-73.88839,member,1
64,445381,737C66C6230D34C0,electric_bike,2021-06-13 20:49:57,2021-06-13 21:37:17,Grand Ave & W Fordham Rd,8571,Grand Concourse & E 199 St,8703.0,40.86288,-73.90316,40.87142,-73.88839,casual,1
65,445420,E33D256CA79A7F3C,electric_bike,2021-06-12 17:26:36,2021-06-12 17:42:17,Jerome Ave & W Fordham Rd,8586,Grand Concourse & E 199 St,8703.0,40.86294,-73.90108,40.87142,-73.88839,member,1
66,445475,0E016EA30E699D83,electric_bike,2021-06-08 01:22:29,2021-06-08 01:27:41,Grand Ave & W Fordham Rd,8571,Grand Concourse & E 199 St,8703.0,40.86288,-73.90316,40.87142,-73.88839,casual,1
67,445492,0DC6D201CD6A0ADE,electric_bike,2021-06-09 22:23:47,2021-06-09 22:53:50,Ogden Ave & W 165 St,8149,Grand Concourse & E 199 St,8703.0,40.834457,-73.928381,40.87142,-73.88839,member,1
68,445815,88F86C5B319F06BB,electric_bike,2021-06-04 19:53:25,2021-06-04 20:04:11,Anthony Ave & E Tremont Ave,8356,Grand Concourse & E 199 St,8703.0,40.848793,-73.903178,40.87142,-73.88839,casual,1
69,445895,D16293EDF563CD7F,electric_bike,2021-06-04 09:01:52,2021-06-04 09:44:47,E 163 St & Union Ave,7970,Grand Concourse & E 199 St,8703.0,40.822545,-73.901824,40.87142,-73.88839,casual,1
70,446035,80CC2A41E3EF4660,electric_bike,2021-06-03 13:12:21,2021-06-03 13:50:24,Amsterdam Ave & W 125 St,7800,Grand Concourse & E 199 St,8703.0,40.813358,-73.956461,40.87142,-73.88839,casual,1
71,446324,AE9E186FF4618D89,electric_bike,2021-06-15 21:56:10,2021-06-15 22:03:06,Grand Concourse & E Mosholu Pkwy S,8795,Grand Concourse & E 199 St,8703.0,40.877964,-73.884755,40.87142,-73.88839,casual,1
72,446661,B8BFB49281489DC8,docked_bike,2021-06-12 12:48:04,2021-06-12 12:53:12,Goulden Ave & W 197 St,8707,Grand Concourse & E 199 St,8703.0,40.87156,-73.89714,40.87142,-73.88839,casual,1
73,446673,D940D05DDD1F513C,electric_bike,2021-06-15 20:48:03,2021-06-15 21:17:18,Crotona Park East & E 173 St,8182,Grand Concourse & E 199 St,8703.0,40.837037,-73.890413,40.87142,-73.88839,member,1
74,446703,FF3CAD00BA400CE3,classic_bike,2021-06-23 17:47:16,2021-06-23 17:56:00,Botanical Sq & Webster Ave,8646,Grand Concourse & E 199 St,8703.0,40.86814,-73.88145,40.87142,-73.88839,casual,1
75,446706,436811B92087E6C6,electric_bike,2021-06-30 01:49:30,2021-06-30 01:54:14,Botanical Sq & Webster Ave,8646,Grand Concourse & E 199 St,8703.0,40.86814,-73.88145,40.87142,-73.88839,casual,1
76,446712,DDCCB33431E180D0,electric_bike,2021-06-25 17:12:01,2021-06-25 17:39:18,Fort Washington Ave & W 173 St,8320,Grand Concourse & E 199 St,8703.0,40.84522,-73.940493,40.87142,-73.88839,member,1
77,446773,70BF84C5D4E8FE46,docked_bike,2021-06-12 02:13:25,2021-06-12 02:18:51,Jerome Ave & E Mosholu Parkway S,8795,Grand Concourse & E 199 St,8703.0,40.87935,-73.88534,40.87142,-73.88839,member,1
78,446898,68E0D83BAA25722A,docked_bike,2021-06-13 15:26:22,2021-06-13 16:10:58,Grand Concourse & E 199 St,8703,Grand Concourse & E 199 St,8703.0,40.87142,-73.88839,40.87142,-73.88839,casual,0
79,446925,CD09F91F2D8F884E,electric_bike,2021-06-04 19:06:50,2021-06-04 19:20:45,Grand Concourse & E 199 St,8703,Grand Concourse & E 199 St,8703.0,40.87142,-73.88839,40.87142,-73.88839,casual,0
80,447030,76D6461D5D108A0D,electric_bike,2021-06-20 03:53:59,2021-06-20 03:58:28,Botanical Sq & Webster Ave,8646,Grand Concourse & E 199 St,8703.0,40.86814,-73.88145,40.87142,-73.88839,member,1
81,447036,3FFDB4CEA4F8C194,electric_bike,2021-06-11 17:18:00,2021-06-11 17:22:54,Botanical Sq & Webster Ave,8646,Grand Concourse & E 199 St,8703.0,40.86814,-73.88145,40.87142,-73.88839,member,1
82,447061,06E6292EA91A89D5,electric_bike,2021-06-27 02:00:10,2021-06-27 02:23:59,Botanical Sq & Webster Ave,8646,Grand Concourse & E 199 St,8703.0,40.86814,-73.88145,40.87142,-73.88839,member,1
83,447160,0CA04B1D02708C80,electric_bike,2021-06-21 23:04:23,2021-06-21 23:29:47,Bedford Park Blvd & Paul Ave,8752,Grand Concourse & E 199 St,8703.0,40.87444,-73.89186,40.87142,-73.88839,casual,1
84,447174,138C6E234D5EE59C,electric_bike,2021-06-17 21:54:50,2021-06-17 22:37:57,W 113 St & Broadway,7713,Grand Concourse & E 199 St,8703.0,40.805973,-73.964928,40.87142,-73.88839,casual,1
85,447210,2FE5C247DC7ED34A,electric_bike,2021-06-30 19:50:31,2021-06-30 20:23:07,Jerome Ave & Bedford Park Blvd E,8734,Grand Concourse & E 199 St,8703.0,40.87307,-73.88971,40.87142,-73.88839,casual,1
86,447309,DDB951A1695E50CC,classic_bike,2021-06-30 12:01:30,2021-06-30 12:09:57,Jerome Ave & W 195 St,8653,Grand Concourse & E 199 St,8703.0,40.86874,-73.89657,40.87142,-73.88839,casual,1
87,447403,CA4AD626E6D85080,docked_bike,2021-06-07 07:59:12,2021-06-07 08:39:27,Grand Concourse & E 197 St,8667,Grand Concourse & E 199 St,8703.0,40.86945,-73.89148,40.87142,-73.88839,casual,1
88,447413,8452FFF4B79B262A,docked_bike,2021-06-08 13:49:07,2021-06-08 13:52:28,Grand Concourse & E 197 St,8667,Grand Concourse & E 199 St,8703.0,40.86945,-73.89148,40.87142,-73.88839,casual,1
89,447416,684D61B67B0563D2,electric_bike,2021-06-15 15:35:01,2021-06-15 15:37:46,Grand Concourse & E 197 St,8667,Grand Concourse & E 199 St,8703.0,40.86945,-73.89148,40.87142,-73.88839,casual,1
90,447426,743B7D3D1A5C3ACB,electric_bike,2021-06-10 19:23:26,2021-06-10 19:33:54,Walton Ave & E 183 St,8514,Grand Concourse & E 199 St,8703.0,40.858472,-73.90266,40.87142,-73.88839,casual,1
91,447449,CA141A3E7274389D,classic_bike,2021-06-29 20:36:30,2021-06-29 21:00:08,Grand Concourse & E 197 St,8667,Grand Concourse & E 199 St,8703.0,40.86945,-73.89148,40.87142,-73.88839,casual,1
92,447653,57FB27B9090AEC0F,electric_bike,2021-06-15 18:30:43,2021-06-15 18:40:19,W Mosholu Pkwy S & Sedgwick Ave,8841,Grand Concourse & E 199 St,8703.0,40.88226,-73.88702,40.87142,-73.88839,member,1
93,447683,EC832E75291C7FC7,docked_bike,2021-06-06 16:36:05,2021-06-06 16:48:50,Marion Ave & Mosholu Pkwy,8699,Grand Concourse & E 199 St,8703.0,40.870495,-73.881875,40.87142,-73.88839,member,1
94,447692,783C6DEA29C92F1C,docked_bike,2021-06-11 20:48:06,2021-06-11 21:05:37,Valentine Ave & E 183 St,8472,Grand Concourse & E 199 St,8703.0,40.856987,-73.898237,40.87142,-73.88839,member,1
95,447719,69453AA98496B824,electric_bike,2021-06-04 23:38:04,2021-06-04 23:49:55,Goulden Ave & Bedford Park Blvd W,8738,Grand Concourse & E 199 St,8703.0,40.87387,-73.89533,40.87142,-73.88839,member,1
96,448156,2B681F35B4984C5F,electric_bike,2021-06-22 18:04:07,2021-06-22 18:06:16,Grand Concourse & E 199 St,8703,Grand Concourse & E 199 St,8703.0,40.87142,-73.88839,40.87142,-73.88839,member,0
97,448159,0791748345ED6A29,electric_bike,2021-06-11 11:20:42,2021-06-11 11:20:44,Grand Concourse & E 199 St,8703,Grand Concourse & E 199 St,8703.0,40.87142,-73.88839,40.87142,-73.88839,casual,0
98,448165,DA89825918A2236A,electric_bike,2021-06-05 01:10:40,2021-06-05 01:45:19,Grand Concourse & E 199 St,8703,Grand Concourse & E 199 St,8703.0,40.87142,-73.88839,40.87142,-73.88839,casual,0
99,448167,BF0236E83B5DAB5D,electric_bike,2021-06-14 16:22:02,2021-06-14 18:49:43,Grand Concourse & E 199 St,8703,Grand Concourse & E 199 St,8703.0,40.87142,-73.88839,40.87142,-73.88839,member,0
100,448203,26F4E1EEB3D9DE3C,docked_bike,2021-06-13 14:30:39,2021-06-13 15:01:05,Grand Concourse & E 199 St,8703,Grand Concourse & E 199 St,8703.0,40.87142,-73.88839,40.87142,-73.88839,casual,0
101,448248,BEC3008EBC1B79EC,docked_bike,2021-06-12 14:48:32,2021-06-12 15:01:41,Grand Concourse & E 199 St,8703,Grand Concourse & E 199 St,8703.0,40.87142,-73.88839,40.87142,-73.88839,casual,0
102,448278,EED13DC0CAFA4117,electric_bike,2021-06-04 19:39:48,2021-06-04 19:40:04,Grand Concourse & E 199 St,8703,Grand Concourse & E 199 St,8703.0,40.87142,-73.88839,40.87142,-73.88839,member,0
103,448318,C5ED5A5191A62F62,electric_bike,2021-06-06 09:56:23,2021-06-06 09:57:00,Grand Concourse & E 199 St,8703,Grand Concourse & E 199 St,8703.0,40.87142,-73.88839,40.87142,-73.88839,casual,0
104,448331,5BA22CA04086BCBC,docked_bike,2021-06-14 15:44:13,2021-06-14 15:49:27,Goulden Ave & W 197 St,8707,Grand Concourse & E 199 St,8703.0,40.87156,-73.89714,40.87142,-73.88839,casual,1
105,448355,C5B340BE1E853709,electric_bike,2021-06-05 10:29:57,2021-06-05 10:31:27,Grand Concourse & E 199 St,8703,Grand Concourse & E 199 St,8703.0,40.87142,-73.88839,40.87142,-73.88839,member,0
106,448369,AAD24A59BF70239C,classic_bike,2021-06-24 20:23:01,2021-06-24 20:59:14,Grand Concourse & E 199 St,8703,Grand Concourse & E 199 St,8703.0,40.87142,-73.88839,40.87142,-73.88839,member,0
107,448371,DBF8055B3A1AD62A,electric_bike,2021-06-23 13:19:40,2021-06-23 13:47:40,Grand Concourse & E 199 St,8703,Grand Concourse & E 199 St,8703.0,40.87142,-73.88839,40.87142,-73.88839,member,0
108,448399,7C16B5528D99FEB5,docked_bike,2021-06-02 17:50:50,2021-06-02 17:50:55,Grand Concourse & E 199 St,8703,Grand Concourse & E 199 St,8703.0,40.87142,-73.88839,40.87142,-73.88839,member,0
109,448400,9A8A315D629DA627,docked_bike,2021-06-02 17:51:14,2021-06-02 17:51:16,Grand Concourse & E 199 St,8703,Grand Concourse & E 199 St,8703.0,40.87142,-73.88839,40.87142,-73.88839,member,0
110,448407,03B6A3FCA140E226,electric_bike,2021-06-30 20:41:17,2021-06-30 20:57:49,Grand Concourse & E 199 St,8703,Grand Concourse & E 199 St,8703.0,40.87142,-73.88839,40.87142,-73.88839,casual,0
111,448421,ABBBC689DBB065B8,docked_bike,2021-06-10 19:24:22,2021-06-10 19:31:45,Goulden Ave & W 197 St,8707,Grand Concourse & E 199 St,8703.0,40.87156,-73.89714,40.87142,-73.88839,casual,1
112,448530,E59EAC0B9BCFCA0F,electric_bike,2021-06-30 17:44:57,2021-06-30 17:57:18,Anthony Ave & E Tremont Ave,8356,Grand Concourse & E 199 St,8703.0,40.848793,-73.903178,40.87142,-73.88839,casual,1
113,448552,E8E18A65CEB652BF,electric_bike,2021-06-30 17:45:10,2021-06-30 17:57:46,Anthony Ave & E Tremont Ave,8356,Grand Concourse & E 199 St,8703.0,40.848793,-73.903178,40.87142,-73.88839,casual,1
114,448568,31274787D36B39D1,electric_bike,2021-06-20 17:06:01,2021-06-20 17:20:28,Featherbed Ln & Nelson Ave,8327,Grand Concourse & E 199 St,8703.0,40.846011,-73.919637,40.87142,-73.88839,casual,1
115,448618,31898BF0EC1E310E,electric_bike,2021-06-24 03:06:00,2021-06-24 03:11:28,Jerome Ave & E Mosholu Parkway S,8795,Grand Concourse & E 199 St,8703.0,40.87935,-73.88534,40.87142,-73.88839,member,1
116,448632,CA53E785F0BDD4A8,docked_bike,2021-06-10 10:33:10,2021-06-10 10:48:14,Jerome Ave & E Mosholu Parkway S,8795,Grand Concourse & E 199 St,8703.0,40.87935,-73.88534,40.87142,-73.88839,casual,1
117,448634,8C8EFAC06D81E9F8,electric_bike,2021-06-16 16:41:38,2021-06-16 18:27:02,Jerome Ave & E Mosholu Parkway S,8795,Grand Concourse & E 199 St,8703.0,40.87935,-73.88534,40.87142,-73.88839,casual,1
118,448847,6F76FBEF33974449,electric_bike,2021-06-19 07:20:43,2021-06-19 07:23:12,Decatur Ave & Bedford Park Blvd,8664,Grand Concourse & E 199 St,8703.0,40.86813,-73.88412,40.87142,-73.88839,member,1
119,449022,31E293A2D07BC98A,electric_bike,2021-06-22 12:19:19,2021-06-22 12:29:42,Grand Concourse & E 199 St,8703,Grand Concourse & E 199 St,8703.0,40.87142,-73.88839,40.87142,-73.88839,casual,0
120,449089,D62D6F1DC88CEFB1,electric_bike,2021-06-30 12:10:44,2021-06-30 12:32:23,Grand Concourse & E 199 St,8703,Grand Concourse & E 199 St,8703.0,40.87142,-73.88839,40.87142,-73.88839,casual,0
121,449319,73716B9FA3140E3D,electric_bike,2021-06-11 03:55:00,2021-06-11 04:04:19,Folin St & E 181 St,8435,Grand Concourse & E 199 St,8703.0,40.853929,-73.898385,40.87142,-73.88839,casual,1
122,449503,4EA9BE675C1E6445,electric_bike,2021-06-02 14:35:08,2021-06-02 14:50:08,E 170 St & Sheridan Ave,8194,Grand Concourse & E 199 St,8703.0,40.838315,-73.912604,40.87142,-73.88839,casual,1
123,449557,67EAB149C74B8C1C,docked_bike,2021-06-03 00:11:56,2021-06-03 00:21:47,Grand Ave & W Fordham Rd,8571,Grand Concourse & E 199 St,8703.0,40.86288,-73.90316,40.87142,-73.88839,casual,1
124,449657,246CAA6584D5FF28,electric_bike,2021-06-18 00:01:34,2021-06-18 00:07:34,Grand Ave & W Fordham Rd,8571,Grand Concourse & E 199 St,8703.0,40.86288,-73.90316,40.87142,-73.88839,casual,1
125,450131,E356E40CD9A33A81,docked_bike,2021-06-15 20:46:22,2021-06-15 21:22:42,Grand Concourse & E 196 St,8635,Grand Concourse & E 199 St,8703.0,40.86767,-73.89286,40.87142,-73.88839,casual,1
126,450505,2E0AB994FC2EEA80,docked_bike,2021-06-09 21:48:43,2021-06-09 22:05:14,Jerome Ave & E Mosholu Parkway S,8795,Grand Concourse & E 199 St,8703.0,40.87935,-73.88534,40.87142,-73.88839,member,1
127,450592,8CDD32CD1074D17B,electric_bike,2021-06-12 21:55:03,2021-06-12 22:26:17,Grand Concourse & E 164 St,8057,Grand Concourse & E 199 St,8703.0,40.829608,-73.921461,40.87142,-73.88839,casual,1
128,450853,F7C8D6866ABA3056,docked_bike,2021-06-09 17:54:18,2021-06-09 17:57:03,Grand Concourse & E 196 St,8635,Grand Concourse & E 199 St,8703.0,40.86767,-73.89286,40.87142,-73.88839,casual,1
129,450982,C9676B71E8193958,classic_bike,2021-06-30 01:45:27,2021-06-30 03:03:30,Allen St & Stanton St,5484,Grand Concourse & E 199 St,8703.0,40.722055,-73.989111,40.87142,-73.88839,casual,1
130,450990,65F352D200CF589F,electric_bike,2021-06-15 04:59:06,2021-06-15 05:01:26,Decatur Ave & Bedford Park Blvd,8664,Grand Concourse & E 199 St,8703.0,40.86813,-73.88412,40.87142,-73.88839,member,1
131,451082,F009E04F92D45722,docked_bike,2021-06-16 23:27:03,2021-06-16 23:35:42,E Fordham Rd & Webster Ave,8582,Grand Concourse & E 199 St,8703.0,40.861748,-73.89105,40.87142,-73.88839,casual,1
132,451105,5F40866175DA1CE8,electric_bike,2021-06-17 17:27:34,2021-06-17 17:37:22,E Fordham Rd & Webster Ave,8582,Grand Concourse & E 199 St,8703.0,40.861748,-73.89105,40.87142,-73.88839,casual,1
133,451112,4DDC6183097F4800,docked_bike,2021-06-18 02:46:40,2021-06-18 03:18:57,E Fordham Rd & Webster Ave,8582,Grand Concourse & E 199 St,8703.0,40.861748,-73.89105,40.87142,-73.88839,member,1
134,451137,DAB359B106216F26,electric_bike,2021-06-22 17:09:56,2021-06-22 17:16:28,E Fordham Rd & Webster Ave,8582,Grand Concourse & E 199 St,8703.0,40.861748,-73.89105,40.87142,-73.88839,casual,1
135,451140,6CC812C042619D06,electric_bike,2021-06-26 21:57:06,2021-06-26 22:12:21,E Fordham Rd & Webster Ave,8582,Grand Concourse & E 199 St,8703.0,40.861748,-73.89105,40.87142,-73.88839,casual,1
136,451157,8CA6E3E2BDD533E9,electric_bike,2021-06-14 20:31:03,2021-06-14 21:22:51,Grand Concourse & E 192 St,8601,Grand Concourse & E 199 St,8703.0,40.86448,-73.89522,40.87142,-73.88839,casual,1
137,451163,3FD88C134DAEFF37,classic_bike,2021-06-24 19:39:20,2021-06-24 20:22:50,E Fordham Rd & Webster Ave,8582,Grand Concourse & E 199 St,8703.0,40.861748,-73.89105,40.87142,-73.88839,member,1
138,451170,3DEDA13FDB589CC6,electric_bike,2021-06-29 12:16:37,2021-06-29 12:42:10,Westchester Ave & E 156 St,7891,Grand Concourse & E 199 St,8703.0,40.817802,-73.905203,40.87142,-73.88839,casual,1
139,451178,BBE3B369C0B6E35D,classic_bike,2021-06-24 09:51:49,2021-06-24 09:58:38,Grand Concourse & E 192 St,8601,Grand Concourse & E 199 St,8703.0,40.86448,-73.89522,40.87142,-73.88839,member,1
140,451209,F594EAB983FA38C7,electric_bike,2021-06-13 21:49:39,2021-06-14 01:21:47,Grand Concourse & E 192 St,8601,Grand Concourse & E 199 St,8703.0,40.86448,-73.89522,40.87142,-73.88839,casual,1
141,451221,11AB69FE878A15E5,electric_bike,2021-06-15 00:11:44,2021-06-15 00:17:27,Grand Ave & W Fordham Rd,8571,Grand Concourse & E 199 St,8703.0,40.86288,-73.90316,40.87142,-73.88839,casual,1
142,451242,50404867F8E2AC46,docked_bike,2021-06-08 20:45:01,2021-06-08 20:53:04,Grand Concourse & E 192 St,8601,Grand Concourse & E 199 St,8703.0,40.86448,-73.89522,40.87142,-73.88839,casual,1
143,451255,8FCA4BC302ADBF1A,electric_bike,2021-06-28 17:22:57,2021-06-28 17:27:43,Grand Concourse & E 192 St,8601,Grand Concourse & E 199 St,8703.0,40.86448,-73.89522,40.87142,-73.88839,casual,1
144,451270,D3416F977D906525,docked_bike,2021-06-19 10:03:32,2021-06-19 10:27:56,E Fordham Rd & Webster Ave,8582,Grand Concourse & E 199 St,8703.0,40.861748,-73.89105,40.87142,-73.88839,casual,1
145,451276,8256F75E1FE7C4A3,docked_bike,2021-06-19 13:57:49,2021-06-19 14:06:41,E Fordham Rd & Webster Ave,8582,Grand Concourse & E 199 St,8703.0,40.861748,-73.89105,40.87142,-73.88839,member,1
146,451293,A60E3F6A0947F01C,electric_bike,2021-06-27 16:05:02,2021-06-27 16:10:11,E Fordham Rd & Webster Ave,8582,Grand Concourse & E 199 St,8703.0,40.861748,-73.89105,40.87142,-73.88839,member,1
147,451295,514432A0611EFB19,electric_bike,2021-06-16 00:17:47,2021-06-16 00:22:41,E Fordham Rd & Webster Ave,8582,Grand Concourse & E 199 St,8703.0,40.861748,-73.89105,40.87142,-73.88839,casual,1
148,451320,1D938AA26D170533,docked_bike,2021-06-19 10:07:11,2021-06-19 10:27:41,E Fordham Rd & Webster Ave,8582,Grand Concourse & E 199 St,8703.0,40.861748,-73.89105,40.87142,-73.88839,casual,1
149,451484,FB4470CCD9F8631B,docked_bike,2021-06-16 22:23:20,2021-06-16 22:28:31,E Mosholu Pkwy & Van Cortlandt Ave E,8778,Grand Concourse & E 199 St,8703.0,40.87656,-73.88366,40.87142,-73.88839,casual,1
150,451952,A2C4AED0550A91F9,electric_bike,2021-06-12 01:11:25,2021-06-12 01:17:19,Goulden Ave & W 197 St,8707,Grand Concourse & E 199 St,8703.0,40.87156,-73.89714,40.87142,-73.88839,casual,1
151,452051,84674DCC27DD0E0D,docked_bike,2021-06-05 14:16:58,2021-06-05 14:25:33,Goulden Ave & W 197 St,8707,Grand Concourse & E 199 St,8703.0,40.87156,-73.89714,40.87142,-73.88839,member,1
152,452622,04CBAB6600EC98EF,electric_bike,2021-06-10 19:23:51,2021-06-10 20:32:41,Botanical Sq & Webster Ave,8646,Grand Concourse & E 199 St,8703.0,40.86814,-73.88145,40.87142,-73.88839,casual,1
153,452629,1B8229A04E4967D9,electric_bike,2021-06-11 14:47:01,2021-06-11 14:58:32,Botanical Sq & Webster Ave,8646,Grand Concourse & E 199 St,8703.0,40.86814,-73.88145,40.87142,-73.88839,casual,1
154,452690,9D706C682B5DC57F,electric_bike,2021-06-30 19:40:56,2021-06-30 19:44:10,Grand Concourse & E 196 St,8635,Grand Concourse & E 199 St,8703.0,40.86767,-73.89286,40.87142,-73.88839,casual,1
155,452770,7C5DA5E4A6C99344,electric_bike,2021-06-23 18:34:42,2021-06-23 18:38:42,Grand Concourse & E 196 St,8635,Grand Concourse & E 199 St,8703.0,40.86767,-73.89286,40.87142,-73.88839,casual,1
156,452800,2A415D6D7EEB2C90,classic_bike,2021-06-21 21:22:08,2021-06-21 21:33:37,Paul Ave & W 205 St,8782,Grand Concourse & E 199 St,8703.0,40.87704,-73.88943,40.87142,-73.88839,casual,1
157,453286,D8CF2F22DACBAFD2,electric_bike,2021-06-17 22:00:47,2021-06-17 22:37:42,Broadway & Moylan Pl,7823,Grand Concourse & E 199 St,8703.0,40.814325,-73.959025,40.87142,-73.88839,member,1
158,453464,95F3A263B6F4C660,electric_bike,2021-06-13 18:01:15,2021-06-13 18:26:37,Grand Concourse & E 166 St,8092,Grand Concourse & E 199 St,8703.0,40.83196,-73.91956,40.87142,-73.88839,casual,1
159,453589,CAF06E0C91623476,electric_bike,2021-06-21 10:19:44,2021-06-21 10:21:40,Grand Concourse & E 197 St,8667,Grand Concourse & E 199 St,8703.0,40.86945,-73.89148,40.87142,-73.88839,member,1
160,453597,D657A2830FD5E8CB,docked_bike,2021-06-13 17:15:41,2021-06-13 17:23:53,Grand Concourse & E 197 St,8667,Grand Concourse & E 199 St,8703.0,40.86945,-73.89148,40.87142,-73.88839,casual,1
161,453624,A4E741471400347F,electric_bike,2021-06-23 11:37:58,2021-06-23 11:40:19,Grand Concourse & E 197 St,8667,Grand Concourse & E 199 St,8703.0,40.86945,-73.89148,40.87142,-73.88839,member,1
162,453639,4CAD0C0273EA5DFC,electric_bike,2021-06-01 16:56:43,2021-06-01 17:28:35,3 Ave & E 169 St,8103,Grand Concourse & E 199 St,8703.0,40.832678,-73.905158,40.87142,-73.88839,member,1
163,453821,519F871C3B7091C6,electric_bike,2021-06-08 11:40:05,2021-06-08 11:44:54,Bainbridge Ave & E 193 St,8582,Grand Concourse & E 199 St,8703.0,40.86389,-73.89246,40.87142,-73.88839,casual,1
164,453851,B7E5583D57A48BEF,electric_bike,2021-06-13 18:41:57,2021-06-13 18:46:02,Paul Ave & W 205 St,8782,Grand Concourse & E 199 St,8703.0,40.87704,-73.88943,40.87142,-73.88839,member,1
165,453933,44A7F3440A31C966,electric_bike,2021-06-14 19:49:09,2021-06-14 20:26:09,Marion Ave & Mosholu Pkwy,8699,Grand Concourse & E 199 St,8703.0,40.870495,-73.881875,40.87142,-73.88839,casual,1
166,453939,786461E69BBD5382,electric_bike,2021-06-20 18:26:57,2021-06-20 18:35:54,Valentine Ave & E 183 St,8472,Grand Concourse & E 199 St,8703.0,40.856987,-73.898237,40.87142,-73.88839,casual,1
167,453940,CB459DCEEA24F892,electric_bike,2021-06-16 22:53:21,2021-06-16 22:55:51,Grand Concourse & E 197 St,8667,Grand Concourse & E 199 St,8703.0,40.86945,-73.89148,40.87142,-73.88839,casual,1
168,453947,C4418083FCECDB68,docked_bike,2021-06-10 07:42:58,2021-06-10 07:48:45,Grand Concourse & E 197 St,8667,Grand Concourse & E 199 St,8703.0,40.86945,-73.89148,40.87142,-73.88839,casual,1
169,453952,6AD377E00812FED4,docked_bike,2021-06-10 07:42:33,2021-06-10 07:50:23,Grand Concourse & E 197 St,8667,Grand Concourse & E 199 St,8703.0,40.86945,-73.89148,40.87142,-73.88839,casual,1
170,453960,DE1E67B0E6B3677C,electric_bike,2021-06-07 23:25:49,2021-06-08 00:40:01,Marion Ave & Mosholu Pkwy,8699,Grand Concourse & E 199 St,8703.0,40.870495,-73.881875,40.87142,-73.88839,casual,1
171,453966,238D5566F0440045,electric_bike,2021-06-02 21:42:01,2021-06-02 21:45:43,Marion Ave & Mosholu Pkwy,8699,Grand Concourse & E 199 St,8703.0,40.870495,-73.881875,40.87142,-73.88839,casual,1
172,454080,78A1F576140C1014,electric_bike,2021-06-05 14:34:59,2021-06-05 14:44:10,Valentine Ave & E 183 St,8472,Grand Concourse & E 199 St,8703.0,40.856987,-73.898237,40.87142,-73.88839,casual,1
173,454089,CA1C9C1EC532C70D,electric_bike,2021-06-22 00:20:12,2021-06-22 00:24:16,Grand Concourse & E 205 St,8766,Grand Concourse & E 199 St,8703.0,40.875531,-73.8863864831,40.87142,-73.88839,casual,1
174,454090,DFEEDECB73D42D1C,electric_bike,2021-06-30 19:46:53,2021-06-30 20:04:45,Grand Concourse & E 205 St,8766,Grand Concourse & E 199 St,8703.0,40.875531,-73.8863864831,40.87142,-73.88839,casual,1
175,454118,90AE538C40591B78,electric_bike,2021-06-04 08:31:32,2021-06-04 10:40:10,Lenox Ave & W 133 St,7790,Grand Concourse & E 199 St,8703.0,40.81296,-73.941878,40.87142,-73.88839,member,1
176,454122,21DFDFAE45052A0E,docked_bike,2021-06-27 22:49:58,2021-06-27 22:58:20,W Mosholu Pkwy S & Sedgwick Ave,8841,Grand Concourse & E 199 St,8703.0,40.88226,-73.88702,40.87142,-73.88839,casual,1
177,454188,AE2228A3102127AC,electric_bike,2021-06-27 22:51:01,2021-06-27 22:57:50,W Mosholu Pkwy S & Sedgwick Ave,8841,Grand Concourse & E 199 St,8703.0,40.88226,-73.88702,40.87142,-73.88839,member,1
178,454193,EA912BBDDB8D3937,electric_bike,2021-06-15 15:35:20,2021-06-15 15:38:26,Grand Concourse & E 197 St,8667,Grand Concourse & E 199 St,8703.0,40.86945,-73.89148,40.87142,-73.88839,casual,1
179,454197,8EADCEE564494A28,electric_bike,2021-06-27 00:59:18,2021-06-27 02:24:04,Grand Concourse & E 197 St,8667,Grand Concourse & E 199 St,8703.0,40.86945,-73.89148,40.87142,-73.88839,casual,1
180,454270,7177FBD933B1DB80,classic_bike,2021-06-25 23:51:47,2021-06-26 00:10:36,Grand Concourse & E 205 St,8766,Grand Concourse & E 199 St,8703.0,40.875531,-73.8863864831,40.87142,-73.88839,casual,1
181,454332,1B5AB95E9C7850A9,electric_bike,2021-06-08 15:19:53,2021-06-08 16:08:55,Grand Concourse & E 167 St,8126,Grand Concourse & E 199 St,8703.0,40.834263,-73.917641,40.87142,-73.88839,member,1
182,454381,77E163C8FA899659,electric_bike,2021-06-03 14:05:39,2021-06-03 15:02:09,Grand Concourse & E 203 St,8734,Grand Concourse & E 199 St,8703.0,40.87382,-73.88661,40.87142,-73.88839,casual,1
183,454446,D29BB338A410FB46,electric_bike,2021-06-16 16:23:18,2021-06-16 18:26:18,Grand Concourse & E 203 St,8734,Grand Concourse & E 199 St,8703.0,40.87382,-73.88661,40.87142,-73.88839,casual,1
184,454456,28F8C30F7E4918F6,docked_bike,2021-06-06 12:28:39,2021-06-06 15:41:44,Grand Concourse & E 197 St,8667,Grand Concourse & E 199 St,8703.0,40.86945,-73.89148,40.87142,-73.88839,casual,1
185,454487,FE3BA44648A5F3C0,electric_bike,2021-06-04 15:39:00,2021-06-04 16:02:16,Grand Concourse & E 203 St,8734,Grand Concourse & E 199 St,8703.0,40.87382,-73.88661,40.87142,-73.88839,casual,1
186,454667,A505DB6A35F1DBD5,electric_bike,2021-06-12 17:11:13,2021-06-12 17:21:05,Jerome Ave & E Mosholu Parkway S,8795,Grand Concourse & E 199 St,8703.0,40.87935,-73.88534,40.87142,-73.88839,casual,1
187,454675,E38B9EBAD40BBD16,classic_bike,2021-06-10 23:42:11,2021-06-10 23:47:15,Jerome Ave & E Mosholu Parkway S,8795,Grand Concourse & E 199 St,8703.0,40.87935,-73.88534,40.87142,-73.88839,member,1
188,455040,68AC3477A0BA6C5F,electric_bike,2021-06-15 16:37:01,2021-06-15 17:07:38,Grand Concourse & E 203 St,8734,Grand Concourse & E 199 St,8703.0,40.87382,-73.88661,40.87142,-73.88839,casual,1
189,455228,674C8B8384568F12,docked_bike,2021-06-06 13:04:35,2021-06-06 13:16:00,Bedford Park Blvd & Paul Ave,8752,Grand Concourse & E 199 St,8703.0,40.87444,-73.89186,40.87142,-73.88839,casual,1
190,455229,6EF04F0740C0CA6B,electric_bike,2021-06-05 11:01:58,2021-06-05 11:42:08,Bedford Park Blvd & Paul Ave,8752,Grand Concourse & E 199 St,8703.0,40.87444,-73.89186,40.87142,-73.88839,casual,1
191,455253,C2A3E7EF670C9B5C,docked_bike,2021-06-17 23:26:12,2021-06-17 23:37:50,Bedford Park Blvd & Paul Ave,8752,Grand Concourse & E 199 St,8703.0,40.87444,-73.89186,40.87142,-73.88839,casual,1
192,455284,DEF1F5CA9A76EAE8,classic_bike,2021-06-26 12:17:25,2021-06-26 12:20:10,Grand Concourse & E 205 St,8766,Grand Concourse & E 199 St,8703.0,40.875531,-73.8863864831,40.87142,-73.88839,casual,1
193,455667,BFCB360D44F83DC7,electric_bike,2021-06-05 19:19:23,2021-06-05 19:27:20,Valentine Ave & E 183 St,8472,Grand Concourse & E 199 St,8703.0,40.856987,-73.898237,40.87142,-73.88839,casual,1
194,456007,7AF3A35BF2A8332B,electric_bike,2021-06-01 16:34:44,2021-06-01 16:51:38,E Tremont Ave & E 176 St,8356,Grand Concourse & E 199 St,8703.0,40.847798,-73.901883,40.87142,-73.88839,member,1
195,456040,7E0DEF5379899B6C,electric_bike,2021-06-04 23:45:38,2021-06-04 23:50:01,Bedford Park Blvd & Paul Ave,8752,Grand Concourse & E 199 St,8703.0,40.87444,-73.89186,40.87142,-73.88839,member,1
196,456284,12509BDEF6E38197,electric_bike,2021-06-06 21:10:15,2021-06-06 21:56:58,E 161 St & River Ave,8041,Grand Concourse & E 199 St,8703.0,40.827883,-73.927111,40.87142,-73.88839,casual,1
197,456305,B48AE8B6C2166EA3,electric_bike,2021-06-26 05:10:08,2021-06-26 06:31:10,Grand Concourse & E 196 St,8635,Grand Concourse & E 199 St,8703.0,40.86767,-73.89286,40.87142,-73.88839,casual,1
198,456440,25B19E98761F9D42,docked_bike,2021-06-07 19:48:21,2021-06-07 20:17:28,Concourse Village West & E 156 St,7962,Grand Concourse & E 199 St,8703.0,40.823162,-73.923267,40.87142,-73.88839,casual,1
199,456592,05C2896C134EF924,electric_bike,2021-06-04 20:25:06,2021-06-04 20:36:58,Andrews Ave S & W 179 St,8483,Grand Concourse & E 199 St,8703.0,40.855156,-73.91278,40.87142,-73.88839,casual,1
200,456918,6B6E21922B88FBBB,electric_bike,2021-06-13 22:32:39,2021-06-13 23:23:35,E 138 St & Cypress Ave,7669,Grand Concourse & E 199 St,8703.0,40.805559,-73.914718,40.87142,-73.88839,casual,1
201,456921,9E233FEFE81A40D3,electric_bike,2021-06-20 21:02:54,2021-06-20 21:38:43,E 138 St & Cypress Ave,7669,Grand Concourse & E 199 St,8703.0,40.805559,-73.914718,40.87142,-73.88839,member,1
202,456981,25EFC41053034EBC,electric_bike,2021-06-16 17:43:51,2021-06-16 17:57:28,E Tremont Ave & E 176 St,8356,Grand Concourse & E 199 St,8703.0,40.847798,-73.901883,40.87142,-73.88839,member,1
203,457124,F58C4227E6CED85A,electric_bike,2021-06-07 10:03:43,2021-06-07 10:10:35,E Fordham Rd & Webster Ave,8582,Grand Concourse & E 199 St,8703.0,40.861748,-73.89105,40.87142,-73.88839,casual,1
204,457142,43CC79B6AA9B5163,electric_bike,2021-06-10 22:52:37,2021-06-11 02:21:03,E Fordham Rd & Webster Ave,8582,Grand Concourse & E 199 St,8703.0,40.861748,-73.89105,40.87142,-73.88839,casual,1
205,457180,26543B1C51C0AB43,classic_bike,2021-06-28 16:15:55,2021-06-28 16:28:27,E Fordham Rd & Webster Ave,8582,Grand Concourse & E 199 St,8703.0,40.861748,-73.89105,40.87142,-73.88839,casual,1
206,457224,582E43E0EF7F7938,docked_bike,2021-06-12 00:00:07,2021-06-12 00:15:58,E Fordham Rd & Webster Ave,8582,Grand Concourse & E 199 St,8703.0,40.861748,-73.89105,40.87142,-73.88839,casual,1
207,457231,6B28211E4D1AD02F,classic_bike,2021-06-22 08:31:42,2021-06-22 08:36:43,Grand Concourse & E 192 St,8601,Grand Concourse & E 199 St,8703.0,40.86448,-73.89522,40.87142,-73.88839,casual,1
208,457251,56A03F0F8D9C4E70,electric_bike,2021-06-22 12:38:39,2021-06-22 12:41:49,Grand Concourse & E 192 St,8601,Grand Concourse & E 199 St,8703.0,40.86448,-73.89522,40.87142,-73.88839,casual,1
209,457253,F4F6FCB53B3E2D5F,electric_bike,2021-06-07 14:26:33,2021-06-07 14:30:36,Grand Concourse & E 192 St,8601,Grand Concourse & E 199 St,8703.0,40.86448,-73.89522,40.87142,-73.88839,casual,1
210,457435,8DFD4C35ACBC215D,electric_bike,2021-06-23 00:34:52,2021-06-23 00:44:51,10 Ave & W 207 St,8613,Grand Concourse & E 199 St,8703.0,40.864632,-73.918598,40.87142,-73.88839,casual,1
211,457447,4A1986D36C3BFC26,classic_bike,2021-06-24 19:09:29,2021-06-24 19:27:33,10 Ave & W 207 St,8613,Grand Concourse & E 199 St,8703.0,40.864632,-73.918598,40.87142,-73.88839,casual,1
212,457586,E3CBB8A350F1E520,docked_bike,2021-06-06 18:58:43,2021-06-06 19:53:06,W 204 St & Vermilyea Ave,8632,Grand Concourse & E 199 St,8703.0,40.866141,-73.922648,40.87142,-73.88839,member,1
213,457764,F09C9DD6A389C77E,docked_bike,2021-06-20 08:47:46,2021-06-20 08:51:54,Decatur Ave & Bedford Park Blvd,8664,Grand Concourse & E 199 St,8703.0,40.86813,-73.88412,40.87142,-73.88839,member,1
214,457827,75F85A58C42211DD,docked_bike,2021-06-11 13:24:00,2021-06-11 13:32:19,Decatur Ave & Bedford Park Blvd,8664,Grand Concourse & E 199 St,8703.0,40.86813,-73.88412,40.87142,-73.88839,casual,1
215,457857,7A95818D0EEFC37F,electric_bike,2021-06-21 07:02:18,2021-06-21 07:04:53,Decatur Ave & Bedford Park Blvd,8664,Grand Concourse & E 199 St,8703.0,40.86813,-73.88412,40.87142,-73.88839,member,1
216,457867,A5522A415F8EBBA8,electric_bike,2021-06-26 06:00:25,2021-06-26 06:03:16,Decatur Ave & Bedford Park Blvd,8664,Grand Concourse & E 199 St,8703.0,40.86813,-73.88412,40.87142,-73.88839,member,1
217,457872,74C86EC65C31511D,docked_bike,2021-06-11 13:22:29,2021-06-11 13:32:21,Decatur Ave & Bedford Park Blvd,8664,Grand Concourse & E 199 St,8703.0,40.86813,-73.88412,40.87142,-73.88839,casual,1
218,457913,82F372298CE2AF6C,classic_bike,2021-06-23 17:30:45,2021-06-23 17:41:35,Decatur Ave & Bedford Park Blvd,8664,Grand Concourse & E 199 St,8703.0,40.86813,-73.88412,40.87142,-73.88839,casual,1
219,457995,7C57792D03A2F1B3,electric_bike,2021-06-10 14:11:41,2021-06-10 15:03:51,Columbus Ave & W 103 St,7595,Grand Concourse & E 199 St,8703.0,40.796934,-73.964341,40.87142,-73.88839,casual,1
220,458113,8891142B5FF4F4AF,classic_bike,2021-06-22 07:07:26,2021-06-22 07:11:47,E Mosholu Pkwy & Van Cortlandt Ave E,8778,Grand Concourse & E 199 St,8703.0,40.87656,-73.88366,40.87142,-73.88839,casual,1
221,458442,70FD120134126357,classic_bike,2021-06-30 15:41:09,2021-06-30 15:47:43,Paul Ave & Mosholu Pkwy,8811,Grand Concourse & E 199 St,8703.0,40.8802945,-73.8860653648,40.87142,-73.88839,casual,1
222,458503,CD35713C8F9AAF70,electric_bike,2021-06-29 17:34:50,2021-06-29 17:46:25,Paul Ave & Mosholu Pkwy,8811,Grand Concourse & E 199 St,8703.0,40.8802945,-73.8860653648,40.87142,-73.88839,casual,1
223,458963,3A5E58F10AFE6110,classic_bike,2021-06-23 17:25:50,2021-06-23 17:41:41,Decatur Ave & Bedford Park Blvd,8664,Grand Concourse & E 199 St,8703.0,40.86813,-73.88412,40.87142,-73.88839,casual,1
224,459615,50C86E200E230D19,electric_bike,2021-06-02 20:16:52,2021-06-02 20:55:28,Lenox Ave & W 111 St,7602,Grand Concourse & E 199 St,8703.0,40.798785,-73.9523,40.87142,-73.88839,member,1
225,459637,0BB6203DE2FDD38E,electric_bike,2021-06-03 16:24:12,2021-06-03 16:29:31,Grand Concourse & E 192 St,8601,Grand Concourse & E 199 St,8703.0,40.86448,-73.89522,40.87142,-73.88839,casual,1
226,459639,4B01A4F75D79F667,electric_bike,2021-06-30 21:52:38,2021-06-30 21:56:58,Grand Concourse & E 192 St,8601,Grand Concourse & E 199 St,8703.0,40.86448,-73.89522,40.87142,-73.88839,casual,1
227,459642,2E61AB3596473896,classic_bike,2021-06-30 20:51:43,2021-06-30 20:55:42,Goulden Ave & W 205 St,8799,Grand Concourse & E 199 St,8703.0,40.87812,-73.89192,40.87142,-73.88839,member,1
228,459696,1651B9B2F50EF41D,electric_bike,2021-06-12 22:34:24,2021-06-12 22:39:44,Goulden Ave & W 205 St,8799,Grand Concourse & E 199 St,8703.0,40.87812,-73.89192,40.87142,-73.88839,member,1
229,459748,1D9BCDEE5EBF1361,classic_bike,2021-06-26 01:56:46,2021-06-26 02:02:25,Goulden Ave & W 205 St,8799,Grand Concourse & E 199 St,8703.0,40.87812,-73.89192,40.87142,-73.88839,member,1
230,459936,EE38A3F2CE538F1C,docked_bike,2021-06-15 01:59:22,2021-06-15 02:05:26,Botanical Sq & Webster Ave,8646,Grand Concourse & E 199 St,8703.0,40.86814,-73.88145,40.87142,-73.88839,member,1
231,459952,7843AD2104B35098,electric_bike,2021-06-16 01:54:01,2021-06-16 01:58:08,Botanical Sq & Webster Ave,8646,Grand Concourse & E 199 St,8703.0,40.86814,-73.88145,40.87142,-73.88839,member,1
232,459978,0A52E6958D7A7112,classic_bike,2021-06-30 18:40:12,2021-06-30 18:57:50,Botanical Sq & Webster Ave,8646,Grand Concourse & E 199 St,8703.0,40.86814,-73.88145,40.87142,-73.88839,casual,1
233,459995,464206CC2A92BDC8,classic_bike,2021-06-23 18:45:23,2021-06-23 18:51:53,Botanical Sq & Webster Ave,8646,Grand Concourse & E 199 St,8703.0,40.86814,-73.88145,40.87142,-73.88839,member,1
234,459996,C52F621F9B863183,electric_bike,2021-06-10 19:21:01,2021-06-10 20:25:05,Botanical Sq & Webster Ave,8646,Grand Concourse & E 199 St,8703.0,40.86814,-73.88145,40.87142,-73.88839,casual,1
235,460039,5D806E3197D018A5,docked_bike,2021-06-17 19:51:05,2021-06-17 20:00:40,Botanical Sq & Webster Ave,8646,Grand Concourse & E 199 St,8703.0,40.86814,-73.88145,40.87142,-73.88839,casual,1
236,460042,8D448550997A7528,electric_bike,2021-06-27 02:06:40,2021-06-27 02:23:57,Botanical Sq & Webster Ave,8646,Grand Concourse & E 199 St,8703.0,40.86814,-73.88145,40.87142,-73.88839,member,1
237,460076,14C9B22CFF039546,electric_bike,2021-06-30 16:53:36,2021-06-30 17:18:44,3 Ave & E 172 St,8205,Grand Concourse & E 199 St,8703.0,40.839586,-73.900277,40.87142,-73.88839,casual,1
238,460268,6C66CB093B51C880,electric_bike,2021-06-11 15:30:10,2021-06-11 15:38:11,Jerome Ave & W Fordham Rd,8586,Grand Concourse & E 199 St,8703.0,40.86294,-73.90108,40.87142,-73.88839,member,1
239,460327,EA89F892477108CD,electric_bike,2021-06-05 13:28:10,2021-06-05 13:36:02,Jerome Ave & W Fordham Rd,8586,Grand Concourse & E 199 St,8703.0,40.86294,-73.90108,40.87142,-73.88839,casual,1
240,460340,1CA00B7B133E56EB,docked_bike,2021-06-01 20:47:07,2021-06-01 21:12:28,Jerome Ave & W Fordham Rd,8586,Grand Concourse & E 199 St,8703.0,40.86294,-73.90108,40.87142,-73.88839,casual,1
241,460363,3EFFB39711B52810,docked_bike,2021-06-20 18:34:43,2021-06-20 19:36:00,E 150 St & Gerard Ave,7906,Grand Concourse & E 199 St,8703.0,40.820089,-73.928947,40.87142,-73.88839,member,1
242,460398,865839411B469160,electric_bike,2021-06-04 17:13:36,2021-06-04 17:29:51,Isham St & Broadway,8665,Grand Concourse & E 199 St,8703.0,40.86788,-73.919685,40.87142,-73.88839,casual,1
243,461131,254AE02EA252F52A,electric_bike,2021-06-15 17:05:48,2021-06-15 17:34:14,3 Ave & E 169 St,8103,Grand Concourse & E 199 St,8703.0,40.832678,-73.905158,40.87142,-73.88839,member,1
244,461299,163FD7AB2C3140EB,electric_bike,2021-06-14 21:36:00,2021-06-14 21:40:10,Goulden Ave & W 205 St,8799,Grand Concourse & E 199 St,8703.0,40.87812,-73.89192,40.87142,-73.88839,member,1
245,461485,EA4CBA0DC3254DEB,electric_bike,2021-06-26 07:07:22,2021-06-26 07:50:52,Willis Ave & E 137 St,7726,Grand Concourse & E 199 St,8703.0,40.808384,-73.923604,40.87142,-73.88839,member,1
246,461532,3C49068E4A5211B3,electric_bike,2021-06-30 17:44:23,2021-06-30 17:57:30,Anthony Ave & E Tremont Ave,8356,Grand Concourse & E 199 St,8703.0,40.848793,-73.903178,40.87142,-73.88839,casual,1
247,461668,F6861F653F7C2C0F,electric_bike,2021-06-27 19:14:48,2021-06-27 19:18:30,Botanical Sq & Webster Ave,8646,Grand Concourse & E 199 St,8703.0,40.86814,-73.88145,40.87142,-73.88839,casual,1
248,461794,88841888E06988B6,electric_bike,2021-06-13 16:21:01,2021-06-13 16:35:09,Isham St & Broadway,8665,Grand Concourse & E 199 St,8703.0,40.86788,-73.919685,40.87142,-73.88839,casual,1
249,461983,749404403EC5B8E4,classic_bike,2021-06-26 23:46:33,2021-06-26 23:50:11,Goulden Ave & Bedford Park Blvd W,8738,Grand Concourse & E 199 St,8703.0,40.87387,-73.89533,40.87142,-73.88839,member,1
250,462030,7B48D833DEE245CC,electric_bike,2021-06-01 03:28:00,2021-06-01 04:08:28,Bedford Park Blvd & Paul Ave,8752,Grand Concourse & E 199 St,8703.0,40.87444,-73.89186,40.87142,-73.88839,casual,1
251,462032,B53820F24C862497,electric_bike,2021-06-25 16:14:28,2021-06-25 17:10:04,Bedford Park Blvd & Paul Ave,8752,Grand Concourse & E 199 St,8703.0,40.87444,-73.89186,40.87142,-73.88839,casual,1
252,462046,6B09CBBE9155C062,electric_bike,2021-06-11 17:18:09,2021-06-11 17:22:58,Botanical Sq & Webster Ave,8646,Grand Concourse & E 199 St,8703.0,40.86814,-73.88145,40.87142,-73.88839,member,1
253,462104,265FCD5A447C1692,electric_bike,2021-06-12 07:32:41,2021-06-12 08:01:21,2 Ave & E 122 St,7622,Grand Concourse & E 199 St,8703.0,40.800672,-73.9349,40.87142,-73.88839,member,1
254,462153,A87CC8F46CF170EA,electric_bike,2021-06-14 00:39:47,2021-06-14 01:03:59,E 142 St & 3 Ave,7781,Grand Concourse & E 199 St,8703.0,40.812735,-73.923697,40.87142,-73.88839,casual,1
255,462464,052B5DEFB28043FC,electric_bike,2021-06-15 19:39:33,2021-06-15 19:56:55,Amsterdam Ave & W 180 St,8353,Grand Concourse & E 199 St,8703.0,40.847396,-73.931205,40.87142,-73.88839,casual,1
256,462469,815D5F3271903094,electric_bike,2021-06-12 21:08:32,2021-06-12 22:04:49,1 Ave & E 16 St,5779,Grand Concourse & E 199 St,8703.0,40.732218,-73.981655,40.87142,-73.88839,member,1
257,462501,7015833F7A90999C,electric_bike,2021-06-27 07:43:16,2021-06-27 07:57:10,Jerome Ave & W 193 St,8619,Grand Concourse & E 199 St,8703.0,40.86659,-73.89794,40.87142,-73.88839,member,1
258,462632,CAC8A7CECB0EC3B2,electric_bike,2021-06-15 11:53:05,2021-06-15 11:56:39,Bainbridge Ave & Bedford Park Blvd,8682,Grand Concourse & E 199 St,8703.0,40.87002,-73.88565,40.87142,-73.88839,member,1
259,462670,7CD5A2980864CAE2,electric_bike,2021-06-27 14:30:31,2021-06-27 14:31:57,Bainbridge Ave & Bedford Park Blvd,8682,Grand Concourse & E 199 St,8703.0,40.87002,-73.88565,40.87142,-73.88839,member,1
260,462708,CD7073D218B4A48E,electric_bike,2021-06-25 12:40:12,2021-06-25 12:41:52,Bainbridge Ave & Bedford Park Blvd,8682,Grand Concourse & E 199 St,8703.0,40.87002,-73.88565,40.87142,-73.88839,member,1
261,462710,892FEF16CEAAFC14,electric_bike,2021-06-26 14:45:10,2021-06-26 14:46:37,Bainbridge Ave & Bedford Park Blvd,8682,Grand Concourse & E 199 St,8703.0,40.87002,-73.88565,40.87142,-73.88839,member,1
262,462764,7F9FE1688913A913,electric_bike,2021-06-12 15:00:25,2021-06-12 19:34:06,Bainbridge Ave & Bedford Park Blvd,8682,Grand Concourse & E 199 St,8703.0,40.87002,-73.88565,40.87142,-73.88839,casual,1
263,463518,52A443D3CC15641A,electric_bike,2021-06-20 20:08:47,2021-06-20 20:09:43,Grand Concourse & E 199 St,8703,Grand Concourse & E 199 St,8703.0,40.87142,-73.88839,40.87142,-73.88839,casual,0
264,463523,8A9CDE6BA4B15603,electric_bike,2021-06-14 23:41:55,2021-06-15 02:10:00,Grand Concourse & E 199 St,8703,Grand Concourse & E 199 St,8703.0,40.87142,-73.88839,40.87142,-73.88839,casual,0
265,463959,9441EE6DC295E1C3,classic_bike,2021-06-26 12:37:25,2021-06-26 13:17:40,Grand Concourse & E 199 St,8703,Grand Concourse & E 199 St,8703.0,40.87142,-73.88839,40.87142,-73.88839,casual,0
266,464004,F5DBC85BACD04D4D,electric_bike,2021-06-17 13:21:56,2021-06-17 13:47:46,Grand Concourse & E 199 St,8703,Grand Concourse & E 199 St,8703.0,40.87142,-73.88839,40.87142,-73.88839,member,0
267,464069,C5015AA9E3DAC201,classic_bike,2021-06-30 20:41:34,2021-06-30 20:41:36,Grand Concourse & E 199 St,8703,Grand Concourse & E 199 St,8703.0,40.87142,-73.88839,40.87142,-73.88839,casual,0
268,464070,B3082D7249A1E3FC,classic_bike,2021-06-30 20:41:55,2021-06-30 20:41:56,Grand Concourse & E 199 St,8703,Grand Concourse & E 199 St,8703.0,40.87142,-73.88839,40.87142,-73.88839,casual,0
269,464071,0433C63BC604B1C1,classic_bike,2021-06-30 20:41:15,2021-06-30 20:41:16,Grand Concourse & E 199 St,8703,Grand Concourse & E 199 St,8703.0,40.87142,-73.88839,40.87142,-73.88839,casual,0
270,464204,943FE8F510C44E03,electric_bike,2021-06-14 07:54:43,2021-06-14 07:58:06,E Mosholu Pkwy & Van Cortlandt Ave E,8778,Grand Concourse & E 199 St,8703.0,40.87656,-73.88366,40.87142,-73.88839,casual,1
271,464277,A5A4A3B6BE32F78E,electric_bike,2021-06-12 22:04:45,2021-06-12 22:27:25,Grand Concourse & E 171 St,8194,Grand Concourse & E 199 St,8703.0,40.839549,-73.913004,40.87142,-73.88839,casual,1
272,464439,85DCFD6DC4E7FC3C,electric_bike,2021-06-21 12:24:00,2021-06-21 12:25:38,Bainbridge Ave & Bedford Park Blvd,8682,Grand Concourse & E 199 St,8703.0,40.87002,-73.88565,40.87142,-73.88839,member,1
273,464440,485BD9453099D185,classic_bike,2021-06-19 12:05:39,2021-06-19 12:07:53,Bainbridge Ave & Bedford Park Blvd,8682,Grand Concourse & E 199 St,8703.0,40.87002,-73.88565,40.87142,-73.88839,member,1
274,464441,9CCA8317F05BF717,electric_bike,2021-06-30 16:32:45,2021-06-30 16:34:24,Bainbridge Ave & Bedford Park Blvd,8682,Grand Concourse & E 199 St,8703.0,40.87002,-73.88565,40.87142,-73.88839,member,1
275,464464,17BB0521B95F7439,electric_bike,2021-06-28 14:00:34,2021-06-28 14:02:06,Bainbridge Ave & Bedford Park Blvd,8682,Grand Concourse & E 199 St,8703.0,40.87002,-73.88565,40.87142,-73.88839,member,1
276,464705,5B8954FBBE7CF47D,electric_bike,2021-06-12 14:39:12,2021-06-12 14:42:46,Botanical Sq & Webster Ave,8646,Grand Concourse & E 199 St,8703.0,40.86814,-73.88145,40.87142,-73.88839,member,1
277,464819,F0376C1748FB81DE,electric_bike,2021-06-17 12:39:56,2021-06-17 13:17:04,St. Ann's Av & Bruckner Blvd,7657,Grand Concourse & E 199 St,8703.0,40.803399,-73.919763,40.87142,-73.88839,member,1
278,464834,F20EE31676394A49,electric_bike,2021-06-09 07:59:01,2021-06-09 08:06:19,E Fordham Rd & Webster Ave,8582,Grand Concourse & E 199 St,8703.0,40.861748,-73.89105,40.87142,-73.88839,casual,1
279,464991,CB59A3C93B78D4C1,electric_bike,2021-06-10 21:22:05,2021-06-10 22:03:21,Willow Ave & E 133 St,7626,Grand Concourse & E 199 St,8703.0,40.800933,-73.913863,40.87142,-73.88839,member,1
280,465025,8F15D5875B707246,classic_bike,2021-06-25 16:02:48,2021-06-25 16:12:42,Jerome Ave & W 193 St,8619,Grand Concourse & E 199 St,8703.0,40.86659,-73.89794,40.87142,-73.88839,casual,1
281,465081,486F17F985566E27,electric_bike,2021-06-29 14:23:44,2021-06-29 14:25:23,Bainbridge Ave & Bedford Park Blvd,8682,Grand Concourse & E 199 St,8703.0,40.87002,-73.88565,40.87142,-73.88839,member,1
282,465226,9FF099887D3822F7,electric_bike,2021-06-02 15:34:45,2021-06-02 15:48:47,Jerome Ave & E 181 St,8478,Grand Concourse & E 199 St,8703.0,40.855653,-73.905528,40.87142,-73.88839,casual,1
283,465285,35F3CCFEB9D3AAF4,electric_bike,2021-06-14 23:40:30,2021-06-15 02:09:57,Grand Concourse & E 199 St,8703,Grand Concourse & E 199 St,8703.0,40.87142,-73.88839,40.87142,-73.88839,casual,0
284,465392,2C33310F2572C1E1,docked_bike,2021-06-06 20:41:02,2021-06-06 21:09:53,Grand Concourse & E 199 St,8703,Grand Concourse & E 199 St,8703.0,40.87142,-73.88839,40.87142,-73.88839,casual,0
285,465393,522F6CA1D024FE31,electric_bike,2021-06-14 23:51:27,2021-06-15 00:11:52,Grand Concourse & E 199 St,8703,Grand Concourse & E 199 St,8703.0,40.87142,-73.88839,40.87142,-73.88839,member,0
286,465411,9484E7E42BD633D1,electric_bike,2021-06-01 06:27:57,2021-06-01 06:36:49,Jerome Ave & E 181 St,8478,Grand Concourse & E 199 St,8703.0,40.855653,-73.905528,40.87142,-73.88839,casual,1
287,465492,031B5DA18BFE4254,docked_bike,2021-06-14 21:15:43,2021-06-14 21:21:37,Paul Ave & W 205 St,8782,Grand Concourse & E 199 St,8703.0,40.87704,-73.88943,40.87142,-73.88839,casual,1
288,465496,C643309782EDBAF7,electric_bike,2021-06-24 20:00:31,2021-06-24 20:19:46,Paul Ave & W 205 St,8782,Grand Concourse & E 199 St,8703.0,40.87704,-73.88943,40.87142,-73.88839,casual,1
289,465601,BB0C3716E89868CD,electric_bike,2021-06-12 01:09:28,2021-06-12 01:21:20,Popham Ave & W 174 St,8348,Grand Concourse & E 199 St,8703.0,40.847746,-73.922079,40.87142,-73.88839,casual,1
290,465718,227B6AF76E84F755,electric_bike,2021-06-13 21:01:35,2021-06-14 00:19:59,Grand Concourse & E 199 St,8703,Grand Concourse & E 199 St,8703.0,40.87142,-73.88839,40.87142,-73.88839,casual,0
291,465757,71C4945EDAF78D46,electric_bike,2021-06-15 13:38:06,2021-06-15 13:42:45,E 188 St & Creston Ave,8566,Grand Concourse & E 199 St,8703.0,40.861669,-73.898589,40.87142,-73.88839,member,1
292,465783,2F37CDED8577D353,electric_bike,2021-06-14 11:37:53,2021-06-14 13:30:00,Grand Concourse & E 199 St,8703,Grand Concourse & E 199 St,8703.0,40.87142,-73.88839,40.87142,-73.88839,casual,0
293,465794,1983E3AD85C95F2B,electric_bike,2021-06-13 13:05:02,2021-06-13 13:08:56,Grand Concourse & E 199 St,8703,Grand Concourse & E 199 St,8703.0,40.87142,-73.88839,40.87142,-73.88839,member,0
294,465962,1EF3241C29EB7021,electric_bike,2021-06-05 14:34:12,2021-06-05 14:35:31,Grand Concourse & E 199 St,8703,Grand Concourse & E 199 St,8703.0,40.87142,-73.88839,40.87142,-73.88839,casual,0
295,465990,0A56D7F1C48B3308,electric_bike,2021-06-06 07:56:31,2021-06-06 08:54:11,Grand Concourse & E 199 St,8703,Grand Concourse & E 199 St,8703.0,40.87142,-73.88839,40.87142,-73.88839,casual,0
296,466142,6D93D3C4BEFD660A,classic_bike,2021-06-27 11:07:36,2021-06-27 11:17:08,Webb Ave & W 190 St,8624,Grand Concourse & E 199 St,8703.0,40.8660052,-73.904254892,40.87142,-73.88839,casual,1
297,466912,CE406BEF6A11C77D,electric_bike,2021-06-12 23:10:31,2021-06-12 23:39:09,River Ave & McClellan St,8111,Grand Concourse & E 199 St,8703.0,40.83406,-73.92243,40.87142,-73.88839,casual,1
298,503680,CC267CED6233BE6D,electric_bike,2021-06-06 14:19:05,2021-06-06 14:23:44,Grand Concourse & E 199 St,8703,Marion Ave & Mosholu Pkwy,8699.0,40.87142,-73.88839,40.8704956,-73.8818756582,casual,-1
299,503701,2A4EFA72F1DF5FEA,electric_bike,2021-06-02 12:41:21,2021-06-02 12:47:27,Grand Concourse & E 199 St,8703,Marion Ave & Mosholu Pkwy,8699.0,40.87142,-73.88839,40.8704956,-73.8818756582,casual,-1
300,503720,F438A783A5834C6B,docked_bike,2021-06-07 00:36:15,2021-06-07 00:40:31,Grand Concourse & E 199 St,8703,Marion Ave & Mosholu Pkwy,8699.0,40.87142,-73.88839,40.8704956,-73.8818756582,member,-1
301,503728,7AA1FD00B23F5EAC,docked_bike,2021-06-01 18:29:59,2021-06-01 18:59:12,Grand Concourse & E 199 St,8703,Marion Ave & Mosholu Pkwy,8699.0,40.87142,-73.88839,40.8704956,-73.8818756582,casual,-1
302,504509,18064FF8D9F7A1B3,electric_bike,2021-06-03 16:29:49,2021-06-03 16:48:16,Grand Concourse & E 199 St,8703,Marion Ave & Mosholu Pkwy,8699.0,40.87142,-73.88839,40.8704956,-73.8818756582,casual,-1
303,504518,5B982611C7D5014D,electric_bike,2021-06-20 04:45:03,2021-06-20 05:07:46,Grand Concourse & E 199 St,8703,Marion Ave & Mosholu Pkwy,8699.0,40.87142,-73.88839,40.8704956,-73.8818756582,member,-1
304,565964,6169683330285227,electric_bike,2021-06-13 22:06:46,2021-06-13 22:22:31,Grand Concourse & E 199 St,8703,Grand Concourse & E 164 St,8057.0,40.87142,-73.88839,40.829608,-73.921461,casual,-1
305,566358,5F63210C1460BAD3,electric_bike,2021-06-08 01:35:25,2021-06-08 01:54:22,Grand Concourse & E 199 St,8703,Grand Concourse & E 164 St,8057.0,40.87142,-73.88839,40.829608,-73.921461,casual,-1
306,577254,6A030DC5E6BC63A3,electric_bike,2021-06-02 15:27:58,2021-06-02 16:09:16,Grand Concourse & E 199 St,8703,Grant Ave & E 169 St,8141.0,40.87142,-73.88839,40.83579,-73.913741,casual,-1
307,577255,DF80428A6B56CCD6,electric_bike,2021-06-15 08:26:54,2021-06-15 08:45:06,Grand Concourse & E 199 St,8703,Grand Concourse & E 164 St,8057.0,40.87142,-73.88839,40.829608,-73.921461,casual,-1
308,577256,C78200188EBB80F0,electric_bike,2021-06-01 13:19:34,2021-06-01 13:39:12,Grand Concourse & E 199 St,8703,Grand Concourse & E 164 St,8057.0,40.87142,-73.88839,40.829608,-73.921461,member,-1
309,608645,131EFE2A61CA3E51,docked_bike,2021-06-14 18:07:22,2021-06-14 18:43:34,Grand Concourse & E 199 St,8703,Broadway & W 220 St,8715.0,40.87142,-73.88839,40.872412,-73.912807,member,-1
310,637002,9DCE6087C431DBDD,electric_bike,2021-06-12 09:01:09,2021-06-12 10:01:33,Grand Concourse & E 199 St,8703,E 138 St & Cypress Ave,7669.0,40.87142,-73.88839,40.805559,-73.914718,casual,-1
311,637034,1FDA3C8F75FFD2DC,electric_bike,2021-06-05 10:32:09,2021-06-05 11:14:26,Grand Concourse & E 199 St,8703,Adam Clayton Powell Blvd & W 115 St,7643.0,40.87142,-73.88839,40.802535,-73.9532423,member,-1
312,647353,5B4E574CE14A04A5,electric_bike,2021-06-15 15:14:12,2021-06-15 16:14:23,Grand Concourse & E 199 St,8703,Seaman Ave & Isham St,8665.0,40.87142,-73.88839,40.86989866194045,-73.92076313495636,member,-1
313,664213,3131B260F957ABAC,electric_bike,2021-06-30 10:29:53,2021-06-30 10:35:39,Grand Concourse & E 199 St,8703,Tiebout Ave & E Fordham Road,8546.0,40.87142,-73.88839,40.861915,-73.894831,member,-1
314,671416,5CD0BC2992396479,electric_bike,2021-06-10 16:16:21,2021-06-10 16:25:53,Grand Concourse & E 199 St,8703,Tiebout Ave & E Fordham Road,8546.0,40.87142,-73.88839,40.861915,-73.894831,casual,-1
315,732246,831FA22BDC1EC2EC,electric_bike,2021-06-02 13:37:21,2021-06-02 13:55:01,Grand Concourse & E 199 St,8703,Jerome Ave & E 181 St,8478.0,40.87142,-73.88839,40.855653,-73.905528,casual,-1
316,732280,ED6248E1ED7B260D,electric_bike,2021-06-02 13:37:38,2021-06-02 13:55:16,Grand Concourse & E 199 St,8703,Jerome Ave & E 181 St,8478.0,40.87142,-73.88839,40.855653,-73.905528,casual,-1
317,732294,C6A6AF09D51205EB,electric_bike,2021-06-21 14:15:15,2021-06-21 14:36:11,Grand Concourse & E 199 St,8703,Jerome Ave & E 181 St,8478.0,40.87142,-73.88839,40.855653,-73.905528,casual,-1
318,739446,57EECFFD4B1417A5,electric_bike,2021-06-02 20:56:17,2021-06-02 21:32:02,Grand Concourse & E 199 St,8703,Grand Concourse & E 156 St,7984.0,40.87142,-73.88839,40.823429,-73.924689,member,-1
319,764419,9D6F900279067A04,electric_bike,2021-06-27 10:57:48,2021-06-27 11:24:10,Grand Concourse & E 199 St,8703,Audobon Ave & W 179 St,8316.0,40.87142,-73.88839,40.847305,-73.933291,casual,-1
320,776267,47E782087FFE9392,electric_bike,2021-06-22 07:13:24,2021-06-22 07:17:11,Grand Concourse & E 199 St,8703,Paul Ave & W 205 St,8782.0,40.87142,-73.88839,40.87704,-73.88943,casual,-1
321,776999,34AAA658F9FDA5CA,electric_bike,2021-06-10 20:33:53,2021-06-10 21:32:29,Grand Concourse & E 199 St,8703,Paul Ave & W 205 St,8782.0,40.87142,-73.88839,40.87704,-73.88943,casual,-1
322,793843,C58E0E76BF8362E3,electric_bike,2021-06-17 20:01:06,2021-06-17 20:19:51,Grand Concourse & E 199 St,8703,Bainbridge Ave & E 193 St,8582.0,40.87142,-73.88839,40.86389,-73.89246,casual,-1
323,805922,D6D5BCA2CB9061F5,electric_bike,2021-06-17 22:39:28,2021-06-17 23:00:04,Grand Concourse & E 199 St,8703,Concourse Village West & E 156 St,7962.0,40.87142,-73.88839,40.823162,-73.923267,member,-1
324,805923,668DD9196B8F5601,electric_bike,2021-06-08 11:21:17,2021-06-08 11:27:08,Grand Concourse & E 199 St,8703,Bainbridge Ave & E 193 St,8582.0,40.87142,-73.88839,40.86389,-73.89246,casual,-1
325,812632,69311E1517063444,electric_bike,2021-06-30 19:45:53,2021-06-30 20:02:02,Grand Concourse & E 199 St,8703,W Mosholu Pkwy S & Sedgwick Ave,8841.0,40.87142,-73.88839,40.88226,-73.88702,casual,-1
326,824899,14B166BFFC77317B,electric_bike,2021-06-28 19:15:14,2021-06-28 20:09:20,Grand Concourse & E 199 St,8703,W Mosholu Pkwy S & Sedgwick Ave,8841.0,40.87142,-73.88839,40.88226,-73.88702,member,-1
327,824917,F33EAB17D81AF4EA,classic_bike,2021-06-12 15:10:43,2021-06-12 15:17:38,Grand Concourse & E 199 St,8703,W Mosholu Pkwy S & Sedgwick Ave,8841.0,40.87142,-73.88839,40.88226,-73.88702,casual,-1
328,832015,DB007B94C4EA54E3,electric_bike,2021-06-15 17:38:39,2021-06-15 17:55:04,Grand Concourse & E 199 St,8703,W Mosholu Pkwy S & Sedgwick Ave,8841.0,40.87142,-73.88839,40.88226,-73.88702,member,-1
329,841488,E2FDDDB52FE52A65,electric_bike,2021-06-25 21:25:32,2021-06-25 22:28:31,Grand Concourse & E 199 St,8703,Lenox Ave & W 144 St,7910.0,40.87142,-73.88839,40.819783,-73.936521,casual,-1
330,841529,CE8D036B8751A335,electric_bike,2021-06-05 16:41:00,2021-06-05 17:18:54,Grand Concourse & E 199 St,8703,E 174 St & Longfellow Ave,8144.0,40.87142,-73.88839,40.836274,-73.884308,casual,-1
331,845673,C1AC37E2748DE435,electric_bike,2021-06-04 12:45:49,2021-06-04 13:07:21,Grand Concourse & E 199 St,8703,Westchester Ave & Longwood Ave,7909.0,40.87142,-73.88839,40.819701,-73.901311,casual,-1
332,845699,6B90B9A1B026C339,electric_bike,2021-06-25 21:24:18,2021-06-25 22:31:19,Grand Concourse & E 199 St,8703,Lenox Ave & W 144 St,7910.0,40.87142,-73.88839,40.819783,-73.936521,casual,-1
333,845701,7BAE2C88C8526BB7,electric_bike,2021-06-05 14:35:57,2021-06-05 15:07:50,Grand Concourse & E 199 St,8703,Westchester Ave & Longwood Ave,7909.0,40.87142,-73.88839,40.819701,-73.901311,casual,-1
334,845712,F01FA14054871902,electric_bike,2021-06-23 07:48:02,2021-06-23 08:07:19,Grand Concourse & E 199 St,8703,E 174 St & Longfellow Ave,8144.0,40.87142,-73.88839,40.836274,-73.884308,member,-1
335,849459,AF24F475CA3C210D,electric_bike,2021-06-21 07:38:03,2021-06-21 07:51:52,Grand Concourse & E 199 St,8703,E 174 St & Longfellow Ave,8144.0,40.87142,-73.88839,40.836274,-73.884308,member,-1
336,915183,25407847FE71520B,docked_bike,2021-06-11 22:48:28,2021-06-11 23:49:50,Grand Concourse & E 199 St,8703,Willis Ave & E 137 St,7726.0,40.87142,-73.88839,40.808384,-73.923604,member,-1
337,972961,B747136E1269EA03,electric_bike,2021-06-05 00:17:24,2021-06-05 20:49:07,Grand Concourse & E 199 St,8703,W 186 St & St. Nicholas Ave,8416.0,40.87142,-73.88839,40.852253,-73.931308,casual,-1
338,981730,8F54A7112D8D61B3,docked_bike,2021-06-01 14:07:13,2021-06-01 14:38:59,Grand Concourse & E 199 St,8703,Folin St & E 181 St,8435.0,40.87142,-73.88839,40.853929,-73.898385,casual,-1
339,987542,C611AB9262204771,electric_bike,2021-06-24 22:20:19,2021-06-24 22:39:02,Grand Concourse & E 199 St,8703,Grand Concourse & E 175 St,8303.0,40.87142,-73.88839,40.846221,-73.909232,member,-1
340,998325,4C884362AFDAA8BD,electric_bike,2021-06-09 01:43:24,2021-06-09 02:06:39,Grand Concourse & E 199 St,8703,Folin St & E 181 St,8435.0,40.87142,-73.88839,40.853929,-73.898385,casual,-1
341,1023912,94A2863D7F2D2C8C,docked_bike,2021-06-13 15:51:47,2021-06-13 16:03:13,Grand Concourse & E 199 St,8703,Jerome Ave & W 193 St,8619.0,40.87142,-73.88839,40.86659,-73.89794,casual,-1
342,1035763,B2BFFE56AE595433,electric_bike,2021-06-27 02:24:45,2021-06-27 02:41:44,Grand Concourse & E 199 St,8703,Bainbridge Ave & Bedford Park Blvd,8682.0,40.87142,-73.88839,40.87002,-73.88565,member,-1
343,1044543,2050CBE433C10572,classic_bike,2021-06-28 21:54:00,2021-06-28 21:56:48,Grand Concourse & E 199 St,8703,Bainbridge Ave & Bedford Park Blvd,8682.0,40.87142,-73.88839,40.87002,-73.88565,member,-1
344,1044544,6592AAF419A26535,classic_bike,2021-06-17 21:40:09,2021-06-17 21:42:40,Grand Concourse & E 199 St,8703,Bainbridge Ave & Bedford Park Blvd,8682.0,40.87142,-73.88839,40.87002,-73.88565,member,-1
345,1044631,967AF926CF573D06,docked_bike,2021-06-11 15:08:32,2021-06-11 15:16:50,Grand Concourse & E 199 St,8703,Bainbridge Ave & Bedford Park Blvd,8682.0,40.87142,-73.88839,40.87002,-73.88565,casual,-1
346,1044654,05D742B6044666BE,electric_bike,2021-06-11 15:01:34,2021-06-11 17:27:54,Grand Concourse & E 199 St,8703,Bainbridge Ave & Bedford Park Blvd,8682.0,40.87142,-73.88839,40.87002,-73.88565,member,-1
347,1044663,51207C40A81C229C,docked_bike,2021-06-11 15:04:17,2021-06-11 15:15:39,Grand Concourse & E 199 St,8703,Bainbridge Ave & Bedford Park Blvd,8682.0,40.87142,-73.88839,40.87002,-73.88565,casual,-1
348,1044715,C8EF0E872862C8F7,docked_bike,2021-06-17 01:43:17,2021-06-17 01:45:09,Grand Concourse & E 199 St,8703,Bainbridge Ave & Bedford Park Blvd,8682.0,40.87142,-73.88839,40.87002,-73.88565,member,-1
349,1047450,442A953FABB1E976,classic_bike,2021-06-24 22:44:21,2021-06-24 22:55:07,Grand Concourse & E 199 St,8703,Bainbridge Ave & Bedford Park Blvd,8682.0,40.87142,-73.88839,40.87002,-73.88565,member,-1
350,1054985,72FE9902C7619D5C,electric_bike,2021-06-19 21:21:33,2021-06-19 21:23:46,Grand Concourse & E 199 St,8703,Bainbridge Ave & Bedford Park Blvd,8682.0,40.87142,-73.88839,40.87002,-73.88565,member,-1
351,1054993,F66BD36A004FC35D,electric_bike,2021-06-26 23:06:34,2021-06-26 23:08:29,Grand Concourse & E 199 St,8703,Bainbridge Ave & Bedford Park Blvd,8682.0,40.87142,-73.88839,40.87002,-73.88565,member,-1
352,1055001,2759F46A9ECE8327,electric_bike,2021-06-29 20:51:49,2021-06-29 20:54:14,Grand Concourse & E 199 St,8703,Bainbridge Ave & Bedford Park Blvd,8682.0,40.87142,-73.88839,40.87002,-73.88565,member,-1
353,1055032,A413FFDF2EFA7FF3,electric_bike,2021-06-30 21:38:54,2021-06-30 21:40:51,Grand Concourse & E 199 St,8703,Bainbridge Ave & Bedford Park Blvd,8682.0,40.87142,-73.88839,40.87002,-73.88565,member,-1
354,1055864,8F1BD234ADB3A9CA,electric_bike,2021-06-15 08:44:33,2021-06-15 10:13:45,Grand Concourse & E 199 St,8703,Bainbridge Ave & Bedford Park Blvd,8682.0,40.87142,-73.88839,40.87002,-73.88565,casual,-1
355,1068729,B7CF35A3382A67EB,classic_bike,2021-06-15 20:15:29,2021-06-15 20:18:49,Grand Concourse & E 199 St,8703,Bainbridge Ave & Bedford Park Blvd,8682.0,40.87142,-73.88839,40.87002,-73.88565,member,-1
356,1068734,4386DF28201CFB23,classic_bike,2021-06-23 21:55:28,2021-06-23 21:57:32,Grand Concourse & E 199 St,8703,Bainbridge Ave & Bedford Park Blvd,8682.0,40.87142,-73.88839,40.87002,-73.88565,member,-1
357,1068743,383D3F258470E4BF,electric_bike,2021-06-27 02:25:01,2021-06-27 02:42:08,Grand Concourse & E 199 St,8703,Bainbridge Ave & Bedford Park Blvd,8682.0,40.87142,-73.88839,40.87002,-73.88565,member,-1
358,1068744,6A5E031E8E872352,electric_bike,2021-06-29 13:33:55,2021-06-29 13:35:50,Grand Concourse & E 199 St,8703,Bainbridge Ave & Bedford Park Blvd,8682.0,40.87142,-73.88839,40.87002,-73.88565,member,-1
359,1075832,FE7C6B074A03AA13,electric_bike,2021-06-13 14:10:40,2021-06-13 14:24:01,Grand Concourse & E 199 St,8703,Botanical Sq & Webster Ave,8646.0,40.87142,-73.88839,40.86814,-73.88145,casual,-1
360,1075846,42173FE18F6FD889,electric_bike,2021-06-23 18:40:32,2021-06-23 19:50:57,Grand Concourse & E 199 St,8703,Botanical Sq & Webster Ave,8646.0,40.87142,-73.88839,40.86814,-73.88145,casual,-1
361,1075851,438A1BFC0B9C6088,classic_bike,2021-06-20 02:29:20,2021-06-20 02:33:09,Grand Concourse & E 199 St,8703,Botanical Sq & Webster Ave,8646.0,40.87142,-73.88839,40.86814,-73.88145,member,-1
362,1075867,920F11BF10657365,classic_bike,2021-06-28 09:28:42,2021-06-28 09:32:39,Grand Concourse & E 199 St,8703,Botanical Sq & Webster Ave,8646.0,40.87142,-73.88839,40.86814,-73.88145,casual,-1
363,1087668,1EF992138F445B5C,docked_bike,2021-06-19 20:02:33,2021-06-19 20:53:52,Grand Concourse & E 199 St,8703,Botanical Sq & Webster Ave,8646.0,40.87142,-73.88839,40.86814,-73.88145,casual,-1
364,1087829,8B9F6FC61B6CACC4,electric_bike,2021-06-13 14:11:35,2021-06-13 14:25:50,Grand Concourse & E 199 St,8703,Botanical Sq & Webster Ave,8646.0,40.87142,-73.88839,40.86814,-73.88145,casual,-1
365,1087864,B517108F1F468B19,docked_bike,2021-06-10 21:56:22,2021-06-10 22:25:13,Grand Concourse & E 199 St,8703,Botanical Sq & Webster Ave,8646.0,40.87142,-73.88839,40.86814,-73.88145,casual,-1
366,1088900,83BBEA80294915FB,classic_bike,2021-06-21 16:33:25,2021-06-21 16:37:10,Grand Concourse & E 199 St,8703,Botanical Sq & Webster Ave,8646.0,40.87142,-73.88839,40.86814,-73.88145,member,-1
367,1088922,85651CB93E6DC83B,docked_bike,2021-06-16 00:28:02,2021-06-16 00:31:58,Grand Concourse & E 199 St,8703,Botanical Sq & Webster Ave,8646.0,40.87142,-73.88839,40.86814,-73.88145,member,-1
368,1089101,53CBB71D33EFDF35,electric_bike,2021-06-13 03:50:32,2021-06-13 04:08:41,Grand Concourse & E 199 St,8703,Southern Blvd & E 174 St,8163.0,40.87142,-73.88839,40.836733,-73.887931,casual,-1
369,1089658,32660008419714C8,docked_bike,2021-06-09 15:20:01,2021-06-09 15:26:03,Grand Concourse & E 199 St,8703,Botanical Sq & Webster Ave,8646.0,40.87142,-73.88839,40.86814,-73.88145,member,-1
370,1096243,F1C7286D0A09AD9B,electric_bike,2021-06-13 03:50:04,2021-06-13 04:08:47,Grand Concourse & E 199 St,8703,Southern Blvd & E 174 St,8163.0,40.87142,-73.88839,40.836733,-73.887931,casual,-1
371,1096256,15934DB3A5E8282E,docked_bike,2021-06-13 14:12:13,2021-06-13 14:23:52,Grand Concourse & E 199 St,8703,Botanical Sq & Webster Ave,8646.0,40.87142,-73.88839,40.86814,-73.88145,member,-1
372,1096263,5AF4BC8017331212,docked_bike,2021-06-15 01:14:35,2021-06-15 01:24:35,Grand Concourse & E 199 St,8703,Botanical Sq & Webster Ave,8646.0,40.87142,-73.88839,40.86814,-73.88145,member,-1
373,1096274,98C3544770045A99,classic_bike,2021-06-23 19:57:16,2021-06-23 20:01:20,Grand Concourse & E 199 St,8703,Botanical Sq & Webster Ave,8646.0,40.87142,-73.88839,40.86814,-73.88145,member,-1
374,1104950,ECB41B7C868E8599,classic_bike,2021-06-22 19:29:48,2021-06-22 19:35:06,Grand Concourse & E 199 St,8703,Botanical Sq & Webster Ave,8646.0,40.87142,-73.88839,40.86814,-73.88145,casual,-1
375,1110572,DBFD3049B79A7B10,electric_bike,2021-06-22 19:28:17,2021-06-22 19:35:05,Grand Concourse & E 199 St,8703,Botanical Sq & Webster Ave,8646.0,40.87142,-73.88839,40.86814,-73.88145,casual,-1
376,1124348,4529926DFFF128FC,electric_bike,2021-06-30 19:54:28,2021-06-30 20:31:03,Grand Concourse & E 199 St,8703,Sherman Ave & E 166 St,8072.0,40.87142,-73.88839,40.83130549267296,-73.91744792461395,casual,-1
377,1124460,57F18E7CB96FE85A,electric_bike,2021-06-02 21:46:50,2021-06-02 22:12:37,Grand Concourse & E 199 St,8703,Amsterdam Ave & W 183 St,8353.0,40.87142,-73.88839,40.84925,-73.93022,casual,-1
378,1129259,E92A21B1F4BB9610,electric_bike,2021-06-17 13:48:28,2021-06-17 14:16:45,Grand Concourse & E 199 St,8703,St Mary's St & Jackson Ave,7737.0,40.87142,-73.88839,40.808891,-73.91081,member,-1
379,1148627,46F9888104DAB377,electric_bike,2021-06-16 18:41:29,2021-06-16 18:44:29,Grand Concourse & E 199 St,8703,Grand Concourse & E Mosholu Pkwy S,8795.0,40.87142,-73.88839,40.877964,-73.8847550291,casual,-1
380,1148649,B8BB1DE1A9B47136,electric_bike,2021-06-15 12:31:25,2021-06-15 12:35:13,Grand Concourse & E 199 St,8703,Grand Concourse & E Mosholu Pkwy S,8795.0,40.87142,-73.88839,40.877964,-73.8847550291,casual,-1
381,1148650,A47B7D25E8AE3D84,docked_bike,2021-06-12 03:14:48,2021-06-12 03:23:24,Grand Concourse & E 199 St,8703,Grand Concourse & E Mosholu Pkwy S,8795.0,40.87142,-73.88839,40.877964,-73.8847550291,member,-1
382,1148665,456D0C0E662EA0C1,electric_bike,2021-06-17 11:46:41,2021-06-17 12:08:00,Grand Concourse & E 199 St,8703,Amsterdam Ave & W 186 St,8394.0,40.87142,-73.88839,40.851113,-73.928808,casual,-1
383,1158978,56D4DE03D6FDC52A,classic_bike,2021-06-25 09:18:53,2021-06-25 09:23:12,Grand Concourse & E 199 St,8703,Grand Concourse & E Mosholu Pkwy S,8795.0,40.87142,-73.88839,40.877964,-73.8847550291,casual,-1
384,1159013,57515277ED843153,electric_bike,2021-06-23 09:27:20,2021-06-23 09:31:17,Grand Concourse & E 199 St,8703,Grand Concourse & E Mosholu Pkwy S,8795.0,40.87142,-73.88839,40.877964,-73.8847550291,casual,-1
385,1180781,38A7883ECCF07A01,docked_bike,2021-06-10 21:39:32,2021-06-10 22:43:21,Grand Concourse & E 199 St,8703,W Fordham Rd & Loring Pl N,8590.0,40.87142,-73.88839,40.86295,-73.90741,casual,-1
386,1180788,F5950290BD86FE7D,electric_bike,2021-06-12 23:04:36,2021-06-12 23:24:54,Grand Concourse & E 199 St,8703,Andrews Ave S & W 179 St,8483.0,40.87142,-73.88839,40.855156,-73.91278,casual,-1
387,1210142,B1405577CCD826C8,docked_bike,2021-06-07 08:32:44,2021-06-07 08:50:34,Grand Concourse & E 199 St,8703,E 188 St & Creston Ave,8566.0,40.87142,-73.88839,40.861669,-73.898589,member,-1
388,1210518,A46DED3C0438CA10,electric_bike,2021-06-15 01:20:15,2021-06-15 01:26:33,Grand Concourse & E 199 St,8703,E 188 St & Creston Ave,8566.0,40.87142,-73.88839,40.861669,-73.898589,member,-1
389,1215987,6E166E1405509909,electric_bike,2021-06-27 18:29:28,2021-06-27 18:35:35,Grand Concourse & E 199 St,8703,E 188 St & Creston Ave,8566.0,40.87142,-73.88839,40.861669,-73.898589,member,-1
390,1244562,1BD5F1CB23B5F57A,electric_bike,2021-06-17 22:41:28,2021-06-17 22:59:25,Grand Concourse & E 199 St,8703,E 188 St & Creston Ave,8566.0,40.87142,-73.88839,40.861669,-73.898589,casual,-1
391,1247811,E905FAA836C320FA,electric_bike,2021-06-12 14:28:25,2021-06-12 14:35:19,Grand Concourse & E 199 St,8703,E 188 St & Creston Ave,8566.0,40.87142,-73.88839,40.861669,-73.898589,member,-1
392,1251422,FA6392602E7A31F7,electric_bike,2021-06-11 16:50:12,2021-06-11 17:03:15,Grand Concourse & E 199 St,8703,E 188 St & Creston Ave,8566.0,40.87142,-73.88839,40.861669,-73.898589,casual,-1
393,1337095,1AB0372329518291,docked_bike,2021-06-11 16:52:44,2021-06-11 17:11:34,Grand Concourse & E 199 St,8703,E Fordham Rd & Webster Ave,8582.0,40.87142,-73.88839,40.861748,-73.89105,casual,-1
394,1337106,9515241B7F216A5B,electric_bike,2021-06-15 20:13:28,2021-06-15 20:20:26,Grand Concourse & E 199 St,8703,E Fordham Rd & Webster Ave,8582.0,40.87142,-73.88839,40.861748,-73.89105,casual,-1
395,1352829,C8FA5DB7F5156B41,classic_bike,2021-06-25 16:21:02,2021-06-25 16:27:39,Grand Concourse & E 199 St,8703,E Fordham Rd & Webster Ave,8582.0,40.87142,-73.88839,40.861748,-73.89105,casual,-1
396,1352830,27650BC815D27A90,electric_bike,2021-06-15 17:39:09,2021-06-15 18:16:43,Grand Concourse & E 199 St,8703,River Ave & E 153 St,8005.0,40.87142,-73.88839,40.82441,-73.92818,casual,-1
397,1352867,B24FFD1AFAA09693,electric_bike,2021-06-25 18:43:44,2021-06-25 18:52:45,Grand Concourse & E 199 St,8703,E Fordham Rd & Webster Ave,8582.0,40.87142,-73.88839,40.861748,-73.89105,casual,-1
398,1352883,11B65A206CAA64FD,electric_bike,2021-06-15 18:54:52,2021-06-15 19:05:12,Grand Concourse & E 199 St,8703,E Fordham Rd & Webster Ave,8582.0,40.87142,-73.88839,40.861748,-73.89105,casual,-1
399,1353657,12766A627CBF6DCA,electric_bike,2021-06-07 14:58:41,2021-06-07 15:05:59,Grand Concourse & E 199 St,8703,E Fordham Rd & Webster Ave,8582.0,40.87142,-73.88839,40.861748,-73.89105,casual,-1
400,1353667,3DF1885A46E93522,electric_bike,2021-06-11 14:43:24,2021-06-11 14:50:07,Grand Concourse & E 199 St,8703,E Fordham Rd & Webster Ave,8582.0,40.87142,-73.88839,40.861748,-73.89105,casual,-1
401,1354173,A6992C91A550187C,electric_bike,2021-06-25 16:27:02,2021-06-25 16:38:20,Grand Concourse & E 199 St,8703,E Fordham Rd & Webster Ave,8582.0,40.87142,-73.88839,40.861748,-73.89105,casual,-1
402,1354231,203FE54800E2A286,docked_bike,2021-06-03 13:04:25,2021-06-03 13:45:40,Grand Concourse & E 199 St,8703,Townsend Ave & E 175 St,8323.0,40.87142,-73.88839,40.84741,-73.911359,casual,-1
403,1365734,F2C6DD7AA78D7DBD,electric_bike,2021-06-23 16:11:58,2021-06-23 16:21:20,Grand Concourse & E 199 St,8703,E Fordham Rd & Webster Ave,8582.0,40.87142,-73.88839,40.861748,-73.89105,casual,-1
404,1365764,DD29329C4C8C4879,docked_bike,2021-06-11 16:40:50,2021-06-11 16:46:30,Grand Concourse & E 199 St,8703,E Fordham Rd & Webster Ave,8582.0,40.87142,-73.88839,40.861748,-73.89105,member,-1
405,1365786,B1FA1ACA0902DC77,electric_bike,2021-06-15 16:22:22,2021-06-15 16:30:43,Grand Concourse & E 199 St,8703,E Fordham Rd & Webster Ave,8582.0,40.87142,-73.88839,40.861748,-73.89105,member,-1
406,1368377,F9862FFFB903BFB0,electric_bike,2021-06-15 20:13:35,2021-06-15 20:20:34,Grand Concourse & E 199 St,8703,E Fordham Rd & Webster Ave,8582.0,40.87142,-73.88839,40.861748,-73.89105,casual,-1
407,1368417,97099BE497D20C39,docked_bike,2021-06-18 02:24:20,2021-06-18 02:40:37,Grand Concourse & E 199 St,8703,E Fordham Rd & Webster Ave,8582.0,40.87142,-73.88839,40.861748,-73.89105,member,-1
408,1382994,72122EC995B9550C,electric_bike,2021-06-12 18:10:50,2021-06-12 18:25:52,Grand Concourse & E 199 St,8703,Grand Concourse & E 166 St,8092.0,40.87142,-73.88839,40.83196,-73.91956,casual,-1
409,1386134,ACAA60D8107BA5D9,electric_bike,2021-06-20 21:16:02,2021-06-20 22:01:37,Grand Concourse & E 199 St,8703,Grand Concourse & E 166 St,8092.0,40.87142,-73.88839,40.83196,-73.91956,member,-1
410,1426992,A5D03CDC1D3F660B,docked_bike,2021-06-01 23:45:33,2021-06-02 00:14:56,Grand Concourse & E 199 St,8703,Anthony Ave & E Tremont Ave,8356.0,40.87142,-73.88839,40.848793,-73.903178,casual,-1
411,1432162,1B675176BC57CB54,electric_bike,2021-06-11 14:30:53,2021-06-11 14:42:48,Grand Concourse & E 199 St,8703,Jerome Ave & W 177 St,8362.0,40.87142,-73.88839,40.850121,-73.910765,member,-1
412,1530694,9A14BE5F016DF57E,docked_bike,2021-06-12 06:38:49,2021-06-12 06:44:19,Grand Concourse & E 199 St,8703,Goulden Ave & W 197 St,8707.0,40.87142,-73.88839,40.87156,-73.89714,casual,-1
413,1530708,88A19F4500A6125A,docked_bike,2021-06-13 12:55:07,2021-06-13 13:24:10,Grand Concourse & E 199 St,8703,Goulden Ave & W 197 St,8707.0,40.87142,-73.88839,40.87156,-73.89714,casual,-1
414,1530864,F405F0A0396655C7,classic_bike,2021-06-27 08:16:24,2021-06-27 08:21:12,Grand Concourse & E 199 St,8703,Goulden Ave & W 197 St,8707.0,40.87142,-73.88839,40.87156,-73.89714,casual,-1
415,1532656,878E8E28F8E91B38,docked_bike,2021-06-13 12:55:45,2021-06-13 13:23:59,Grand Concourse & E 199 St,8703,Goulden Ave & W 197 St,8707.0,40.87142,-73.88839,40.87156,-73.89714,casual,-1
416,1534551,C5A05E947AD5107B,electric_bike,2021-06-07 12:35:09,2021-06-07 13:13:45,Grand Concourse & E 199 St,8703,Grand Concourse & E 197 St,8667.0,40.87142,-73.88839,40.86945,-73.89148,casual,-1
417,1534563,6A7338976DAB7760,docked_bike,2021-06-11 21:16:38,2021-06-11 21:45:54,Grand Concourse & E 199 St,8703,Grand Concourse & E 197 St,8667.0,40.87142,-73.88839,40.86945,-73.89148,member,-1
418,1534568,309B61991FD7CB2E,electric_bike,2021-06-16 01:09:57,2021-06-16 02:44:23,Grand Concourse & E 199 St,8703,Grand Concourse & E 197 St,8667.0,40.87142,-73.88839,40.86945,-73.89148,casual,-1
419,1534570,B8B04E62FE4F503F,docked_bike,2021-06-06 16:55:13,2021-06-06 17:05:39,Grand Concourse & E 199 St,8703,Grand Concourse & E 197 St,8667.0,40.87142,-73.88839,40.86945,-73.89148,member,-1
420,1534575,BEBE6A2A6BF0951F,electric_bike,2021-06-26 13:44:57,2021-06-26 13:59:19,Grand Concourse & E 199 St,8703,Grand Concourse & E 197 St,8667.0,40.87142,-73.88839,40.86945,-73.89148,member,-1
421,1534593,19CCFAF51D4F5C93,electric_bike,2021-06-20 21:26:00,2021-06-20 22:07:20,Grand Concourse & E 199 St,8703,Grand Concourse & E 197 St,8667.0,40.87142,-73.88839,40.86945,-73.89148,casual,-1
422,1535356,0DE2EC6BC8B04C06,electric_bike,2021-06-16 18:50:43,2021-06-16 19:08:51,Grand Concourse & E 199 St,8703,Grand Concourse & E 197 St,8667.0,40.87142,-73.88839,40.86945,-73.89148,casual,-1
423,1537444,11757DE12BB28CF5,electric_bike,2021-06-11 11:05:19,2021-06-11 11:10:16,Grand Concourse & E 199 St,8703,Grand Concourse & E 197 St,8667.0,40.87142,-73.88839,40.86945,-73.89148,member,-1
424,1537450,1601A87362A1E6E8,docked_bike,2021-06-04 19:40:17,2021-06-04 19:49:40,Grand Concourse & E 199 St,8703,Grand Concourse & E 197 St,8667.0,40.87142,-73.88839,40.86945,-73.89148,member,-1
425,1537467,C114605BC4F6D4FC,electric_bike,2021-06-16 01:09:55,2021-06-16 02:44:12,Grand Concourse & E 199 St,8703,Grand Concourse & E 197 St,8667.0,40.87142,-73.88839,40.86945,-73.89148,casual,-1
426,1537489,C7A00E5DE768F97C,electric_bike,2021-06-27 17:52:54,2021-06-27 20:39:24,Grand Concourse & E 199 St,8703,Grand Concourse & E 197 St,8667.0,40.87142,-73.88839,40.86945,-73.89148,casual,-1
427,1537503,45967AB399F77500,docked_bike,2021-06-07 20:46:29,2021-06-07 20:50:19,Grand Concourse & E 199 St,8703,Grand Concourse & E 197 St,8667.0,40.87142,-73.88839,40.86945,-73.89148,member,-1
428,1538597,9EA82CB4135C3024,electric_bike,2021-06-20 23:44:48,2021-06-20 23:46:50,Grand Concourse & E 199 St,8703,Grand Concourse & E 197 St,8667.0,40.87142,-73.88839,40.86945,-73.89148,member,-1
429,1538641,475C1531F37BBD75,electric_bike,2021-06-04 19:42:54,2021-06-04 19:47:14,Grand Concourse & E 199 St,8703,Grand Concourse & E 197 St,8667.0,40.87142,-73.88839,40.86945,-73.89148,member,-1
430,1542072,CAA08A1B3144658F,docked_bike,2021-06-02 17:28:25,2021-06-02 17:31:23,Grand Concourse & E 199 St,8703,Grand Concourse & E 197 St,8667.0,40.87142,-73.88839,40.86945,-73.89148,casual,-1
431,1542077,6205DEFD5FD15FDB,electric_bike,2021-06-11 21:38:23,2021-06-11 22:02:19,Grand Concourse & E 199 St,8703,Grand Concourse & E 197 St,8667.0,40.87142,-73.88839,40.86945,-73.89148,casual,-1
432,1542083,8B6CCA4B1BEA869F,docked_bike,2021-06-07 20:45:59,2021-06-07 20:50:42,Grand Concourse & E 199 St,8703,Grand Concourse & E 197 St,8667.0,40.87142,-73.88839,40.86945,-73.89148,casual,-1
433,1542351,C0873F45B2E09D53,docked_bike,2021-06-10 16:39:09,2021-06-10 17:17:36,Grand Concourse & E 199 St,8703,Grand Concourse & E 197 St,8667.0,40.87142,-73.88839,40.86945,-73.89148,casual,-1
434,1545124,A5A3C9506FAA9B9E,electric_bike,2021-06-11 11:05:06,2021-06-11 11:10:31,Grand Concourse & E 199 St,8703,Grand Concourse & E 197 St,8667.0,40.87142,-73.88839,40.86945,-73.89148,member,-1
435,1618873,2F472728318400CA,docked_bike,2021-06-20 18:21:56,2021-06-20 20:32:22,Grand Concourse & E 199 St,8703,Jerome Ave & W 195 St,8653.0,40.87142,-73.88839,40.86874,-73.89657,casual,-1
436,1633726,1A23AA8445AC0853,docked_bike,2021-06-15 15:38:54,2021-06-15 16:13:05,Grand Concourse & E 199 St,8703,Grand Concourse & E 203 St,8734.0,40.87142,-73.88839,40.87382,-73.88661,casual,-1
437,1633786,88EA9905408F4AFB,electric_bike,2021-06-06 02:02:40,2021-06-06 02:08:57,Grand Concourse & E 199 St,8703,Grand Concourse & E 203 St,8734.0,40.87142,-73.88839,40.87382,-73.88661,member,-1
438,1633944,BF8B0B6EC3D1F7DA,docked_bike,2021-06-02 17:24:42,2021-06-02 17:27:46,Grand Concourse & E 199 St,8703,Grand Concourse & E 203 St,8734.0,40.87142,-73.88839,40.87382,-73.88661,member,-1
439,1633952,F1CDC0815E764A6C,electric_bike,2021-06-30 19:47:13,2021-06-30 19:51:23,Grand Concourse & E 199 St,8703,Grand Concourse & E 203 St,8734.0,40.87142,-73.88839,40.87382,-73.88661,casual,-1
440,1634170,1E68E86C92407FB3,electric_bike,2021-06-10 22:03:56,2021-06-10 22:24:49,Grand Concourse & E 199 St,8703,Grand Concourse & E 203 St,8734.0,40.87142,-73.88839,40.87382,-73.88661,member,-1
441,1634179,5273A448E59B610F,electric_bike,2021-06-30 19:49:12,2021-06-30 19:51:10,Grand Concourse & E 199 St,8703,Grand Concourse & E 203 St,8734.0,40.87142,-73.88839,40.87382,-73.88661,casual,-1
442,1635612,FF45876A9E33C658,docked_bike,2021-06-06 17:12:30,2021-06-06 17:28:34,Grand Concourse & E 199 St,8703,Grand Concourse & E 203 St,8734.0,40.87142,-73.88839,40.87382,-73.88661,casual,-1
443,1642230,E9B3841A46612D2A,electric_bike,2021-06-15 15:40:23,2021-06-15 16:13:23,Grand Concourse & E 199 St,8703,Grand Concourse & E 203 St,8734.0,40.87142,-73.88839,40.87382,-73.88661,casual,-1
444,1642239,2C74D9CD23C6BFF0,electric_bike,2021-06-26 09:16:34,2021-06-26 09:26:09,Grand Concourse & E 199 St,8703,Grand Concourse & E 203 St,8734.0,40.87142,-73.88839,40.87382,-73.88661,casual,-1
445,1642241,BC022B33807611D5,electric_bike,2021-06-06 17:12:49,2021-06-06 17:29:04,Grand Concourse & E 199 St,8703,Grand Concourse & E 203 St,8734.0,40.87142,-73.88839,40.87382,-73.88661,casual,-1
446,1818578,A0763B7192C20322,electric_bike,2021-06-01 15:42:17,2021-06-01 16:10:20,Grand Concourse & E 199 St,8703,W 170 St & University Ave,8254.0,40.87142,-73.88839,40.84207,-73.926075,casual,-1
447,1878405,693975ECEA38DA61,electric_bike,2021-06-20 19:45:48,2021-06-23 08:46:26,Grand Concourse & E 199 St,8703,E 169 St & Fox St,8024.0,40.87142,-73.88839,40.827184,-73.893721,member,-1
448,1966662,A3A52FE484A17AC7,docked_bike,2021-06-18 11:42:17,2021-06-18 12:18:34,Grand Concourse & E 199 St,8703,E Mosholu Pkwy & Van Cortlandt Ave E,8778.0,40.87142,-73.88839,40.87656,-73.88366,member,-1
449,1972690,C9BDBFF7FC2BDC8A,docked_bike,2021-06-20 13:10:09,2021-06-20 13:15:22,Grand Concourse & E 199 St,8703,E Mosholu Pkwy & Van Cortlandt Ave E,8778.0,40.87142,-73.88839,40.87656,-73.88366,casual,-1
450,1975588,790AD8E017639AAA,docked_bike,2021-06-13 19:57:10,2021-06-13 20:01:12,Grand Concourse & E 199 St,8703,E Mosholu Pkwy & Van Cortlandt Ave E,8778.0,40.87142,-73.88839,40.87656,-73.88366,casual,-1
451,1981762,7DAFF274FD3E838A,electric_bike,2021-06-27 16:15:39,2021-06-27 16:49:21,Grand Concourse & E 199 St,8703,E Mosholu Pkwy & Van Cortlandt Ave E,8778.0,40.87142,-73.88839,40.87656,-73.88366,casual,-1
452,2004171,03C6BA09C7941340,classic_bike,2021-06-21 23:07:39,2021-06-21 23:12:20,Grand Concourse & E 199 St,8703,E Mosholu Pkwy & Van Cortlandt Ave E,8778.0,40.87142,-73.88839,40.87656,-73.88366,casual,-1
453,2014477,4585F7BEDA90E737,docked_bike,2021-06-10 13:44:38,2021-06-10 13:46:45,Grand Concourse & E 199 St,8703,Decatur Ave & Bedford Park Blvd,8664.0,40.87142,-73.88839,40.86813,-73.88412,member,-1
454,2015988,A903682B249AD094,electric_bike,2021-06-11 11:33:39,2021-06-11 11:44:58,Grand Concourse & E 199 St,8703,Decatur Ave & Bedford Park Blvd,8664.0,40.87142,-73.88839,40.86813,-73.88412,casual,-1
455,2021189,AEC927B765A7C1E8,classic_bike,2021-06-30 00:23:22,2021-06-30 00:27:33,Grand Concourse & E 199 St,8703,Decatur Ave & Bedford Park Blvd,8664.0,40.87142,-73.88839,40.86813,-73.88412,member,-1
456,2046582,D710B0A2EDA944C6,classic_bike,2021-06-27 16:11:37,2021-06-27 16:13:42,Grand Concourse & E 199 St,8703,Decatur Ave & Bedford Park Blvd,8664.0,40.87142,-73.88839,40.86813,-73.88412,member,-1
457,2048416,1AD8D4EF3A4364C3,electric_bike,2021-06-28 19:35:20,2021-06-28 19:38:57,Grand Concourse & E 199 St,8703,Decatur Ave & Bedford Park Blvd,8664.0,40.87142,-73.88839,40.86813,-73.88412,casual,-1
458,2048439,EFDD777E2AA8C1AE,docked_bike,2021-06-18 15:52:57,2021-06-18 15:54:48,Grand Concourse & E 199 St,8703,Decatur Ave & Bedford Park Blvd,8664.0,40.87142,-73.88839,40.86813,-73.88412,member,-1
459,2049206,BD4E2792F682E7DA,classic_bike,2021-06-26 10:42:11,2021-06-26 11:25:36,Grand Concourse & E 199 St,8703,Decatur Ave & Bedford Park Blvd,8664.0,40.87142,-73.88839,40.86813,-73.88412,casual,-1
460,2226716,5C896FC5B3D3246C,electric_bike,2021-06-10 19:50:40,2021-06-10 20:31:42,Grand Concourse & E 199 St,8703,Wadsworth Ave & W 179 St,8336.0,40.87142,-73.88839,40.848467,-73.936064,casual,-1
461,2246530,960F515AA11CFC87,electric_bike,2021-06-25 17:28:12,2021-06-25 17:43:39,Grand Concourse & E 199 St,8703,W 204 St & Vermilyea Ave,8632.0,40.87142,-73.88839,40.866141,-73.922648,casual,-1
462,2268024,CD8B3FB70C51935F,electric_bike,2021-06-05 00:39:36,2021-06-05 01:40:50,Grand Concourse & E 199 St,8703,W 204 St & Vermilyea Ave,8632.0,40.87142,-73.88839,40.866141,-73.922648,casual,-1
463,2291242,B727F1B9187F4DBF,docked_bike,2021-06-10 22:23:36,2021-06-10 22:41:36,Grand Concourse & E 199 St,8703,Bainbridge Ave & E 196 St,8615.0,40.87142,-73.88839,40.86648,-73.89042,casual,-1
464,2291260,936E9F1DF4701E0D,docked_bike,2021-06-17 02:34:04,2021-06-17 02:42:32,Grand Concourse & E 199 St,8703,Bainbridge Ave & E 196 St,8615.0,40.87142,-73.88839,40.86648,-73.89042,casual,-1
465,2329205,8423A993683179B6,docked_bike,2021-06-10 13:04:14,2021-06-10 13:21:15,Grand Concourse & E 199 St,8703,Isham St & Broadway,8665.0,40.87142,-73.88839,40.86788,-73.919685,casual,-1
466,2329207,5441A9CD10C631B7,electric_bike,2021-06-13 12:32:10,2021-06-13 12:39:05,Grand Concourse & E 199 St,8703,Jerome Ave & W Fordham Rd,8586.0,40.87142,-73.88839,40.86294,-73.90108,casual,-1
467,2329705,4A1A832238E42553,electric_bike,2021-06-16 19:47:35,2021-06-16 19:54:07,Grand Concourse & E 199 St,8703,Jerome Ave & W Fordham Rd,8586.0,40.87142,-73.88839,40.86294,-73.90108,member,-1
468,2329814,919BF18B65DAE821,electric_bike,2021-06-02 17:17:11,2021-06-02 18:08:10,Grand Concourse & E 199 St,8703,Grand Concourse & East Mount Eden Ave,8265.0,40.87142,-73.88839,40.84301,-73.91172,casual,-1
469,2342394,DBE3B7DB46C57F4F,electric_bike,2021-06-10 09:19:51,2021-06-10 09:34:51,Grand Concourse & E 199 St,8703,Grand Concourse & East Mount Eden Ave,8265.0,40.87142,-73.88839,40.84301,-73.91172,casual,-1
470,2342411,A1A632A26FF69FF6,electric_bike,2021-06-02 17:51:49,2021-06-02 18:02:12,Grand Concourse & E 199 St,8703,Grand Concourse & East Mount Eden Ave,8265.0,40.87142,-73.88839,40.84301,-73.91172,member,-1
471,2342436,081B04C100F9E86A,electric_bike,2021-06-12 15:37:58,2021-06-12 15:47:02,Grand Concourse & E 199 St,8703,Jerome Ave & W Fordham Rd,8586.0,40.87142,-73.88839,40.86294,-73.90108,casual,-1
472,2342437,09A8913D8D0DD369,docked_bike,2021-06-12 17:18:36,2021-06-12 17:26:11,Grand Concourse & E 199 St,8703,Jerome Ave & W Fordham Rd,8586.0,40.87142,-73.88839,40.86294,-73.90108,member,-1
473,2342493,FB49925165287FB5,electric_bike,2021-06-11 15:59:16,2021-06-11 16:13:43,Grand Concourse & E 199 St,8703,Grand Concourse & East Mount Eden Ave,8265.0,40.87142,-73.88839,40.84301,-73.91172,casual,-1
474,2351089,EEB42304AFE1CF6E,electric_bike,2021-06-02 14:21:00,2021-06-02 14:27:52,Grand Concourse & E 199 St,8703,Jerome Ave & W Fordham Rd,8586.0,40.87142,-73.88839,40.86294,-73.90108,member,-1
475,2377967,5F6D49CBF2ADE6DB,electric_bike,2021-06-30 20:42:23,2021-06-30 21:07:15,Grand Concourse & E 199 St,8703,3 Ave & E 172 St,8205.0,40.87142,-73.88839,40.839586,-73.900277,casual,-1
476,2464798,5F3AC6BAC2E2324D,electric_bike,2021-06-30 23:43:18,2021-06-30 23:53:17,Grand Concourse & E 199 St,8703,Morris Ave & E Burnside Ave,8441.0,40.87142,-73.88839,40.85322,-73.90546,casual,-1
477,2466604,A3CA3F0C123EB314,electric_bike,2021-06-17 01:15:13,2021-06-17 01:52:06,Grand Concourse & E 199 St,8703,Morris Ave & E Burnside Ave,8441.0,40.87142,-73.88839,40.85322,-73.90546,casual,-1
478,2484094,0A268DBFAABB32D8,electric_bike,2021-06-26 07:52:36,2021-06-26 08:10:55,Grand Concourse & E 199 St,8703,Morris Ave & E Burnside Ave,8441.0,40.87142,-73.88839,40.85322,-73.90546,member,-1
479,2519716,7119C00745AF4392,electric_bike,2021-06-30 06:27:13,2021-06-30 06:31:56,Grand Concourse & E 199 St,8703,Goulden Ave & W 205 St,8799.0,40.87142,-73.88839,40.87812,-73.89192,member,-1
480,2523472,E71596D46CD3D655,docked_bike,2021-06-12 21:11:54,2021-06-12 21:19:49,Grand Concourse & E 199 St,8703,Goulden Ave & W 205 St,8799.0,40.87142,-73.88839,40.87812,-73.89192,casual,-1
481,2525320,CBC4E1D215455905,electric_bike,2021-06-10 06:15:32,2021-06-10 06:57:35,Grand Concourse & E 199 St,8703,Broadway & W 131 St,7865.0,40.87142,-73.88839,40.817555,-73.957163,casual,-1
482,2525322,0E8AEE3B3B4CD0EA,classic_bike,2021-06-26 10:33:33,2021-06-26 10:46:39,Grand Concourse & E 199 St,8703,Goulden Ave & W 205 St,8799.0,40.87142,-73.88839,40.87812,-73.89192,member,-1
483,2527331,E6D3D8D038631CD2,electric_bike,2021-06-14 19:28:27,2021-06-14 19:32:01,Grand Concourse & E 199 St,8703,Goulden Ave & W 205 St,8799.0,40.87142,-73.88839,40.87812,-73.89192,member,-1
484,2529930,EC9B2145101C606F,electric_bike,2021-06-15 14:45:20,2021-06-15 15:10:41,Grand Concourse & E 199 St,8703,W 160 St & St. Nicholas Ave,8138.0,40.87142,-73.88839,40.834468,-73.939865,casual,-1
485,2534235,A5A09FF263AF2ACC,electric_bike,2021-06-29 16:45:44,2021-06-29 18:01:43,Grand Concourse & E 199 St,8703,2 Ave & E 125 St,7648.0,40.87142,-73.88839,40.802554,-73.933509,casual,-1
486,2640935,9DA214FA97D5AB97,electric_bike,2021-06-16 05:18:34,2021-06-16 06:04:19,Grand Concourse & E 199 St,8703,Madison Ave & E 120 St,7667.0,40.87142,-73.88839,40.80295,-73.942954,member,-1
487,2721101,2F6ACFF3FD5E7A30,electric_bike,2021-06-19 11:32:30,2021-06-19 11:49:52,Grand Concourse & E 199 St,8703,E Tremont Ave & Jerome Ave,8403.0,40.87142,-73.88839,40.851747,-73.908964,member,-1
488,2726277,BD23AB7E6C6C98D5,classic_bike,2021-06-27 19:59:34,2021-06-27 20:15:32,Grand Concourse & E 199 St,8703,E Tremont Ave & Jerome Ave,8403.0,40.87142,-73.88839,40.851747,-73.908964,member,-1
489,2733783,E268739590513939,electric_bike,2021-06-13 13:29:41,2021-06-13 14:53:18,Grand Concourse & E 199 St,8703,Wards Meadow Comfort Station,7327.0,40.87142,-73.88839,40.78294,-73.93077,casual,-1
490,2733788,F9A43B7F9333FA83,electric_bike,2021-06-13 13:30:43,2021-06-13 14:53:45,Grand Concourse & E 199 St,8703,Wards Meadow Comfort Station,7327.0,40.87142,-73.88839,40.78294,-73.93077,casual,-1
491,2733806,BC488E507CCF2163,electric_bike,2021-06-11 21:00:53,2021-06-11 21:20:03,Grand Concourse & E 199 St,8703,Nelson Ave & W 172 St,8290.0,40.87142,-73.88839,40.843965,-73.920999,casual,-1
492,2775681,FA7E5ACBB0120EFC,electric_bike,2021-06-18 06:25:38,2021-06-18 08:41:43,Grand Concourse & E 199 St,8703,,,40.87142,-73.88839,,,casual,-1
493,2778599,2AE540972A8DC2CD,electric_bike,2021-06-01 23:15:48,2021-06-02 02:00:44,Grand Concourse & E 199 St,8703,,,40.87142,-73.88839,,,casual,-1
494,2826090,709446BFADD0F489,electric_bike,2021-06-08 21:02:05,2021-06-08 21:29:17,Grand Concourse & E 199 St,8703,Nelson Ave & 167 St,8183.0,40.87142,-73.88839,40.83670566862804,-73.92608866095543,member,-1
495,2924929,17E6BD9D23F2D7AC,electric_bike,2021-06-28 08:50:02,2021-06-28 08:53:37,Grand Concourse & E 199 St,8703,Bedford Park Blvd & Paul Ave,8752.0,40.87142,-73.88839,40.87444,-73.89186,member,-1
496,2924936,A364D67E8A74B6A2,docked_bike,2021-06-15 12:37:25,2021-06-15 13:00:56,Grand Concourse & E 199 St,8703,Bedford Park Blvd & Paul Ave,8752.0,40.87142,-73.88839,40.87444,-73.89186,member,-1
497,2924938,63A677A5DE415EC6,electric_bike,2021-06-06 14:50:42,2021-06-06 15:18:19,Grand Concourse & E 199 St,8703,Bedford Park Blvd & Paul Ave,8752.0,40.87142,-73.88839,40.87444,-73.89186,casual,-1
498,2924947,C9F94ACD4E4A2F19,electric_bike,2021-06-15 12:01:49,2021-06-15 12:23:42,Grand Concourse & E 199 St,8703,Gerard Ave & E 146 St,7868.0,40.87142,-73.88839,40.817755,-73.92965,member,-1
499,2924950,E4C4D642BB8BD0B6,electric_bike,2021-06-05 14:59:25,2021-06-05 17:11:40,Grand Concourse & E 199 St,8703,Bedford Park Blvd & Paul Ave,8752.0,40.87142,-73.88839,40.87444,-73.89186,member,-1
500,2925028,40AE1FFA6B2AB692,electric_bike,2021-06-14 18:08:47,2021-06-14 19:47:11,Grand Concourse & E 199 St,8703,Bedford Park Blvd & Paul Ave,8752.0,40.87142,-73.88839,40.87444,-73.89186,casual,-1
501,2927772,2A7B2DCE9C18A582,docked_bike,2021-06-01 21:13:06,2021-06-01 21:34:40,Grand Concourse & E 199 St,8703,Bedford Park Blvd & Paul Ave,8752.0,40.87142,-73.88839,40.87444,-73.89186,casual,-1
502,2930384,05A514AA25F081E3,electric_bike,2021-06-01 13:54:59,2021-06-01 13:57:22,Grand Concourse & E 199 St,8703,Bedford Park Blvd & Paul Ave,8752.0,40.87142,-73.88839,40.87444,-73.89186,member,-1
503,2942137,AE0F91035089802C,docked_bike,2021-06-06 11:50:28,2021-06-06 12:44:57,Grand Concourse & E 199 St,8703,Bedford Park Blvd & Paul Ave,8752.0,40.87142,-73.88839,40.87444,-73.89186,casual,-1
504,2948674,72FF6D26531B9320,electric_bike,2021-06-05 14:58:12,2021-06-05 17:12:14,Grand Concourse & E 199 St,8703,Bedford Park Blvd & Paul Ave,8752.0,40.87142,-73.88839,40.87444,-73.89186,casual,-1
505,3012127,DB4A67252324322A,electric_bike,2021-06-07 08:25:03,2021-06-07 09:04:05,Grand Concourse & E 199 St,8703,E 142 St & 3 Ave,7781.0,40.87142,-73.88839,40.812735,-73.923697,casual,-1
506,3012189,58AF25CA83ABF987,electric_bike,2021-06-12 20:46:54,2021-06-12 21:44:42,Grand Concourse & E 199 St,8703,E 91 St & Park Ave,7344.0,40.87142,-73.88839,40.7835016,-73.955327,casual,-1
507,3012231,D002A6830BD4E74D,docked_bike,2021-06-19 20:57:33,2021-06-19 21:11:36,Grand Concourse & E 199 St,8703,Webster Ave & Ford St,8472.0,40.87142,-73.88839,40.85556,-73.89615,casual,-1
508,3024961,0EEFAC6C49672AD9,electric_bike,2021-06-15 23:29:24,2021-06-15 23:35:33,Grand Concourse & E 199 St,8703,Webster Ave & Ford St,8472.0,40.87142,-73.88839,40.85556,-73.89615,casual,-1
509,3048550,F1B7E5A944561D56,electric_bike,2021-06-14 17:26:25,2021-06-14 18:35:40,Grand Concourse & E 199 St,8703,Jerome Ave & E Mosholu Parkway S,8795.0,40.87142,-73.88839,40.87935,-73.88534,casual,-1
510,3048581,A2138AB7F70E06F8,electric_bike,2021-06-19 17:52:04,2021-06-19 17:59:59,Grand Concourse & E 199 St,8703,Jerome Ave & E Mosholu Parkway S,8795.0,40.87142,-73.88839,40.87935,-73.88534,casual,-1
511,3048599,E96C0D5B808FA1D2,docked_bike,2021-06-10 10:01:18,2021-06-10 10:32:37,Grand Concourse & E 199 St,8703,Jerome Ave & E Mosholu Parkway S,8795.0,40.87142,-73.88839,40.87935,-73.88534,casual,-1
512,3048613,FA2A6DDB66922A92,electric_bike,2021-06-28 08:03:15,2021-06-28 08:08:23,Grand Concourse & E 199 St,8703,Jerome Ave & E Mosholu Parkway S,8795.0,40.87142,-73.88839,40.87935,-73.88534,casual,-1
513,3048627,5C084DA715DAB6ED,docked_bike,2021-06-10 16:24:17,2021-06-10 21:16:25,Grand Concourse & E 199 St,8703,Jerome Ave & E Mosholu Parkway S,8795.0,40.87142,-73.88839,40.87935,-73.88534,casual,-1
514,3048632,A35BB2B39AD3F983,docked_bike,2021-06-12 00:38:58,2021-06-12 00:42:41,Grand Concourse & E 199 St,8703,Jerome Ave & E Mosholu Parkway S,8795.0,40.87142,-73.88839,40.87935,-73.88534,casual,-1
515,3048654,0C749E7A4B8D0AFD,electric_bike,2021-06-14 17:28:26,2021-06-14 18:35:42,Grand Concourse & E 199 St,8703,Jerome Ave & E Mosholu Parkway S,8795.0,40.87142,-73.88839,40.87935,-73.88534,casual,-1
516,3048656,022D160ACFFB13C0,electric_bike,2021-06-11 00:30:26,2021-06-11 00:35:04,Grand Concourse & E 199 St,8703,Jerome Ave & E Mosholu Parkway S,8795.0,40.87142,-73.88839,40.87935,-73.88534,member,-1
517,3052835,2C3A2CEA846ECEF1,electric_bike,2021-06-13 17:01:25,2021-06-13 17:05:15,Grand Concourse & E 199 St,8703,Jerome Ave & E Mosholu Parkway S,8795.0,40.87142,-73.88839,40.87935,-73.88534,member,-1
518,3053835,3C47D09A10CF6693,electric_bike,2021-06-24 05:06:34,2021-06-24 05:11:04,Grand Concourse & E 199 St,8703,Jerome Ave & E Mosholu Parkway S,8795.0,40.87142,-73.88839,40.87935,-73.88534,member,-1
519,3135572,7EEE3A1923C9C7E5,electric_bike,2021-06-13 20:50:35,2021-06-13 21:11:08,Grand Concourse & E 199 St,8703,Walton Ave & E 183 St,8514.0,40.87142,-73.88839,40.858472,-73.90266,member,-1
520,3145475,329E7BCECD5B0ACE,electric_bike,2021-06-13 20:49:48,2021-06-13 21:11:14,Grand Concourse & E 199 St,8703,Walton Ave & E 183 St,8514.0,40.87142,-73.88839,40.858472,-73.90266,member,-1
521,3157590,0D5BC6990FFAC057,electric_bike,2021-06-05 14:15:06,2021-06-05 14:22:36,Grand Concourse & E 199 St,8703,Grand Concourse & E 192 St,8601.0,40.87142,-73.88839,40.86448,-73.89522,casual,-1
522,3159345,74E39E74BF778977,docked_bike,2021-06-21 13:50:08,2021-06-21 13:55:12,Grand Concourse & E 199 St,8703,Grand Concourse & E 192 St,8601.0,40.87142,-73.88839,40.86448,-73.89522,member,-1
523,3164636,2351F5F1BA4425F6,electric_bike,2021-06-05 14:13:28,2021-06-05 14:22:12,Grand Concourse & E 199 St,8703,Grand Concourse & E 192 St,8601.0,40.87142,-73.88839,40.86448,-73.89522,casual,-1
524,3164671,0A1CF5F1AFC717E0,electric_bike,2021-06-22 16:06:48,2021-06-22 16:18:32,Grand Concourse & E 199 St,8703,Grand Concourse & E 192 St,8601.0,40.87142,-73.88839,40.86448,-73.89522,casual,-1
525,3164672,B813F0BAAB3C8B16,classic_bike,2021-06-22 16:05:15,2021-06-22 16:18:36,Grand Concourse & E 199 St,8703,Grand Concourse & E 192 St,8601.0,40.87142,-73.88839,40.86448,-73.89522,casual,-1
526,3175561,E69AEDB4F3016172,docked_bike,2021-06-04 10:42:22,2021-06-04 12:00:16,Grand Concourse & E 199 St,8703,Grand Concourse & E 192 St,8601.0,40.87142,-73.88839,40.86448,-73.89522,member,-1
527,3175733,C06E9009D2A73306,electric_bike,2021-06-05 14:13:40,2021-06-05 14:22:06,Grand Concourse & E 199 St,8703,Grand Concourse & E 192 St,8601.0,40.87142,-73.88839,40.86448,-73.89522,casual,-1
0,7938,DA7F5D27791625F3,electric_bike,2021-07-02 11:57:37,2021-07-02 12:38:51,Grand Concourse & E 199 St,8703,Grand Concourse & E 192 St,8601.0,40.87142,-73.88839,40.86448,-73.89522,casual,-1
1,217501,10E5F7EDD4278749,electric_bike,2021-07-01 16:59:27,2021-07-01 17:02:59,Grand Concourse & E 199 St,8703,Bedford Park Blvd & Paul Ave,8752.0,40.87142,-73.88839,40.87444,-73.89186,casual,-1
2,237160,8CBB6160609800D6,electric_bike,2021-07-11 21:04:45,2021-07-11 21:46:49,Grand Concourse & E 199 St,8703,Goulden Ave & W 197 St,8707.0,40.87142,-73.88839,40.87156,-73.89714,casual,-1
3,237167,A8E1F88BCEC40A08,electric_bike,2021-07-11 01:01:04,2021-07-11 01:09:03,Grand Concourse & E 199 St,8703,Goulden Ave & W 197 St,8707.0,40.87142,-73.88839,40.87156,-73.89714,casual,-1
4,246412,B39AC071AF649C8F,electric_bike,2021-07-01 08:00:25,2021-07-01 08:04:00,Grand Concourse & E 199 St,8703,Botanical Sq & Webster Ave,8646.0,40.87142,-73.88839,40.86814,-73.88145,member,-1
5,294781,247D329ED83858DB,classic_bike,2021-07-31 13:22:40,2021-07-31 13:32:46,Grand Concourse & E 199 St,8703,Grand Concourse & E 192 St,8601.0,40.87142,-73.88839,40.86448,-73.89522,casual,-1
6,294857,A85D9D54BEDF944D,electric_bike,2021-07-02 11:55:57,2021-07-02 12:58:40,Grand Concourse & E 199 St,8703,Grand Concourse & E 192 St,8601.0,40.87142,-73.88839,40.86448,-73.89522,member,-1
7,343388,3248C7D0BCF28594,electric_bike,2021-07-16 21:04:30,2021-07-16 21:15:19,Grand Concourse & E 199 St,8703,Tiebout Ave & E 184 St,8510.0,40.87142,-73.88839,40.858498,-73.89637,casual,-1
8,353010,92BFF01FA96C7E81,electric_bike,2021-07-12 07:10:33,2021-07-12 07:23:28,Grand Concourse & E 199 St,8703,Audubon Ave & Fort George Ave,8491.0,40.87142,-73.88839,40.85715781391904,-73.92717361450195,casual,-1
9,353012,D967FED7A6A353D3,electric_bike,2021-07-06 07:26:12,2021-07-06 07:40:55,Grand Concourse & E 199 St,8703,Audubon Ave & Fort George Ave,8491.0,40.87142,-73.88839,40.85715781391904,-73.92717361450195,casual,-1
10,389313,399BE36969066D94,classic_bike,2021-07-06 19:55:27,2021-07-06 20:01:07,Grand Concourse & E 199 St,8703,Marion Ave & Mosholu Pkwy,8699.0,40.87142,-73.88839,40.8704956,-73.8818756582,member,-1
11,389341,7D62CC8E9A657AF7,electric_bike,2021-07-11 11:16:40,2021-07-11 12:32:02,Grand Concourse & E 199 St,8703,Marion Ave & Mosholu Pkwy,8699.0,40.87142,-73.88839,40.8704956,-73.8818756582,casual,-1
12,390335,C2F390C854411EC5,electric_bike,2021-07-11 11:16:38,2021-07-11 12:31:37,Grand Concourse & E 199 St,8703,Marion Ave & Mosholu Pkwy,8699.0,40.87142,-73.88839,40.8704956,-73.8818756582,member,-1
13,391789,287A60E10F32A82F,electric_bike,2021-07-14 18:14:00,2021-07-14 18:58:27,Grand Concourse & E 199 St,8703,Marion Ave & Mosholu Pkwy,8699.0,40.87142,-73.88839,40.8704956,-73.8818756582,member,-1
14,392000,4F0E79710985CF96,electric_bike,2021-07-01 02:46:58,2021-07-01 03:42:58,Grand Concourse & E 199 St,8703,Marion Ave & Mosholu Pkwy,8699.0,40.87142,-73.88839,40.8704956,-73.8818756582,casual,-1
15,411313,C82D7DD51AB8058A,electric_bike,2021-07-07 03:48:36,2021-07-07 03:52:33,Grand Concourse & E 199 St,8703,Botanical Sq & Webster Ave,8646.0,40.87142,-73.88839,40.86814,-73.88145,casual,-1
16,411316,AC2CE3878C80306D,docked_bike,2021-07-18 10:56:52,2021-07-18 11:23:50,Grand Concourse & E 199 St,8703,Seaman Ave & Beak St,8650.0,40.87142,-73.88839,40.867505,-73.926363,casual,-1
17,411385,E9D264B0215AF8C3,electric_bike,2021-07-28 07:58:58,2021-07-28 08:02:37,Grand Concourse & E 199 St,8703,Botanical Sq & Webster Ave,8646.0,40.87142,-73.88839,40.86814,-73.88145,member,-1
18,413776,CD0876478D2FA6D2,classic_bike,2021-07-07 07:58:51,2021-07-07 08:02:32,Grand Concourse & E 199 St,8703,Botanical Sq & Webster Ave,8646.0,40.87142,-73.88839,40.86814,-73.88145,member,-1
19,414787,79E1293E06EC8A21,electric_bike,2021-07-22 09:30:06,2021-07-22 09:33:26,Grand Concourse & E 199 St,8703,Botanical Sq & Webster Ave,8646.0,40.87142,-73.88839,40.86814,-73.88145,member,-1
20,437814,14B3699B1AB0E6F1,electric_bike,2021-07-07 14:07:12,2021-07-07 14:11:10,Grand Concourse & E 199 St,8703,Grand Concourse & E Mosholu Pkwy S,8795.0,40.87142,-73.88839,40.877964,-73.8847550291,casual,-1
21,437857,1B593B7ABB099BB2,classic_bike,2021-07-14 19:19:54,2021-07-14 19:24:30,Grand Concourse & E 199 St,8703,Grand Concourse & E Mosholu Pkwy S,8795.0,40.87142,-73.88839,40.877964,-73.8847550291,casual,-1
22,443968,29F384C6517A31CF,classic_bike,2021-07-14 18:23:20,2021-07-14 18:26:35,Grand Concourse & E 199 St,8703,Jerome Ave & Bedford Park Blvd E,8734.0,40.87142,-73.88839,40.87307,-73.88971,member,-1
23,445150,B9ED7C60F2C27756,classic_bike,2021-07-22 05:39:28,2021-07-22 05:40:53,Grand Concourse & E 199 St,8703,Jerome Ave & Bedford Park Blvd E,8734.0,40.87142,-73.88839,40.87307,-73.88971,member,-1
24,445151,789DC401AC9745F7,electric_bike,2021-07-20 05:33:05,2021-07-20 05:34:16,Grand Concourse & E 199 St,8703,Jerome Ave & Bedford Park Blvd E,8734.0,40.87142,-73.88839,40.87307,-73.88971,member,-1
25,445152,DDFB6D75E5E6F39F,electric_bike,2021-07-14 05:17:21,2021-07-14 05:21:31,Grand Concourse & E 199 St,8703,Jerome Ave & Bedford Park Blvd E,8734.0,40.87142,-73.88839,40.87307,-73.88971,member,-1
26,445157,639259FB9F2E88AA,classic_bike,2021-07-19 05:29:04,2021-07-19 05:31:14,Grand Concourse & E 199 St,8703,Jerome Ave & Bedford Park Blvd E,8734.0,40.87142,-73.88839,40.87307,-73.88971,member,-1
27,445158,6C15F2733D5382B8,electric_bike,2021-07-16 05:17:38,2021-07-16 05:18:54,Grand Concourse & E 199 St,8703,Jerome Ave & Bedford Park Blvd E,8734.0,40.87142,-73.88839,40.87307,-73.88971,member,-1
28,445176,FE24F2F65D6F3E99,electric_bike,2021-07-23 18:26:24,2021-07-23 18:45:05,Grand Concourse & E 199 St,8703,Jerome Ave & Bedford Park Blvd E,8734.0,40.87142,-73.88839,40.87307,-73.88971,casual,-1
29,454821,255FF8D4FF687F71,electric_bike,2021-07-12 17:11:22,2021-07-12 17:27:31,Grand Concourse & E 199 St,8703,Grand Concourse & East Mount Eden Ave,8265.0,40.87142,-73.88839,40.84301,-73.91172,member,-1
30,454879,D05EB962B09341A2,classic_bike,2021-07-18 19:18:10,2021-07-18 19:31:31,Grand Concourse & E 199 St,8703,Jerome Ave & W Fordham Rd,8586.0,40.87142,-73.88839,40.86294,-73.90108,casual,-1
31,455488,BFC3A73F0F72465F,classic_bike,2021-07-13 17:41:06,2021-07-13 17:46:40,Paul Ave & W 205 St,8782,Grand Concourse & E 199 St,8703.0,40.87704,-73.88943,40.87142,-73.88839,casual,1
32,455513,4EA0AA9E45688AE6,electric_bike,2021-07-16 22:20:30,2021-07-16 23:02:44,E 110 St & Madison Ave,7587,Grand Concourse & E 199 St,8703.0,40.7961535,-73.94782145,40.87142,-73.88839,casual,1
33,455677,1E1C3FF33E032896,electric_bike,2021-07-01 03:44:42,2021-07-01 04:32:28,Marion Ave & Mosholu Pkwy,8699,Grand Concourse & E 199 St,8703.0,40.8704956,-73.8818756582,40.87142,-73.88839,casual,1
34,455678,D927C06BF3E89E2A,electric_bike,2021-07-22 02:47:19,2021-07-22 04:19:19,Valentine Ave & E 183 St,8472,Grand Concourse & E 199 St,8703.0,40.856987,-73.898237,40.87142,-73.88839,casual,1
35,469277,2288D5902EE2C696,classic_bike,2021-07-22 18:27:52,2021-07-22 19:57:27,Grand Concourse & E 199 St,8703,Grand Concourse & E 197 St,8667.0,40.87142,-73.88839,40.86945,-73.89148,casual,-1
36,469283,53F59CD4004CA157,classic_bike,2021-07-06 17:51:16,2021-07-06 17:53:13,Grand Concourse & E 199 St,8703,Grand Concourse & E 197 St,8667.0,40.87142,-73.88839,40.86945,-73.89148,casual,-1
37,469341,670826906DA0D651,electric_bike,2021-07-08 15:05:25,2021-07-08 15:08:33,Grand Concourse & E 199 St,8703,Grand Concourse & E 197 St,8667.0,40.87142,-73.88839,40.86945,-73.89148,member,-1
38,469390,F4ECD14D3010F035,classic_bike,2021-07-24 19:42:10,2021-07-24 19:44:40,Grand Concourse & E 199 St,8703,Grand Concourse & E 197 St,8667.0,40.87142,-73.88839,40.86945,-73.89148,member,-1
39,469392,0265C23034AD02CB,classic_bike,2021-07-31 19:01:58,2021-07-31 19:04:54,Grand Concourse & E 199 St,8703,Grand Concourse & E 197 St,8667.0,40.87142,-73.88839,40.86945,-73.89148,member,-1
40,469394,8B048AEE37B6D1EF,electric_bike,2021-07-09 21:50:39,2021-07-09 21:51:55,Grand Concourse & E 199 St,8703,Grand Concourse & E 197 St,8667.0,40.87142,-73.88839,40.86945,-73.89148,member,-1
41,469439,CE2176F6522D4B22,electric_bike,2021-07-10 10:37:54,2021-07-10 10:40:05,Grand Concourse & E 199 St,8703,Grand Concourse & E 197 St,8667.0,40.87142,-73.88839,40.86945,-73.89148,member,-1
42,469449,1B3D43C782B59C70,electric_bike,2021-07-01 10:54:33,2021-07-01 11:19:43,Grand Concourse & E 199 St,8703,Grand Concourse & E 197 St,8667.0,40.87142,-73.88839,40.86945,-73.89148,casual,-1
43,469471,A94F841D7C1BD016,electric_bike,2021-07-02 13:12:17,2021-07-02 13:13:53,Grand Concourse & E 199 St,8703,Grand Concourse & E 197 St,8667.0,40.87142,-73.88839,40.86945,-73.89148,member,-1
44,469498,A6BBC0BEC4BFA00B,electric_bike,2021-07-15 01:03:18,2021-07-15 01:08:38,Grand Concourse & E 199 St,8703,Grand Concourse & E 197 St,8667.0,40.87142,-73.88839,40.86945,-73.89148,member,-1
45,469499,C8FF2AE4433B4EA1,classic_bike,2021-07-20 01:56:44,2021-07-20 01:58:20,Grand Concourse & E 199 St,8703,Grand Concourse & E 197 St,8667.0,40.87142,-73.88839,40.86945,-73.89148,member,-1
46,469500,15E474A6A54C8AF6,classic_bike,2021-07-21 21:15:41,2021-07-21 21:17:35,Grand Concourse & E 199 St,8703,Grand Concourse & E 197 St,8667.0,40.87142,-73.88839,40.86945,-73.89148,member,-1
47,469511,1EE88CF9724A1A5B,electric_bike,2021-07-07 21:07:35,2021-07-07 22:18:37,Grand Concourse & E 199 St,8703,Grand Concourse & E 197 St,8667.0,40.87142,-73.88839,40.86945,-73.89148,member,-1
48,469516,251F3E86B3061271,classic_bike,2021-07-07 14:52:24,2021-07-07 14:54:25,Grand Concourse & E 199 St,8703,Grand Concourse & E 197 St,8667.0,40.87142,-73.88839,40.86945,-73.89148,member,-1
49,469538,59DB1F1ED6E78591,electric_bike,2021-07-22 18:27:29,2021-07-22 20:19:28,Grand Concourse & E 199 St,8703,Grand Concourse & E 197 St,8667.0,40.87142,-73.88839,40.86945,-73.89148,casual,-1
50,469541,2202179D6165C520,electric_bike,2021-07-04 14:51:26,2021-07-04 14:53:34,Grand Concourse & E 199 St,8703,Grand Concourse & E 197 St,8667.0,40.87142,-73.88839,40.86945,-73.89148,casual,-1
51,486704,3DEE24F6EB822605,electric_bike,2021-07-01 15:54:45,2021-07-01 15:58:40,Grand Concourse & E 199 St,8703,Grand Concourse & E 205 St,8766.0,40.87142,-73.88839,40.875531,-73.8863864831,member,-1
52,486708,962AF9AB5C038DE3,electric_bike,2021-07-04 13:40:19,2021-07-04 14:55:27,Grand Concourse & E 199 St,8703,Grand Concourse & E 205 St,8766.0,40.87142,-73.88839,40.875531,-73.8863864831,member,-1
53,486712,08C09E53AEF2A0C0,electric_bike,2021-07-16 20:24:47,2021-07-16 20:28:05,Grand Concourse & E 199 St,8703,Grand Concourse & E 205 St,8766.0,40.87142,-73.88839,40.875531,-73.8863864831,casual,-1
54,487806,DCC80CE2FF785898,electric_bike,2021-07-21 20:00:52,2021-07-21 20:49:32,Grand Concourse & E 199 St,8703,Grand Concourse & E 205 St,8766.0,40.87142,-73.88839,40.875531,-73.8863864831,casual,-1
55,526604,AB3C5C667456C447,electric_bike,2021-07-06 07:43:24,2021-07-06 07:58:45,Grand Concourse & E 199 St,8703,E 174 St & Longfellow Ave,8144.0,40.87142,-73.88839,40.836274,-73.884308,member,-1
56,528209,1D3EAFD291C43210,electric_bike,2021-07-22 07:37:51,2021-07-22 07:50:50,Grand Concourse & E 199 St,8703,E 174 St & Longfellow Ave,8144.0,40.87142,-73.88839,40.836274,-73.884308,member,-1
57,528210,ECBA1A8FC21CBEC8,electric_bike,2021-07-12 07:47:45,2021-07-12 08:01:01,Grand Concourse & E 199 St,8703,E 174 St & Longfellow Ave,8144.0,40.87142,-73.88839,40.836274,-73.884308,member,-1
58,597097,1DD94EE17FFC2218,electric_bike,2021-07-21 17:35:02,2021-07-21 18:02:36,Grand Concourse & E 199 St,8703,Nelson Ave & 167 St,8183.0,40.87142,-73.88839,40.83670566862804,-73.92608866095543,casual,-1
59,611930,566690756ECCEA16,electric_bike,2021-07-09 17:52:14,2021-07-09 18:02:15,Grand Concourse & E 199 St,8703,Goulden Ave & W 205 St,8799.0,40.87142,-73.88839,40.87812,-73.89192,member,-1
60,611969,A21EAEC5CB39862A,classic_bike,2021-07-22 17:01:25,2021-07-22 17:07:43,Grand Concourse & E 199 St,8703,Goulden Ave & W 205 St,8799.0,40.87142,-73.88839,40.87812,-73.89192,member,-1
61,611970,AB4EB00072F4BF5A,classic_bike,2021-07-14 16:03:59,2021-07-14 16:09:11,Grand Concourse & E 199 St,8703,Goulden Ave & W 205 St,8799.0,40.87142,-73.88839,40.87812,-73.89192,member,-1
62,611972,43238E23CCAAAC32,classic_bike,2021-07-01 08:24:52,2021-07-01 08:29:24,Grand Concourse & E 199 St,8703,Goulden Ave & W 205 St,8799.0,40.87142,-73.88839,40.87812,-73.89192,member,-1
63,613612,297A5E069AE69CA8,classic_bike,2021-07-01 15:23:10,2021-07-01 16:02:04,Grand Concourse & E 199 St,8703,Goulden Ave & W 205 St,8799.0,40.87142,-73.88839,40.87812,-73.89192,member,-1
64,613700,64CB2EA5BE21A01F,classic_bike,2021-07-12 16:03:11,2021-07-12 16:07:10,Grand Concourse & E 199 St,8703,Goulden Ave & W 205 St,8799.0,40.87142,-73.88839,40.87812,-73.89192,member,-1
65,613701,7930A725596A09AE,classic_bike,2021-07-15 18:04:44,2021-07-15 18:09:29,Grand Concourse & E 199 St,8703,Goulden Ave & W 205 St,8799.0,40.87142,-73.88839,40.87812,-73.89192,member,-1
66,613702,B962FAD6E558191A,electric_bike,2021-07-17 18:21:22,2021-07-17 18:25:09,Grand Concourse & E 199 St,8703,Goulden Ave & W 205 St,8799.0,40.87142,-73.88839,40.87812,-73.89192,member,-1
67,613704,730BEC06EBCB84F4,electric_bike,2021-07-02 15:30:44,2021-07-02 15:34:06,Grand Concourse & E 199 St,8703,Goulden Ave & W 205 St,8799.0,40.87142,-73.88839,40.87812,-73.89192,member,-1
68,613967,438C1C5D33B6F9AC,electric_bike,2021-07-18 16:52:23,2021-07-18 16:55:37,Grand Concourse & E 199 St,8703,Goulden Ave & W 205 St,8799.0,40.87142,-73.88839,40.87812,-73.89192,member,-1
69,629031,2CC9906427D30D8E,electric_bike,2021-07-03 18:26:29,2021-07-03 19:34:00,Grand Concourse & E 199 St,8703,Jerome Ave & Bedford Park Blvd E,8734.0,40.87142,-73.88839,40.87307,-73.88971,casual,-1
70,629038,99E7A53CF6E4E6A8,electric_bike,2021-07-15 08:31:05,2021-07-15 08:32:16,Grand Concourse & E 199 St,8703,Jerome Ave & Bedford Park Blvd E,8734.0,40.87142,-73.88839,40.87307,-73.88971,member,-1
71,629054,B0BAD9A220C4C77E,electric_bike,2021-07-27 15:12:26,2021-07-27 15:14:00,Grand Concourse & E 199 St,8703,Jerome Ave & Bedford Park Blvd E,8734.0,40.87142,-73.88839,40.87307,-73.88971,member,-1
72,629055,15D0B5677F0920C5,classic_bike,2021-07-15 05:24:07,2021-07-15 05:25:39,Grand Concourse & E 199 St,8703,Jerome Ave & Bedford Park Blvd E,8734.0,40.87142,-73.88839,40.87307,-73.88971,member,-1
73,629084,981DDE696FDA051E,docked_bike,2021-07-11 22:22:55,2021-07-11 23:34:01,Grand Concourse & E 199 St,8703,Jerome Ave & Bedford Park Blvd E,8734.0,40.87142,-73.88839,40.87307,-73.88971,casual,-1
74,685779,97C45D070671C5A3,classic_bike,2021-07-19 17:50:00,2021-07-19 18:04:10,Grand Concourse & E 199 St,8703,Aqueduct Ave & North St,8535.0,40.87142,-73.88839,40.8604787,-73.9057169936,casual,-1
75,705295,346894CAC74E0B6C,electric_bike,2021-07-15 00:57:21,2021-07-15 01:01:04,Grand Concourse & E 199 St,8703,Botanical Sq & Webster Ave,8646.0,40.87142,-73.88839,40.86814,-73.88145,member,-1
76,705368,1889122FA7C5F429,classic_bike,2021-07-28 16:20:36,2021-07-28 16:28:22,Grand Concourse & E 199 St,8703,Botanical Sq & Webster Ave,8646.0,40.87142,-73.88839,40.86814,-73.88145,member,-1
77,724955,2A1899C46E7ABB98,classic_bike,2021-07-30 16:21:58,2021-07-30 16:25:19,Grand Concourse & E 199 St,8703,Grand Concourse & E Mosholu Pkwy S,8795.0,40.87142,-73.88839,40.877964,-73.8847550291,casual,-1
78,749022,9F31F4FB427E5698,classic_bike,2021-07-18 15:23:55,2021-07-18 15:30:37,Botanical Sq & Webster Ave,8646,Grand Concourse & E 199 St,8703.0,40.86814,-73.88145,40.87142,-73.88839,member,1
79,749023,0A1B635AF6EEBA13,electric_bike,2021-07-07 18:08:46,2021-07-07 18:21:11,Botanical Sq & Webster Ave,8646,Grand Concourse & E 199 St,8703.0,40.86814,-73.88145,40.87142,-73.88839,member,1
80,749024,0FACCE0D28A7A567,electric_bike,2021-07-16 19:46:27,2021-07-16 19:51:36,Botanical Sq & Webster Ave,8646,Grand Concourse & E 199 St,8703.0,40.86814,-73.88145,40.87142,-73.88839,member,1
81,749189,2E791692E043153F,electric_bike,2021-07-18 18:15:05,2021-07-18 18:19:52,Decatur Ave & Oliver Pl,8631,Grand Concourse & E 199 St,8703.0,40.867,-73.8857764,40.87142,-73.88839,member,1
82,749643,03B621B195F3A89E,classic_bike,2021-07-22 18:14:41,2021-07-22 18:24:25,Bainbridge Ave & E 196 St,8615,Grand Concourse & E 199 St,8703.0,40.86648,-73.89042,40.87142,-73.88839,casual,1
83,749869,2B4E165C8F64F58D,electric_bike,2021-07-11 14:24:00,2021-07-11 14:33:03,Grand Ave & W Fordham Rd,8571,Grand Concourse & E 199 St,8703.0,40.86288,-73.90316,40.87142,-73.88839,casual,1
84,749930,731932958AD19981,electric_bike,2021-07-05 20:52:36,2021-07-05 21:03:38,Jerome Ave & W 184 St,8550,Grand Concourse & E 199 St,8703.0,40.860814,-73.902541,40.87142,-73.88839,casual,1
85,750568,FD79D9FE38F57A33,classic_bike,2021-07-25 01:27:16,2021-07-25 01:31:15,Paul Ave & W 205 St,8782,Grand Concourse & E 199 St,8703.0,40.87704,-73.88943,40.87142,-73.88839,member,1
86,750569,BB587CA4C6393EE1,electric_bike,2021-07-05 23:22:30,2021-07-05 23:33:26,Paul Ave & W 205 St,8782,Grand Concourse & E 199 St,8703.0,40.87704,-73.88943,40.87142,-73.88839,member,1
87,750571,D412EAAE00D4B871,electric_bike,2021-07-02 08:57:21,2021-07-02 09:01:23,Paul Ave & W 205 St,8782,Grand Concourse & E 199 St,8703.0,40.87704,-73.88943,40.87142,-73.88839,member,1
88,750630,278801367568595B,classic_bike,2021-07-09 21:38:58,2021-07-09 21:50:21,Grand Concourse & E Mosholu Pkwy S,8795,Grand Concourse & E 199 St,8703.0,40.877964,-73.8847550291,40.87142,-73.88839,member,1
89,750732,54A709F5B9678237,classic_bike,2021-07-11 20:55:12,2021-07-11 21:03:14,Bedford Park Blvd & Paul Ave,8752,Grand Concourse & E 199 St,8703.0,40.87444,-73.89186,40.87142,-73.88839,casual,1
90,750777,5DD5D3D208C81AA3,electric_bike,2021-07-22 08:24:21,2021-07-22 08:26:18,Bainbridge Ave & Bedford Park Blvd,8682,Grand Concourse & E 199 St,8703.0,40.87002,-73.88565,40.87142,-73.88839,member,1
91,750788,9740D6382CA84DF9,electric_bike,2021-07-12 07:06:15,2021-07-12 07:08:34,Bainbridge Ave & Bedford Park Blvd,8682,Grand Concourse & E 199 St,8703.0,40.87002,-73.88565,40.87142,-73.88839,casual,1
92,750793,8D6A63D77F6DF5A8,classic_bike,2021-07-06 07:23:09,2021-07-06 07:25:24,Bainbridge Ave & Bedford Park Blvd,8682,Grand Concourse & E 199 St,8703.0,40.87002,-73.88565,40.87142,-73.88839,casual,1
93,750811,36339E08D936A7D0,electric_bike,2021-07-17 12:41:39,2021-07-17 12:43:48,Bainbridge Ave & Bedford Park Blvd,8682,Grand Concourse & E 199 St,8703.0,40.87002,-73.88565,40.87142,-73.88839,member,1
94,750812,804BE9AD3BB5DE42,classic_bike,2021-07-11 13:48:00,2021-07-11 13:49:59,Bainbridge Ave & Bedford Park Blvd,8682,Grand Concourse & E 199 St,8703.0,40.87002,-73.88565,40.87142,-73.88839,member,1
95,750813,47D59242409ED10F,classic_bike,2021-07-10 15:14:37,2021-07-10 15:16:30,Bainbridge Ave & Bedford Park Blvd,8682,Grand Concourse & E 199 St,8703.0,40.87002,-73.88565,40.87142,-73.88839,member,1
96,750814,435DF4234E7DF5C2,electric_bike,2021-07-01 15:46:31,2021-07-01 15:48:12,Bainbridge Ave & Bedford Park Blvd,8682,Grand Concourse & E 199 St,8703.0,40.87002,-73.88565,40.87142,-73.88839,member,1
97,750815,4F31A946C410CE2D,classic_bike,2021-07-28 13:18:02,2021-07-28 13:20:25,Bainbridge Ave & Bedford Park Blvd,8682,Grand Concourse & E 199 St,8703.0,40.87002,-73.88565,40.87142,-73.88839,member,1
98,750816,FE6A48B2E14E3E9E,electric_bike,2021-07-23 13:31:10,2021-07-23 13:32:46,Bainbridge Ave & Bedford Park Blvd,8682,Grand Concourse & E 199 St,8703.0,40.87002,-73.88565,40.87142,-73.88839,member,1
99,750817,DD0F51B8910226BE,classic_bike,2021-07-29 13:28:12,2021-07-29 13:30:30,Bainbridge Ave & Bedford Park Blvd,8682,Grand Concourse & E 199 St,8703.0,40.87002,-73.88565,40.87142,-73.88839,member,1
100,750834,D2834FD790353239,classic_bike,2021-07-06 16:54:17,2021-07-06 16:56:48,Bainbridge Ave & Bedford Park Blvd,8682,Grand Concourse & E 199 St,8703.0,40.87002,-73.88565,40.87142,-73.88839,member,1
101,750850,F806A8B26653C264,electric_bike,2021-07-09 13:09:15,2021-07-09 13:15:25,Bainbridge Ave & Bedford Park Blvd,8682,Grand Concourse & E 199 St,8703.0,40.87002,-73.88565,40.87142,-73.88839,casual,1
102,750867,E2439E89DBD3655F,electric_bike,2021-07-04 13:35:37,2021-07-04 13:37:23,Bainbridge Ave & Bedford Park Blvd,8682,Grand Concourse & E 199 St,8703.0,40.87002,-73.88565,40.87142,-73.88839,member,1
103,750868,06AA6EC01A5B91E2,electric_bike,2021-07-07 12:58:16,2021-07-07 12:59:50,Bainbridge Ave & Bedford Park Blvd,8682,Grand Concourse & E 199 St,8703.0,40.87002,-73.88565,40.87142,-73.88839,member,1
104,750869,3536F23D9D4B6E91,classic_bike,2021-07-27 09:54:17,2021-07-27 09:56:31,Bainbridge Ave & Bedford Park Blvd,8682,Grand Concourse & E 199 St,8703.0,40.87002,-73.88565,40.87142,-73.88839,member,1
105,750870,038DE0016F0FC1CC,classic_bike,2021-07-08 12:24:48,2021-07-08 12:27:11,Bainbridge Ave & Bedford Park Blvd,8682,Grand Concourse & E 199 St,8703.0,40.87002,-73.88565,40.87142,-73.88839,member,1
106,750871,4347C29A9C22C370,electric_bike,2021-07-03 15:49:12,2021-07-03 15:51:06,Bainbridge Ave & Bedford Park Blvd,8682,Grand Concourse & E 199 St,8703.0,40.87002,-73.88565,40.87142,-73.88839,member,1
107,750892,D16485FE67C95C34,electric_bike,2021-07-17 04:53:44,2021-07-17 05:09:24,W 180 St & Ft Washington Ave,8358,Grand Concourse & E 199 St,8703.0,40.849972,-73.938423,40.87142,-73.88839,casual,1
108,751048,56E9F89C8D15BDA5,electric_bike,2021-07-29 15:24:14,2021-07-29 15:29:14,Goulden Ave & W 205 St,8799,Grand Concourse & E 199 St,8703.0,40.87812,-73.89192,40.87142,-73.88839,member,1
109,751049,169B6457B0FD23FB,electric_bike,2021-07-09 16:16:08,2021-07-09 16:20:01,Goulden Ave & W 205 St,8799,Grand Concourse & E 199 St,8703.0,40.87812,-73.89192,40.87142,-73.88839,member,1
110,751112,B06067A96BDC416B,electric_bike,2021-07-23 11:20:34,2021-07-23 11:24:51,Bainbridge Ave & E 196 St,8615,Grand Concourse & E 199 St,8703.0,40.86648,-73.89042,40.87142,-73.88839,casual,1
111,751192,10EF6A5DC764F35E,electric_bike,2021-07-08 05:00:28,2021-07-08 05:03:18,Decatur Ave & Bedford Park Blvd,8664,Grand Concourse & E 199 St,8703.0,40.86813,-73.88412,40.87142,-73.88839,casual,1
112,751245,0E4926808182BA01,electric_bike,2021-07-10 06:59:50,2021-07-10 07:21:14,Creston Ave & E 181 St,8456,Grand Concourse & E 199 St,8703.0,40.8549,-73.90281,40.87142,-73.88839,member,1
113,751505,4E70E806FCA35B29,electric_bike,2021-07-08 14:20:30,2021-07-08 14:24:39,Grand Concourse & E 192 St,8601,Grand Concourse & E 199 St,8703.0,40.86448,-73.89522,40.87142,-73.88839,casual,1
114,751510,6FD15D43AEAA3393,electric_bike,2021-07-02 19:19:40,2021-07-02 19:27:34,Grand Concourse & E 192 St,8601,Grand Concourse & E 199 St,8703.0,40.86448,-73.89522,40.87142,-73.88839,casual,1
115,751511,915A857D5DDE58D3,electric_bike,2021-07-06 02:01:15,2021-07-06 02:04:33,Grand Concourse & E 192 St,8601,Grand Concourse & E 199 St,8703.0,40.86448,-73.89522,40.87142,-73.88839,casual,1
116,751567,7AD250976E5635A0,classic_bike,2021-07-10 02:10:09,2021-07-10 02:21:34,Grand Concourse & E 192 St,8601,Grand Concourse & E 199 St,8703.0,40.86448,-73.89522,40.87142,-73.88839,casual,1
117,751569,BCF5701CAB305FD5,electric_bike,2021-07-09 17:09:02,2021-07-09 17:13:09,Grand Concourse & E 192 St,8601,Grand Concourse & E 199 St,8703.0,40.86448,-73.89522,40.87142,-73.88839,casual,1
118,751625,7EEDE73DAE6D8F68,classic_bike,2021-07-14 18:11:56,2021-07-14 18:15:49,Bedford Park Blvd & Paul Ave,8752,Grand Concourse & E 199 St,8703.0,40.87444,-73.89186,40.87142,-73.88839,member,1
119,751700,ECF47FB2F6F95A4A,electric_bike,2021-07-06 21:20:16,2021-07-06 21:31:17,Webster Ave & Ford St,8472,Grand Concourse & E 199 St,8703.0,40.85556,-73.89615,40.87142,-73.88839,casual,1
120,751775,B07A789792D11C58,electric_bike,2021-07-04 01:19:12,2021-07-04 01:24:42,Paul Ave & W 205 St,8782,Grand Concourse & E 199 St,8703.0,40.87704,-73.88943,40.87142,-73.88839,member,1
121,751791,7C36EEA2048D0B79,classic_bike,2021-07-22 18:16:26,2021-07-22 18:26:29,Bainbridge Ave & E 196 St,8615,Grand Concourse & E 199 St,8703.0,40.86648,-73.89042,40.87142,-73.88839,casual,1
122,751972,A351F38070BA4F7B,classic_bike,2021-07-30 22:12:03,2021-07-30 22:13:56,Bainbridge Ave & Bedford Park Blvd,8682,Grand Concourse & E 199 St,8703.0,40.87002,-73.88565,40.87142,-73.88839,member,1
123,752088,620AF5863223DD2B,electric_bike,2021-07-01 15:50:15,2021-07-01 15:56:23,Botanical Sq & Webster Ave,8646,Grand Concourse & E 199 St,8703.0,40.86814,-73.88145,40.87142,-73.88839,member,1
124,752097,D3E202B5F7B80101,electric_bike,2021-07-14 01:51:34,2021-07-14 01:56:33,Botanical Sq & Webster Ave,8646,Grand Concourse & E 199 St,8703.0,40.86814,-73.88145,40.87142,-73.88839,member,1
125,752105,D2D597B85918620F,electric_bike,2021-07-04 14:23:27,2021-07-04 14:31:04,Botanical Sq & Webster Ave,8646,Grand Concourse & E 199 St,8703.0,40.86814,-73.88145,40.87142,-73.88839,member,1
126,752440,D2633CD9DB200A56,classic_bike,2021-07-13 15:56:36,2021-07-13 16:03:53,Marion Ave & Mosholu Pkwy,8699,Grand Concourse & E 199 St,8703.0,40.8704956,-73.8818756582,40.87142,-73.88839,member,1
127,752640,E1BBBA1BD7289786,electric_bike,2021-07-01 16:22:14,2021-07-01 16:26:14,Bedford Park Blvd & Paul Ave,8752,Grand Concourse & E 199 St,8703.0,40.87444,-73.89186,40.87142,-73.88839,member,1
128,752644,42C0BD30E7346431,electric_bike,2021-07-07 19:03:33,2021-07-07 19:07:57,Bedford Park Blvd & Paul Ave,8752,Grand Concourse & E 199 St,8703.0,40.87444,-73.89186,40.87142,-73.88839,member,1
129,752774,1925C3B815325519,electric_bike,2021-07-21 12:13:37,2021-07-21 12:27:04,Bailey Ave & W 193 St,8676,Grand Concourse & E 199 St,8703.0,40.87069,-73.90678,40.87142,-73.88839,casual,1
130,752902,C05E704E14438CD6,classic_bike,2021-07-23 01:48:14,2021-07-23 01:51:31,Grand Concourse & E 205 St,8766,Grand Concourse & E 199 St,8703.0,40.875531,-73.8863864831,40.87142,-73.88839,casual,1
131,753140,B638C8DFCCAA465A,classic_bike,2021-07-19 11:48:06,2021-07-19 11:50:29,Bainbridge Ave & Bedford Park Blvd,8682,Grand Concourse & E 199 St,8703.0,40.87002,-73.88565,40.87142,-73.88839,member,1
132,753141,10B4DBBC8BCEEB59,classic_bike,2021-07-05 14:17:33,2021-07-05 14:19:45,Bainbridge Ave & Bedford Park Blvd,8682,Grand Concourse & E 199 St,8703.0,40.87002,-73.88565,40.87142,-73.88839,member,1
133,753142,8B12F1DDDB52A79E,electric_bike,2021-07-01 19:49:08,2021-07-01 20:14:57,Bainbridge Ave & Bedford Park Blvd,8682,Grand Concourse & E 199 St,8703.0,40.87002,-73.88565,40.87142,-73.88839,casual,1
134,753178,CC1992C7E445C6D4,electric_bike,2021-07-09 14:38:45,2021-07-09 14:40:46,Bainbridge Ave & Bedford Park Blvd,8682,Grand Concourse & E 199 St,8703.0,40.87002,-73.88565,40.87142,-73.88839,member,1
135,753179,CE404BEEDC8C8E2D,classic_bike,2021-07-14 13:11:48,2021-07-14 13:14:01,Bainbridge Ave & Bedford Park Blvd,8682,Grand Concourse & E 199 St,8703.0,40.87002,-73.88565,40.87142,-73.88839,member,1
136,753180,E4DE1F74F59469CD,classic_bike,2021-07-21 14:42:07,2021-07-21 14:45:07,Bainbridge Ave & Bedford Park Blvd,8682,Grand Concourse & E 199 St,8703.0,40.87002,-73.88565,40.87142,-73.88839,member,1
137,753181,C0D362CE560956EE,classic_bike,2021-07-24 12:58:11,2021-07-24 13:00:19,Bainbridge Ave & Bedford Park Blvd,8682,Grand Concourse & E 199 St,8703.0,40.87002,-73.88565,40.87142,-73.88839,member,1
138,753182,100A618F7AAD2439,electric_bike,2021-07-13 13:28:42,2021-07-13 13:30:21,Bainbridge Ave & Bedford Park Blvd,8682,Grand Concourse & E 199 St,8703.0,40.87002,-73.88565,40.87142,-73.88839,member,1
139,753183,FB078E5BE552EDAF,classic_bike,2021-07-31 12:59:35,2021-07-31 13:01:57,Bainbridge Ave & Bedford Park Blvd,8682,Grand Concourse & E 199 St,8703.0,40.87002,-73.88565,40.87142,-73.88839,member,1
140,753184,258633DDD71C8E4C,classic_bike,2021-07-12 14:13:58,2021-07-12 14:16:05,Bainbridge Ave & Bedford Park Blvd,8682,Grand Concourse & E 199 St,8703.0,40.87002,-73.88565,40.87142,-73.88839,member,1
141,753186,B486C87974A3C575,electric_bike,2021-07-02 16:10:10,2021-07-02 16:11:53,Bainbridge Ave & Bedford Park Blvd,8682,Grand Concourse & E 199 St,8703.0,40.87002,-73.88565,40.87142,-73.88839,member,1
142,753215,AE783E47B20D932C,classic_bike,2021-07-22 14:03:03,2021-07-22 14:08:09,Jerome Ave & W 193 St,8619,Grand Concourse & E 199 St,8703.0,40.86659,-73.89794,40.87142,-73.88839,member,1
143,753440,89123EDEA16A27BB,electric_bike,2021-07-10 07:09:11,2021-07-10 07:11:44,Decatur Ave & Bedford Park Blvd,8664,Grand Concourse & E 199 St,8703.0,40.86813,-73.88412,40.87142,-73.88839,member,1
144,753452,40C47329D7B5919A,classic_bike,2021-07-26 15:51:50,2021-07-26 16:16:02,Decatur Ave & Bedford Park Blvd,8664,Grand Concourse & E 199 St,8703.0,40.86813,-73.88412,40.87142,-73.88839,casual,1
145,753522,BB6F70FEF760B080,electric_bike,2021-07-05 11:29:52,2021-07-05 11:37:22,Grand Ave & W Fordham Rd,8571,Grand Concourse & E 199 St,8703.0,40.86288,-73.90316,40.87142,-73.88839,casual,1
146,753524,1079FDDC2D1479FD,electric_bike,2021-07-14 09:17:36,2021-07-14 09:31:14,W Tremont Ave & Montgomery Ave,8407,Grand Concourse & E 199 St,8703.0,40.851788,-73.916418,40.87142,-73.88839,casual,1
147,753717,3285A0CE352FC10D,electric_bike,2021-07-01 09:56:48,2021-07-01 09:59:06,Decatur Ave & Bedford Park Blvd,8664,Grand Concourse & E 199 St,8703.0,40.86813,-73.88412,40.87142,-73.88839,member,1
148,753743,20A1DCEE848A2107,electric_bike,2021-07-27 02:24:54,2021-07-27 02:28:03,Decatur Ave & Bedford Park Blvd,8664,Grand Concourse & E 199 St,8703.0,40.86813,-73.88412,40.87142,-73.88839,member,1
149,753753,6D5189C207D86B8E,classic_bike,2021-07-19 14:24:52,2021-07-19 14:31:35,Decatur Ave & Bedford Park Blvd,8664,Grand Concourse & E 199 St,8703.0,40.86813,-73.88412,40.87142,-73.88839,casual,1
150,753861,BF941E866D542FA1,electric_bike,2021-07-14 17:15:16,2021-07-14 17:20:14,Grand Concourse & E Mosholu Pkwy S,8795,Grand Concourse & E 199 St,8703.0,40.877964,-73.8847550291,40.87142,-73.88839,casual,1
151,753869,5171EF609F85EAAC,electric_bike,2021-07-05 22:29:32,2021-07-05 22:57:18,Lenox Ave & W 144 St,7910,Grand Concourse & E 199 St,8703.0,40.819783,-73.936521,40.87142,-73.88839,member,1
152,753937,104FDF71DF73E4FD,electric_bike,2021-07-27 13:56:48,2021-07-27 14:05:25,Jerome Ave & Bedford Park Blvd E,8734,Grand Concourse & E 199 St,8703.0,40.87307,-73.88971,40.87142,-73.88839,member,1
153,753938,E650716BA1D2268C,electric_bike,2021-07-27 16:06:09,2021-07-27 16:15:30,Jerome Ave & Bedford Park Blvd E,8734,Grand Concourse & E 199 St,8703.0,40.87307,-73.88971,40.87142,-73.88839,member,1
154,753939,601692DFC0927E56,classic_bike,2021-07-15 14:02:43,2021-07-15 14:05:21,Jerome Ave & Bedford Park Blvd E,8734,Grand Concourse & E 199 St,8703.0,40.87307,-73.88971,40.87142,-73.88839,member,1
155,753940,12153DDCDDC9EA88,electric_bike,2021-07-28 14:02:45,2021-07-28 14:05:17,Jerome Ave & Bedford Park Blvd E,8734,Grand Concourse & E 199 St,8703.0,40.87307,-73.88971,40.87142,-73.88839,member,1
156,754060,734A50B7F73B7789,electric_bike,2021-07-02 18:29:18,2021-07-02 18:57:31,Bedford Park Blvd & Paul Ave,8752,Grand Concourse & E 199 St,8703.0,40.87444,-73.89186,40.87142,-73.88839,casual,1
157,754087,113C6182B2BB953C,electric_bike,2021-07-11 02:48:05,2021-07-11 02:59:08,W 204 St & Nagle Ave,8579,Grand Concourse & E 199 St,8703.0,40.863211,-73.920827,40.87142,-73.88839,casual,1
158,754246,FF5F7EB9C7669D2B,electric_bike,2021-07-09 19:22:48,2021-07-09 19:24:27,Bainbridge Ave & Bedford Park Blvd,8682,Grand Concourse & E 199 St,8703.0,40.87002,-73.88565,40.87142,-73.88839,member,1
159,754371,C6E5D940AD7A77B9,electric_bike,2021-07-28 22:28:49,2021-07-28 22:40:22,Grand Concourse & E 199 St,8703,Grand Concourse & E 199 St,8703.0,40.87142,-73.88839,40.87142,-73.88839,casual,0
160,754403,81CA053E77C3BA5E,classic_bike,2021-07-18 16:16:11,2021-07-18 16:31:56,Grand Concourse & E 199 St,8703,Grand Concourse & E 199 St,8703.0,40.87142,-73.88839,40.87142,-73.88839,member,0
161,754464,C20287DFCD53E18E,docked_bike,2021-07-05 16:16:37,2021-07-05 16:46:35,Grand Concourse & E 199 St,8703,Grand Concourse & E 199 St,8703.0,40.87142,-73.88839,40.87142,-73.88839,casual,0
162,754465,BEC2C1CCA9D34D6F,docked_bike,2021-07-05 15:45:47,2021-07-05 16:14:08,Grand Concourse & E 199 St,8703,Grand Concourse & E 199 St,8703.0,40.87142,-73.88839,40.87142,-73.88839,casual,0
163,754755,6430C43112CE38F8,electric_bike,2021-07-13 06:58:05,2021-07-13 07:02:41,Decatur Ave & Bedford Park Blvd,8664,Grand Concourse & E 199 St,8703.0,40.86813,-73.88412,40.87142,-73.88839,casual,1
164,754802,9563A2AB380EE484,electric_bike,2021-07-11 18:35:41,2021-07-11 18:40:36,Grand Concourse & E 192 St,8601,Grand Concourse & E 199 St,8703.0,40.86448,-73.89522,40.87142,-73.88839,casual,1
165,755256,DEB7E2D3FFE91B8C,classic_bike,2021-07-06 07:40:56,2021-07-06 07:42:45,Bainbridge Ave & Bedford Park Blvd,8682,Grand Concourse & E 199 St,8703.0,40.87002,-73.88565,40.87142,-73.88839,member,1
166,755291,ACB2700EEBC8E1A0,electric_bike,2021-07-02 14:37:15,2021-07-02 14:51:29,10 Ave & W 207 St,8613,Grand Concourse & E 199 St,8703.0,40.864632,-73.918598,40.87142,-73.88839,member,1
167,755305,1AAC99E7B561FAF5,electric_bike,2021-07-16 19:38:13,2021-07-16 20:54:34,Bainbridge Ave & Bedford Park Blvd,8682,Grand Concourse & E 199 St,8703.0,40.87002,-73.88565,40.87142,-73.88839,member,1
168,755421,8DD235489D679BCF,electric_bike,2021-07-11 10:59:58,2021-07-11 11:09:42,Jerome Ave & W 184 St,8550,Grand Concourse & E 199 St,8703.0,40.860814,-73.902541,40.87142,-73.88839,casual,1
169,755422,8D7589C328AE7C52,electric_bike,2021-07-16 16:41:07,2021-07-16 16:50:16,Jerome Ave & W 184 St,8550,Grand Concourse & E 199 St,8703.0,40.860814,-73.902541,40.87142,-73.88839,casual,1
170,755586,BA60DCB720317F1E,electric_bike,2021-07-12 16:05:35,2021-07-12 16:07:57,Bedford Park Blvd & Paul Ave,8752,Grand Concourse & E 199 St,8703.0,40.87444,-73.89186,40.87142,-73.88839,casual,1
171,755615,49A39DF4DD8D8009,classic_bike,2021-07-02 13:14:16,2021-07-02 13:21:46,Jerome Ave & W 193 St,8619,Grand Concourse & E 199 St,8703.0,40.86659,-73.89794,40.87142,-73.88839,member,1
172,755732,066F2EC347B0C024,classic_bike,2021-07-15 00:56:24,2021-07-15 01:02:13,Jerome Ave & Bedford Park Blvd E,8734,Grand Concourse & E 199 St,8703.0,40.87307,-73.88971,40.87142,-73.88839,member,1
173,755837,993227EBC0A1A9AE,classic_bike,2021-07-21 17:45:33,2021-07-21 18:07:36,Decatur Ave & Bedford Park Blvd,8664,Grand Concourse & E 199 St,8703.0,40.86813,-73.88412,40.87142,-73.88839,casual,1
174,755842,24138D9C44FD10CE,classic_bike,2021-07-18 17:53:31,2021-07-18 17:57:39,Decatur Ave & Bedford Park Blvd,8664,Grand Concourse & E 199 St,8703.0,40.86813,-73.88412,40.87142,-73.88839,member,1
175,755853,A957FA850D1D5A0C,electric_bike,2021-07-20 01:55:45,2021-07-20 01:59:01,Decatur Ave & Bedford Park Blvd,8664,Grand Concourse & E 199 St,8703.0,40.86813,-73.88412,40.87142,-73.88839,member,1
176,755854,F326267D8031B48A,electric_bike,2021-07-23 01:52:36,2021-07-23 01:55:03,Decatur Ave & Bedford Park Blvd,8664,Grand Concourse & E 199 St,8703.0,40.86813,-73.88412,40.87142,-73.88839,member,1
177,755859,C51EC7977D34E8AC,electric_bike,2021-07-21 01:51:25,2021-07-21 01:54:52,Decatur Ave & Bedford Park Blvd,8664,Grand Concourse & E 199 St,8703.0,40.86813,-73.88412,40.87142,-73.88839,member,1
178,755949,A770E0E6ED9173D7,electric_bike,2021-07-30 17:41:46,2021-07-30 18:13:38,Goulden Ave & Bedford Park Blvd W,8738,Grand Concourse & E 199 St,8703.0,40.87387,-73.89533,40.87142,-73.88839,member,1
179,756225,3CC17EEEA10064F0,electric_bike,2021-07-02 15:14:28,2021-07-02 15:19:07,Tiebout Ave & E Fordham Road,8546,Grand Concourse & E 199 St,8703.0,40.861915,-73.894831,40.87142,-73.88839,member,1
180,756412,0E3311FE46607BB3,electric_bike,2021-07-13 15:19:31,2021-07-13 15:32:05,Jerome Ave & E 198 St,8720,Grand Concourse & E 199 St,8703.0,40.87144520687118,-73.89289632439613,40.87142,-73.88839,casual,1
181,756482,A2E47DB97C3AAD93,classic_bike,2021-07-15 08:28:13,2021-07-15 08:30:07,Bainbridge Ave & Bedford Park Blvd,8682,Grand Concourse & E 199 St,8703.0,40.87002,-73.88565,40.87142,-73.88839,member,1
182,756555,F7ED325D1B916938,electric_bike,2021-07-21 13:58:54,2021-07-21 14:02:56,Jerome Ave & W 193 St,8619,Grand Concourse & E 199 St,8703.0,40.86659,-73.89794,40.87142,-73.88839,member,1
183,756781,1C82339D974D3C28,electric_bike,2021-07-14 22:44:35,2021-07-14 23:27:16,9 Ave & W 206 St,8594,Grand Concourse & E 199 St,8703.0,40.86308937813274,-73.9175833761692,40.87142,-73.88839,casual,1
184,756909,D06626CA668CAAB3,electric_bike,2021-07-23 20:41:15,2021-07-23 20:45:56,Paul Ave & W 205 St,8782,Grand Concourse & E 199 St,8703.0,40.87704,-73.88943,40.87142,-73.88839,member,1
185,757013,901E78B72082B839,electric_bike,2021-07-16 02:38:11,2021-07-16 02:58:19,Isham St & Broadway,8665,Grand Concourse & E 199 St,8703.0,40.86788,-73.919685,40.87142,-73.88839,casual,1
186,757017,C2950B68C09338C4,electric_bike,2021-07-22 17:50:13,2021-07-22 17:57:28,Jerome Ave & W Fordham Rd,8586,Grand Concourse & E 199 St,8703.0,40.86294,-73.90108,40.87142,-73.88839,member,1
187,757073,0BBFC42AAEBDA14D,classic_bike,2021-07-18 20:06:49,2021-07-18 20:10:53,Paul Ave & W 205 St,8782,Grand Concourse & E 199 St,8703.0,40.87704,-73.88943,40.87142,-73.88839,member,1
188,757075,B3B9FD37FEC380BA,electric_bike,2021-07-10 03:24:24,2021-07-10 03:29:40,Paul Ave & W 205 St,8782,Grand Concourse & E 199 St,8703.0,40.87704,-73.88943,40.87142,-73.88839,member,1
189,757089,450E76AB60C3EBE8,classic_bike,2021-07-18 17:50:33,2021-07-18 17:57:37,Decatur Ave & Bedford Park Blvd,8664,Grand Concourse & E 199 St,8703.0,40.86813,-73.88412,40.87142,-73.88839,member,1
190,757096,C8DAF7ED963953A8,electric_bike,2021-07-12 06:58:41,2021-07-12 07:00:56,Decatur Ave & Bedford Park Blvd,8664,Grand Concourse & E 199 St,8703.0,40.86813,-73.88412,40.87142,-73.88839,member,1
191,757097,E6DDF67077509570,electric_bike,2021-07-07 09:47:33,2021-07-07 09:50:49,Decatur Ave & Bedford Park Blvd,8664,Grand Concourse & E 199 St,8703.0,40.86813,-73.88412,40.87142,-73.88839,member,1
192,757098,BE3540DD2344CE0C,electric_bike,2021-07-02 09:59:03,2021-07-02 10:02:04,Decatur Ave & Bedford Park Blvd,8664,Grand Concourse & E 199 St,8703.0,40.86813,-73.88412,40.87142,-73.88839,member,1
193,757099,84695071E8479F04,electric_bike,2021-07-14 04:57:50,2021-07-14 05:00:24,Decatur Ave & Bedford Park Blvd,8664,Grand Concourse & E 199 St,8703.0,40.86813,-73.88412,40.87142,-73.88839,member,1
194,757100,DE95C9790BC3DF7D,electric_bike,2021-07-08 09:50:12,2021-07-08 09:53:07,Decatur Ave & Bedford Park Blvd,8664,Grand Concourse & E 199 St,8703.0,40.86813,-73.88412,40.87142,-73.88839,member,1
195,757101,0F58C69228D79E5F,electric_bike,2021-07-06 09:55:58,2021-07-06 09:58:42,Decatur Ave & Bedford Park Blvd,8664,Grand Concourse & E 199 St,8703.0,40.86813,-73.88412,40.87142,-73.88839,member,1
196,757102,78255955E0F8621E,classic_bike,2021-07-18 17:44:55,2021-07-18 17:48:03,Decatur Ave & Bedford Park Blvd,8664,Grand Concourse & E 199 St,8703.0,40.86813,-73.88412,40.87142,-73.88839,member,1
197,757504,12133AF1235ADF8F,electric_bike,2021-07-16 12:55:34,2021-07-16 13:14:42,Grand Concourse & E 161 St,8021,Grand Concourse & E 199 St,8703.0,40.82713380423556,-73.9227358996868,40.87142,-73.88839,casual,1
198,757613,9C70E175B0938F74,classic_bike,2021-07-22 17:53:21,2021-07-22 17:59:30,Goulden Ave & W 205 St,8799,Grand Concourse & E 199 St,8703.0,40.87812,-73.89192,40.87142,-73.88839,member,1
199,757616,AA8DCDDDC5A230DC,electric_bike,2021-07-12 19:17:06,2021-07-12 19:21:54,Goulden Ave & W 205 St,8799,Grand Concourse & E 199 St,8703.0,40.87812,-73.89192,40.87142,-73.88839,member,1
200,757617,A7BF7E0A48A08C4B,electric_bike,2021-07-02 20:31:00,2021-07-02 20:34:09,Goulden Ave & W 205 St,8799,Grand Concourse & E 199 St,8703.0,40.87812,-73.89192,40.87142,-73.88839,member,1
201,757618,6C4ACAC7B04CE278,classic_bike,2021-07-15 18:17:32,2021-07-15 18:25:48,Goulden Ave & W 205 St,8799,Grand Concourse & E 199 St,8703.0,40.87812,-73.89192,40.87142,-73.88839,member,1
202,757619,B6391C8F7AE4A1D9,electric_bike,2021-07-22 19:31:22,2021-07-22 20:02:29,Goulden Ave & W 205 St,8799,Grand Concourse & E 199 St,8703.0,40.87812,-73.89192,40.87142,-73.88839,member,1
203,757636,7D4E7776CFA38DD9,electric_bike,2021-07-09 18:02:43,2021-07-09 19:09:59,Goulden Ave & W 205 St,8799,Grand Concourse & E 199 St,8703.0,40.87812,-73.89192,40.87142,-73.88839,member,1
204,757661,CFDD45C2169C89A6,electric_bike,2021-07-22 19:30:09,2021-07-22 20:02:14,Goulden Ave & W 205 St,8799,Grand Concourse & E 199 St,8703.0,40.87812,-73.89192,40.87142,-73.88839,casual,1
205,757672,ED6BCBF57490EEB3,classic_bike,2021-07-18 04:04:03,2021-07-18 04:09:47,Goulden Ave & W 205 St,8799,Grand Concourse & E 199 St,8703.0,40.87812,-73.89192,40.87142,-73.88839,member,1
206,757911,EE72DD797DE4B917,electric_bike,2021-07-10 20:26:25,2021-07-10 20:31:10,Goulden Ave & W 197 St,8707,Grand Concourse & E 199 St,8703.0,40.87156,-73.89714,40.87142,-73.88839,casual,1
207,757921,DBA580587AA13ACF,electric_bike,2021-07-13 15:53:23,2021-07-13 15:57:20,Grand Concourse & E 192 St,8601,Grand Concourse & E 199 St,8703.0,40.86448,-73.89522,40.87142,-73.88839,casual,1
208,757923,D6DD6C37CA9C087D,electric_bike,2021-07-19 14:21:16,2021-07-19 14:24:52,Grand Concourse & E 192 St,8601,Grand Concourse & E 199 St,8703.0,40.86448,-73.89522,40.87142,-73.88839,casual,1
209,757955,2BD24A7346663523,electric_bike,2021-07-19 13:10:44,2021-07-19 13:38:35,Bedford Park Blvd & Paul Ave,8752,Grand Concourse & E 199 St,8703.0,40.87444,-73.89186,40.87142,-73.88839,casual,1
210,758133,1D9969792E52B7FC,classic_bike,2021-07-19 14:25:22,2021-07-19 14:32:23,Decatur Ave & Bedford Park Blvd,8664,Grand Concourse & E 199 St,8703.0,40.86813,-73.88412,40.87142,-73.88839,casual,1
211,758134,751AB13D44C06CA8,electric_bike,2021-07-21 05:57:14,2021-07-21 06:01:59,Decatur Ave & Bedford Park Blvd,8664,Grand Concourse & E 199 St,8703.0,40.86813,-73.88412,40.87142,-73.88839,casual,1
212,758238,737AF94CD45D5200,electric_bike,2021-07-05 12:32:35,2021-07-05 12:40:34,Morris Ave & E 184 St,8550,Grand Concourse & E 199 St,8703.0,40.86008,-73.90079,40.87142,-73.88839,member,1
213,758940,326D0AEC6F2979AA,classic_bike,2021-07-01 12:38:38,2021-07-01 12:43:35,Goulden Ave & W 197 St,8707,Grand Concourse & E 199 St,8703.0,40.87156,-73.89714,40.87142,-73.88839,casual,1
214,759008,D72653A066FF083F,electric_bike,2021-07-11 18:14:57,2021-07-11 18:19:05,Goulden Ave & W 205 St,8799,Grand Concourse & E 199 St,8703.0,40.87812,-73.89192,40.87142,-73.88839,member,1
215,759215,6EDA9760A5A652D2,electric_bike,2021-07-08 16:00:52,2021-07-08 16:05:39,Goulden Ave & W 205 St,8799,Grand Concourse & E 199 St,8703.0,40.87812,-73.89192,40.87142,-73.88839,member,1
216,759522,1D34B660CFFF7A79,classic_bike,2021-07-24 17:48:57,2021-07-24 18:00:50,E Fordham Rd & Webster Ave,8582,Grand Concourse & E 199 St,8703.0,40.861748,-73.89105,40.87142,-73.88839,casual,1
217,759638,6E5D3E7A9F7E129A,electric_bike,2021-07-17 14:31:25,2021-07-17 14:34:22,Decatur Ave & Bedford Park Blvd,8664,Grand Concourse & E 199 St,8703.0,40.86813,-73.88412,40.87142,-73.88839,casual,1
218,759741,4CF11FB0DAAE93F5,electric_bike,2021-07-16 16:07:37,2021-07-16 16:12:59,Grand Concourse & E Mosholu Pkwy S,8795,Grand Concourse & E 199 St,8703.0,40.877964,-73.8847550291,40.87142,-73.88839,casual,1
219,759776,F894CC38F67983A9,electric_bike,2021-07-18 16:22:46,2021-07-18 16:36:07,Walton Ave & E 171 St,8249,Grand Concourse & E 199 St,8703.0,40.840683,-73.915073,40.87142,-73.88839,casual,1
220,759809,7DFDBF92EA2C3B95,electric_bike,2021-07-12 19:13:00,2021-07-12 19:41:38,Grand Concourse & E Mosholu Pkwy S,8795,Grand Concourse & E 199 St,8703.0,40.877964,-73.8847550291,40.87142,-73.88839,casual,1
221,759830,1E501EBC1D65C45F,classic_bike,2021-07-30 12:04:54,2021-07-30 12:09:51,Grand Concourse & E Mosholu Pkwy S,8795,Grand Concourse & E 199 St,8703.0,40.877964,-73.8847550291,40.87142,-73.88839,casual,1
222,759930,61182A56F2283879,electric_bike,2021-07-14 16:18:05,2021-07-14 17:00:21,5 Av & W 139 St,7851,Grand Concourse & E 199 St,8703.0,40.815484,-73.935856,40.87142,-73.88839,member,1
223,759943,4EB27A351CD999DE,electric_bike,2021-07-25 16:56:58,2021-07-25 16:59:55,Paul Ave & W 205 St,8782,Grand Concourse & E 199 St,8703.0,40.87704,-73.88943,40.87142,-73.88839,member,1
224,760046,67350A0174C0C063,classic_bike,2021-07-11 19:01:20,2021-07-11 19:05:39,Jerome Ave & Bedford Park Blvd E,8734,Grand Concourse & E 199 St,8703.0,40.87307,-73.88971,40.87142,-73.88839,member,1
225,760064,C0459D64147B2017,electric_bike,2021-07-17 11:29:10,2021-07-17 11:31:51,Jerome Ave & E 198 St,8720,Grand Concourse & E 199 St,8703.0,40.87144520687118,-73.89289632439613,40.87142,-73.88839,casual,1
226,760267,95E8C553B3F60C34,classic_bike,2021-07-19 14:50:08,2021-07-19 15:09:25,Grand Concourse & E 199 St,8703,Grand Concourse & E 199 St,8703.0,40.87142,-73.88839,40.87142,-73.88839,casual,0
227,760478,9F9AECFC19FC8799,classic_bike,2021-07-13 16:23:18,2021-07-13 16:23:24,Grand Concourse & E 199 St,8703,Grand Concourse & E 199 St,8703.0,40.87142,-73.88839,40.87142,-73.88839,member,0
228,760479,88F219BEC876818B,electric_bike,2021-07-13 16:19:47,2021-07-13 16:22:40,Grand Concourse & E 199 St,8703,Grand Concourse & E 199 St,8703.0,40.87142,-73.88839,40.87142,-73.88839,member,0
229,760605,0D6D50DF3BF218AD,electric_bike,2021-07-13 16:23:10,2021-07-13 16:25:06,Grand Concourse & E 199 St,8703,Grand Concourse & E 199 St,8703.0,40.87142,-73.88839,40.87142,-73.88839,member,0
230,760621,2F5A149417234ABE,electric_bike,2021-07-17 19:34:36,2021-07-17 20:38:45,Grand Concourse & E 199 St,8703,Grand Concourse & E 199 St,8703.0,40.87142,-73.88839,40.87142,-73.88839,casual,0
231,760858,175C52AA81F113FC,electric_bike,2021-07-10 15:04:53,2021-07-10 15:54:40,Grand Concourse & E 199 St,8703,Grand Concourse & E 199 St,8703.0,40.87142,-73.88839,40.87142,-73.88839,casual,0
232,761004,442F62F54279773C,electric_bike,2021-07-27 23:23:25,2021-07-27 23:23:53,Grand Concourse & E 199 St,8703,Grand Concourse & E 199 St,8703.0,40.87142,-73.88839,40.87142,-73.88839,member,0
233,761065,89ABD699F4C691A3,classic_bike,2021-07-12 17:09:49,2021-07-12 17:09:50,Grand Concourse & E 199 St,8703,Grand Concourse & E 199 St,8703.0,40.87142,-73.88839,40.87142,-73.88839,member,0
234,761066,3E1089DE760B1471,classic_bike,2021-07-12 17:10:10,2021-07-12 17:10:11,Grand Concourse & E 199 St,8703,Grand Concourse & E 199 St,8703.0,40.87142,-73.88839,40.87142,-73.88839,member,0
235,761430,5CBD916CDC769066,electric_bike,2021-07-20 22:41:53,2021-07-20 23:09:44,Grand Concourse & E 199 St,8703,Grand Concourse & E 199 St,8703.0,40.87142,-73.88839,40.87142,-73.88839,casual,0
236,761431,5BFE689337D8A544,classic_bike,2021-07-21 17:53:22,2021-07-21 18:20:05,Grand Concourse & E 199 St,8703,Grand Concourse & E 199 St,8703.0,40.87142,-73.88839,40.87142,-73.88839,casual,0
237,761458,AC458C2696A60CCC,electric_bike,2021-07-12 20:24:29,2021-07-12 20:25:18,Grand Concourse & E 199 St,8703,Grand Concourse & E 199 St,8703.0,40.87142,-73.88839,40.87142,-73.88839,member,0
238,761466,FBE8DE08A7C72B1A,electric_bike,2021-07-06 00:00:34,2021-07-06 00:56:20,Grand Concourse & E 199 St,8703,Grand Concourse & E 199 St,8703.0,40.87142,-73.88839,40.87142,-73.88839,casual,0
239,761588,203381D3785CEAA6,classic_bike,2021-07-22 18:39:18,2021-07-22 19:52:45,Grand Concourse & E 199 St,8703,Grand Concourse & E 199 St,8703.0,40.87142,-73.88839,40.87142,-73.88839,casual,0
240,761703,A41CC7CCA4660F0C,electric_bike,2021-07-01 15:53:05,2021-07-01 15:54:24,Grand Concourse & E 199 St,8703,Grand Concourse & E 199 St,8703.0,40.87142,-73.88839,40.87142,-73.88839,member,0
241,762022,491F60F31869AD0A,electric_bike,2021-07-07 01:52:03,2021-07-07 01:56:19,Botanical Sq & Webster Ave,8646,Grand Concourse & E 199 St,8703.0,40.86814,-73.88145,40.87142,-73.88839,casual,1
242,762023,B9D05680EE6ABA75,electric_bike,2021-07-15 02:28:37,2021-07-15 02:33:48,Botanical Sq & Webster Ave,8646,Grand Concourse & E 199 St,8703.0,40.86814,-73.88145,40.87142,-73.88839,member,1
243,762025,14364DF45F829968,electric_bike,2021-07-14 02:06:19,2021-07-14 02:14:46,Botanical Sq & Webster Ave,8646,Grand Concourse & E 199 St,8703.0,40.86814,-73.88145,40.87142,-73.88839,member,1
244,762029,920E8F4C6C8D162A,electric_bike,2021-07-26 14:29:25,2021-07-26 14:36:28,Botanical Sq & Webster Ave,8646,Grand Concourse & E 199 St,8703.0,40.86814,-73.88145,40.87142,-73.88839,member,1
245,762048,A78AFE71274345BC,electric_bike,2021-07-07 05:58:06,2021-07-07 06:01:28,Botanical Sq & Webster Ave,8646,Grand Concourse & E 199 St,8703.0,40.86814,-73.88145,40.87142,-73.88839,casual,1
246,762071,7E618859C8F428AF,electric_bike,2021-07-25 00:18:58,2021-07-25 01:19:20,Seaman Ave & Beak St,8650,Grand Concourse & E 199 St,8703.0,40.867505,-73.926363,40.87142,-73.88839,casual,1
247,762075,E0A4AFB9B35671FD,electric_bike,2021-07-10 13:54:15,2021-07-10 13:58:52,Botanical Sq & Webster Ave,8646,Grand Concourse & E 199 St,8703.0,40.86814,-73.88145,40.87142,-73.88839,casual,1
248,762129,AC7E787A0CC8D1E5,electric_bike,2021-07-27 19:32:55,2021-07-27 19:36:20,Paul Ave & W 205 St,8782,Grand Concourse & E 199 St,8703.0,40.87704,-73.88943,40.87142,-73.88839,casual,1
249,762139,2CA5BC5040383E5D,classic_bike,2021-07-18 15:23:49,2021-07-18 15:30:47,Botanical Sq & Webster Ave,8646,Grand Concourse & E 199 St,8703.0,40.86814,-73.88145,40.87142,-73.88839,member,1
250,762166,230CD22AB51B1D25,classic_bike,2021-07-21 21:48:01,2021-07-21 21:58:46,Morris Ave & E 184 St,8550,Grand Concourse & E 199 St,8703.0,40.86008,-73.90079,40.87142,-73.88839,casual,1
251,762291,DA9355D4CE315C96,electric_bike,2021-07-10 07:22:39,2021-07-10 08:07:36,Grand Concourse & E 199 St,8703,Grand Concourse & E 199 St,8703.0,40.87142,-73.88839,40.87142,-73.88839,member,0
252,762496,B72B714C0AC2D3A7,classic_bike,2021-07-21 22:25:39,2021-07-21 22:57:01,Grand Concourse & E 199 St,8703,Grand Concourse & E 199 St,8703.0,40.87142,-73.88839,40.87142,-73.88839,casual,0
253,762503,50B321BC999E18FC,classic_bike,2021-07-04 22:31:15,2021-07-04 22:31:27,Grand Concourse & E 199 St,8703,Grand Concourse & E 199 St,8703.0,40.87142,-73.88839,40.87142,-73.88839,casual,0
254,762684,F47B0DDE02C73461,electric_bike,2021-07-14 17:12:22,2021-07-14 17:22:49,W Fordham Rd & Loring Pl N,8590,Grand Concourse & E 199 St,8703.0,40.86295,-73.90741,40.87142,-73.88839,casual,1
255,762729,9C72086042B0356E,electric_bike,2021-07-18 16:24:39,2021-07-18 16:36:06,W Fordham Rd & Loring Pl N,8590,Grand Concourse & E 199 St,8703.0,40.86295,-73.90741,40.87142,-73.88839,casual,1
256,762787,F1A9445CF8397C4E,electric_bike,2021-07-16 23:45:59,2021-07-16 23:58:58,Tiebout Ave & E 184 St,8510,Grand Concourse & E 199 St,8703.0,40.858498,-73.89637,40.87142,-73.88839,casual,1
257,763009,69D56E3DB016EA9D,electric_bike,2021-07-22 10:15:34,2021-07-22 10:22:35,E Fordham Rd & Webster Ave,8582,Grand Concourse & E 199 St,8703.0,40.861748,-73.89105,40.87142,-73.88839,member,1
258,763036,DACFAF3A3224BA7D,electric_bike,2021-07-20 21:30:40,2021-07-20 21:32:30,Jerome Ave & Bedford Park Blvd E,8734,Grand Concourse & E 199 St,8703.0,40.87307,-73.88971,40.87142,-73.88839,member,1
259,763083,0D54633B317DD559,classic_bike,2021-07-12 07:45:46,2021-07-12 07:47:21,Bainbridge Ave & Bedford Park Blvd,8682,Grand Concourse & E 199 St,8703.0,40.87002,-73.88565,40.87142,-73.88839,member,1
260,763098,F1917A8EFAE83C5C,electric_bike,2021-07-03 13:34:04,2021-07-03 14:01:43,Bainbridge Ave & Bedford Park Blvd,8682,Grand Concourse & E 199 St,8703.0,40.87002,-73.88565,40.87142,-73.88839,casual,1
261,763113,EF181FE0944F7989,classic_bike,2021-07-08 18:37:02,2021-07-08 18:41:49,Grand Concourse & E 192 St,8601,Grand Concourse & E 199 St,8703.0,40.86448,-73.89522,40.87142,-73.88839,casual,1
262,763816,EEBF26602AD2EA32,classic_bike,2021-07-21 20:55:08,2021-07-21 21:02:52,E Fordham Rd & Webster Ave,8582,Grand Concourse & E 199 St,8703.0,40.861748,-73.89105,40.87142,-73.88839,member,1
263,763887,B9BEC85D5595C3BB,classic_bike,2021-07-11 14:39:17,2021-07-11 14:41:24,Bainbridge Ave & Bedford Park Blvd,8682,Grand Concourse & E 199 St,8703.0,40.87002,-73.88565,40.87142,-73.88839,casual,1
264,763907,0BCA1E335A205D56,electric_bike,2021-07-15 06:57:27,2021-07-15 07:00:03,Bainbridge Ave & Bedford Park Blvd,8682,Grand Concourse & E 199 St,8703.0,40.87002,-73.88565,40.87142,-73.88839,casual,1
265,764011,A10B86BA3567F46E,electric_bike,2021-07-04 12:23:31,2021-07-04 12:33:00,E Fordham Rd & Webster Ave,8582,Grand Concourse & E 199 St,8703.0,40.861748,-73.89105,40.87142,-73.88839,member,1
266,764012,729EE8F8E58A506D,electric_bike,2021-07-28 17:44:49,2021-07-28 18:21:36,E Fordham Rd & Webster Ave,8582,Grand Concourse & E 199 St,8703.0,40.861748,-73.89105,40.87142,-73.88839,member,1
267,764016,DEA4533B35AC4B65,classic_bike,2021-07-07 18:41:44,2021-07-07 18:53:10,E Fordham Rd & Webster Ave,8582,Grand Concourse & E 199 St,8703.0,40.861748,-73.89105,40.87142,-73.88839,member,1
268,764139,24FBEE2ECCEDD1A9,electric_bike,2021-07-05 19:43:40,2021-07-05 20:08:41,Jerome Ave & Bedford Park Blvd E,8734,Grand Concourse & E 199 St,8703.0,40.87307,-73.88971,40.87142,-73.88839,casual,1
269,764387,C8BB11A3C362A830,electric_bike,2021-07-22 02:26:54,2021-07-22 02:31:43,Botanical Sq & Webster Ave,8646,Grand Concourse & E 199 St,8703.0,40.86814,-73.88145,40.87142,-73.88839,member,1
270,764404,839791B9BA1A8D62,classic_bike,2021-07-04 14:23:26,2021-07-04 14:30:44,Botanical Sq & Webster Ave,8646,Grand Concourse & E 199 St,8703.0,40.86814,-73.88145,40.87142,-73.88839,member,1
271,764621,BC8906F26E59064A,electric_bike,2021-07-21 16:29:14,2021-07-21 17:14:13,Lenox Ave & W 146 St,7910,Grand Concourse & E 199 St,8703.0,40.821111,-73.935971,40.87142,-73.88839,member,1
272,764813,FD43DB612D0D56D6,classic_bike,2021-07-09 19:17:09,2021-07-09 19:28:47,E Mosholu Pkwy & E 204 St,8748,Grand Concourse & E 199 St,8703.0,40.8740704,-73.8833650931,40.87142,-73.88839,casual,1
273,765080,EB5F7EF2CB0985D1,electric_bike,2021-07-23 20:53:38,2021-07-23 21:08:28,Cedar Ave & W Fordham Rd,8575,Grand Concourse & E 199 St,8703.0,40.86156,-73.91219,40.87142,-73.88839,member,1
274,765467,53A065E1F877CC94,classic_bike,2021-07-02 12:52:36,2021-07-02 13:05:03,Botanical Sq & Webster Ave,8646,Grand Concourse & E 199 St,8703.0,40.86814,-73.88145,40.87142,-73.88839,casual,1
275,765469,2B7BE488B4DECDC8,electric_bike,2021-07-01 15:50:28,2021-07-01 15:56:17,Botanical Sq & Webster Ave,8646,Grand Concourse & E 199 St,8703.0,40.86814,-73.88145,40.87142,-73.88839,member,1
276,765486,A898576833A191AC,electric_bike,2021-07-02 12:53:38,2021-07-02 13:05:00,Botanical Sq & Webster Ave,8646,Grand Concourse & E 199 St,8703.0,40.86814,-73.88145,40.87142,-73.88839,casual,1
277,765488,AE4B0E29050D8692,electric_bike,2021-07-01 01:49:04,2021-07-01 01:53:03,Botanical Sq & Webster Ave,8646,Grand Concourse & E 199 St,8703.0,40.86814,-73.88145,40.87142,-73.88839,casual,1
278,765563,DC4533030FE283B4,electric_bike,2021-07-11 20:13:27,2021-07-11 20:30:18,Seaman Ave & Isham St,8665,Grand Concourse & E 199 St,8703.0,40.86989866194045,-73.92076313495636,40.87142,-73.88839,casual,1
279,766107,9B3DBA17D2158508,electric_bike,2021-07-13 23:22:34,2021-07-13 23:36:04,Cedar Ave & W Fordham Rd,8575,Grand Concourse & E 199 St,8703.0,40.86156,-73.91219,40.87142,-73.88839,casual,1
280,766234,E078913A73B7E045,electric_bike,2021-07-23 14:28:43,2021-07-23 14:31:13,Jerome Ave & Bedford Park Blvd E,8734,Grand Concourse & E 199 St,8703.0,40.87307,-73.88971,40.87142,-73.88839,member,1
281,766491,CB8DA8A02BA1BB60,electric_bike,2021-07-23 15:48:14,2021-07-23 15:50:28,E 201 St & Briggs Ave,8717,Grand Concourse & E 199 St,8703.0,40.87207,-73.88459,40.87142,-73.88839,casual,1
282,766600,BE6EE1518C64F5E8,electric_bike,2021-07-28 21:15:32,2021-07-28 21:46:30,2 Ave & E 122 St,7622,Grand Concourse & E 199 St,8703.0,40.8006721,-73.9349,40.87142,-73.88839,member,1
283,767060,8E056582630AD336,docked_bike,2021-07-30 12:54:06,2021-07-30 13:14:50,Morris Ave & E Burnside Ave,8441,Grand Concourse & E 199 St,8703.0,40.85322,-73.90546,40.87142,-73.88839,casual,1
284,767522,67071FEF25580F2A,electric_bike,2021-07-28 07:19:23,2021-07-28 07:23:11,E Mosholu Pkwy & Van Cortlandt Ave E,8778,Grand Concourse & E 199 St,8703.0,40.87656,-73.88366,40.87142,-73.88839,casual,1
285,767946,3C98CFD364611428,classic_bike,2021-07-29 14:12:25,2021-07-30 13:15:04,Morris Ave & E Burnside Ave,8441,Grand Concourse & E 199 St,8703.0,40.85322,-73.90546,40.87142,-73.88839,member,1
286,768119,3E3FD688AF1D621D,classic_bike,2021-07-19 19:28:13,2021-07-19 19:31:02,Grand Concourse & E 205 St,8766,Grand Concourse & E 199 St,8703.0,40.875531,-73.8863864831,40.87142,-73.88839,member,1
287,768414,69DD20A65978B988,classic_bike,2021-07-28 09:34:48,2021-07-28 09:40:01,W Mosholu Pkwy S & Sedgwick Ave,8841,Grand Concourse & E 199 St,8703.0,40.88226,-73.88702,40.87142,-73.88839,member,1
288,768419,14D9DD13C4E940E0,electric_bike,2021-07-15 00:55:44,2021-07-15 00:58:06,Grand Concourse & E 205 St,8766,Grand Concourse & E 199 St,8703.0,40.875531,-73.8863864831,40.87142,-73.88839,casual,1
289,779580,3F5A04F4A513F95F,electric_bike,2021-07-16 22:08:33,2021-07-16 22:33:19,Grand Concourse & E 199 St,8703,W 181 St & Riverside Dr,8381.0,40.87142,-73.88839,40.85168,-73.94186,casual,-1
290,829278,5A98322824DED014,electric_bike,2021-07-07 07:12:16,2021-07-07 07:27:49,Grand Concourse & E 199 St,8703,Audubon Ave & Fort George Ave,8491.0,40.87142,-73.88839,40.85715781391904,-73.92717361450195,casual,-1
291,840720,EFB390C1F82F994F,electric_bike,2021-07-22 09:44:20,2021-07-22 10:14:21,Grand Concourse & E 199 St,8703,E 201 St & Briggs Ave,8717.0,40.87142,-73.88839,40.87207,-73.88459,member,-1
292,856112,7E7B4F82C38C884F,electric_bike,2021-07-16 18:33:45,2021-07-16 18:46:47,Grand Concourse & E 199 St,8703,Buchanan Pl & Grand Ave,8535.0,40.87142,-73.88839,40.85834,-73.90626,casual,-1
293,950164,5AC83427C5E5A2ED,electric_bike,2021-07-05 14:20:02,2021-07-05 14:28:55,Grand Concourse & E 199 St,8703,E Fordham Rd & Webster Ave,8582.0,40.87142,-73.88839,40.861748,-73.89105,member,-1
294,950165,ED57D09C0E232879,classic_bike,2021-07-27 15:27:41,2021-07-27 15:36:48,Grand Concourse & E 199 St,8703,E Fordham Rd & Webster Ave,8582.0,40.87142,-73.88839,40.861748,-73.89105,casual,-1
295,951268,17A1D66121D53841,electric_bike,2021-07-10 20:39:04,2021-07-10 21:03:29,Grand Concourse & E 199 St,8703,E Fordham Rd & Webster Ave,8582.0,40.87142,-73.88839,40.861748,-73.89105,member,-1
296,952291,87919FCE119DEBD8,electric_bike,2021-07-03 00:03:46,2021-07-03 00:42:10,Grand Concourse & E 199 St,8703,St. Ann's Av & Bruckner Blvd,7657.0,40.87142,-73.88839,40.803399,-73.919763,member,-1
297,957570,C9A2205418AAE104,electric_bike,2021-07-02 16:08:39,2021-07-02 16:23:23,Grand Concourse & E 199 St,8703,E Fordham Rd & Webster Ave,8582.0,40.87142,-73.88839,40.861748,-73.89105,member,-1
298,982521,AABA15ADA2E394C0,electric_bike,2021-07-13 16:26:48,2021-07-13 16:39:20,Grand Concourse & E 199 St,8703,Tiebout Ave & E Fordham Road,8546.0,40.87142,-73.88839,40.861915,-73.894831,member,-1
299,982536,6C6BE0552A3FDAEE,electric_bike,2021-07-13 16:26:43,2021-07-13 16:38:50,Grand Concourse & E 199 St,8703,Tiebout Ave & E Fordham Road,8546.0,40.87142,-73.88839,40.861915,-73.894831,member,-1
300,986284,FFC484A5E297D71A,electric_bike,2021-07-06 10:45:47,2021-07-06 10:52:12,Grand Concourse & E 199 St,8703,Tiebout Ave & E Fordham Road,8546.0,40.87142,-73.88839,40.861915,-73.894831,member,-1
301,999899,BBC13EEEF01AA08A,classic_bike,2021-07-22 20:20:46,2021-07-22 21:08:46,Grand Concourse & E 199 St,8703,Grand Concourse & E 161 St,8021.0,40.87142,-73.88839,40.82713380423556,-73.9227358996868,casual,-1
302,1026412,6FA8AA7397AA8C46,electric_bike,2021-07-22 23:28:35,2021-07-22 23:47:24,Grand Concourse & E 199 St,8703,Grand Concourse & E 167 St,8126.0,40.87142,-73.88839,40.834263,-73.917641,casual,-1
303,1051216,605960B455B85A64,electric_bike,2021-07-10 10:40:20,2021-07-10 11:20:09,Grand Concourse & E 199 St,8703,Cauldwell Ave & E 158 St,7913.0,40.87142,-73.88839,40.81989,-73.908351,member,-1
304,1108016,B5152B35B8F83A1A,electric_bike,2021-07-17 21:30:09,2021-07-17 21:46:30,Grand Concourse & E 199 St,8703,Fulton Ave & E 172 St,8186.0,40.87142,-73.88839,40.839229,-73.899047,casual,-1
305,1116051,92A79C59BFD6591B,classic_bike,2021-07-15 16:30:52,2021-07-15 16:36:25,Grand Concourse & E 199 St,8703,Grand Concourse & E 192 St,8601.0,40.87142,-73.88839,40.86448,-73.89522,member,-1
306,1116058,609289612BD7D509,electric_bike,2021-07-14 14:40:25,2021-07-14 14:49:14,Grand Concourse & E 199 St,8703,Grand Concourse & E 192 St,8601.0,40.87142,-73.88839,40.86448,-73.89522,casual,-1
307,1119536,8FD0784548943C30,classic_bike,2021-07-31 13:22:48,2021-07-31 13:32:46,Grand Concourse & E 199 St,8703,Grand Concourse & E 192 St,8601.0,40.87142,-73.88839,40.86448,-73.89522,casual,-1
308,1149982,22574F3079E73E6F,electric_bike,2021-07-14 19:02:29,2021-07-14 19:42:43,Grand Concourse & E 199 St,8703,Ryer Ave & E 182 St,8494.0,40.87142,-73.88839,40.8558,-73.89956,casual,-1
309,1167391,8EA6ADE777E843FC,electric_bike,2021-07-23 20:59:26,2021-07-23 21:00:44,Grand Concourse & E 199 St,8703,Bainbridge Ave & Bedford Park Blvd,8682.0,40.87142,-73.88839,40.87002,-73.88565,member,-1
310,1167396,5BEFBA4A2AA19422,electric_bike,2021-07-05 12:47:35,2021-07-05 12:49:34,Grand Concourse & E 199 St,8703,Bainbridge Ave & Bedford Park Blvd,8682.0,40.87142,-73.88839,40.87002,-73.88565,member,-1
311,1167636,330430E0106FE057,electric_bike,2021-07-05 22:09:59,2021-07-05 22:11:55,Grand Concourse & E 199 St,8703,Bainbridge Ave & Bedford Park Blvd,8682.0,40.87142,-73.88839,40.87002,-73.88565,member,-1
312,1167637,CE17A1F1CED97BCA,classic_bike,2021-07-15 20:25:20,2021-07-15 20:28:34,Grand Concourse & E 199 St,8703,Bainbridge Ave & Bedford Park Blvd,8682.0,40.87142,-73.88839,40.87002,-73.88565,member,-1
313,1167642,2362759967D4A47B,classic_bike,2021-07-08 20:35:57,2021-07-08 20:37:36,Grand Concourse & E 199 St,8703,Bainbridge Ave & Bedford Park Blvd,8682.0,40.87142,-73.88839,40.87002,-73.88565,member,-1
314,1167643,FD6E29B17B8A5902,classic_bike,2021-07-02 20:47:16,2021-07-02 20:49:39,Grand Concourse & E 199 St,8703,Bainbridge Ave & Bedford Park Blvd,8682.0,40.87142,-73.88839,40.87002,-73.88565,member,-1
315,1167676,1E12F3440240B4BB,electric_bike,2021-07-02 21:09:20,2021-07-02 21:11:57,Grand Concourse & E 199 St,8703,Bainbridge Ave & Bedford Park Blvd,8682.0,40.87142,-73.88839,40.87002,-73.88565,member,-1
316,1167677,A49F75193E7F53EB,electric_bike,2021-07-01 19:02:06,2021-07-01 19:03:58,Grand Concourse & E 199 St,8703,Bainbridge Ave & Bedford Park Blvd,8682.0,40.87142,-73.88839,40.87002,-73.88565,member,-1
317,1169796,F5F55AB5FE88A8ED,electric_bike,2021-07-16 20:58:26,2021-07-16 21:00:06,Grand Concourse & E 199 St,8703,Bainbridge Ave & Bedford Park Blvd,8682.0,40.87142,-73.88839,40.87002,-73.88565,member,-1
318,1172165,FA3F3DD585EE7D36,classic_bike,2021-07-19 20:47:56,2021-07-19 20:50:41,Grand Concourse & E 199 St,8703,Bainbridge Ave & Bedford Park Blvd,8682.0,40.87142,-73.88839,40.87002,-73.88565,member,-1
319,1172212,6273FA56D133A207,electric_bike,2021-07-25 17:01:07,2021-07-25 18:27:49,Grand Concourse & E 199 St,8703,Wadsworth Ave & W 175 St,8299.0,40.87142,-73.88839,40.846052,-73.937648,member,-1
320,1172284,46A1D18F95041A01,electric_bike,2021-07-03 20:33:35,2021-07-03 20:35:50,Grand Concourse & E 199 St,8703,Bainbridge Ave & Bedford Park Blvd,8682.0,40.87142,-73.88839,40.87002,-73.88565,member,-1
321,1172293,C67B871D308CE963,electric_bike,2021-07-08 18:28:47,2021-07-08 18:31:10,Grand Concourse & E 199 St,8703,Bainbridge Ave & Bedford Park Blvd,8682.0,40.87142,-73.88839,40.87002,-73.88565,member,-1
322,1173370,4C16D3966F1666AB,electric_bike,2021-07-17 13:05:19,2021-07-17 13:36:56,Grand Concourse & E 199 St,8703,Bainbridge Ave & Bedford Park Blvd,8682.0,40.87142,-73.88839,40.87002,-73.88565,member,-1
323,1173543,72889E2A09B5A1C7,classic_bike,2021-07-28 15:37:36,2021-07-28 15:39:25,Grand Concourse & E 199 St,8703,Bainbridge Ave & Bedford Park Blvd,8682.0,40.87142,-73.88839,40.87002,-73.88565,member,-1
324,1173557,283B7C05DFEBCD2B,classic_bike,2021-07-07 19:25:58,2021-07-07 19:27:34,Grand Concourse & E 199 St,8703,Bainbridge Ave & Bedford Park Blvd,8682.0,40.87142,-73.88839,40.87002,-73.88565,member,-1
325,1173559,C38628D8CF41E6AE,classic_bike,2021-07-12 00:05:47,2021-07-12 00:07:31,Grand Concourse & E 199 St,8703,Bainbridge Ave & Bedford Park Blvd,8682.0,40.87142,-73.88839,40.87002,-73.88565,member,-1
326,1174200,44B52012C2F4D550,electric_bike,2021-07-28 19:25:49,2021-07-28 19:55:09,Grand Concourse & E 199 St,8703,Bainbridge Ave & Bedford Park Blvd,8682.0,40.87142,-73.88839,40.87002,-73.88565,casual,-1
327,1220413,07FB3512EEE79874,electric_bike,2021-07-06 07:07:36,2021-07-06 07:29:35,Grand Concourse & E 199 St,8703,Morris Ave & McClellan St,8107.0,40.87142,-73.88839,40.831584,-73.9149,casual,-1
328,1220604,C3A65479547ECDD1,electric_bike,2021-07-30 22:14:14,2021-07-30 22:35:27,Grand Concourse & E 199 St,8703,Morris Ave & McClellan St,8107.0,40.87142,-73.88839,40.831584,-73.9149,member,-1
329,1315950,5461F65471967932,electric_bike,2021-07-14 11:23:45,2021-07-14 11:42:03,Grand Concourse & E 199 St,8703,Bailey Ave & Sedgwick Ave,8643.0,40.87142,-73.88839,40.86571,-73.90857,casual,-1
330,1334669,EF93561EA3CC9A76,electric_bike,2021-07-09 13:48:24,2021-07-09 14:01:32,Grand Concourse & E 199 St,8703,E Mosholu Pkwy & Van Cortlandt Ave E,8778.0,40.87142,-73.88839,40.87656,-73.88366,casual,-1
331,1334676,35F758D398C2B4F3,electric_bike,2021-07-27 21:39:25,2021-07-27 21:42:39,Grand Concourse & E 199 St,8703,E Mosholu Pkwy & Van Cortlandt Ave E,8778.0,40.87142,-73.88839,40.87656,-73.88366,casual,-1
332,1339089,8E3BA7578401794F,classic_bike,2021-07-11 18:00:52,2021-07-11 18:15:31,Grand Concourse & E 199 St,8703,E Mosholu Pkwy & Van Cortlandt Ave E,8778.0,40.87142,-73.88839,40.87656,-73.88366,casual,-1
333,1374955,A8A4AB063863DD9B,electric_bike,2021-07-03 18:22:23,2021-07-03 19:06:02,Grand Concourse & E 199 St,8703,Paul Ave & Mosholu Pkwy,8811.0,40.87142,-73.88839,40.8802945,-73.8860653648,casual,-1
334,1375014,E5B6F9CBE121BF70,electric_bike,2021-07-03 18:22:28,2021-07-03 19:05:57,Grand Concourse & E 199 St,8703,Paul Ave & Mosholu Pkwy,8811.0,40.87142,-73.88839,40.8802945,-73.8860653648,casual,-1
335,1377921,EC7EC2974B06B105,electric_bike,2021-07-27 03:00:48,2021-07-27 03:08:29,Grand Concourse & E 199 St,8703,Paul Ave & Mosholu Pkwy,8811.0,40.87142,-73.88839,40.8802945,-73.8860653648,casual,-1
336,1394630,E725A8C9951DCB90,classic_bike,2021-07-09 22:23:55,2021-07-09 22:25:58,Grand Concourse & E 199 St,8703,Decatur Ave & Bedford Park Blvd,8664.0,40.87142,-73.88839,40.86813,-73.88412,member,-1
337,1394639,F3DEADD52B952079,electric_bike,2021-07-07 21:13:11,2021-07-07 21:15:37,Grand Concourse & E 199 St,8703,Decatur Ave & Bedford Park Blvd,8664.0,40.87142,-73.88839,40.86813,-73.88412,member,-1
338,1394640,BEB3ED7710FAB2B4,classic_bike,2021-07-18 16:56:56,2021-07-18 16:59:12,Grand Concourse & E 199 St,8703,Decatur Ave & Bedford Park Blvd,8664.0,40.87142,-73.88839,40.86813,-73.88412,member,-1
339,1394642,ECFDD30B345FB69C,classic_bike,2021-07-30 00:14:11,2021-07-30 00:16:36,Grand Concourse & E 199 St,8703,Decatur Ave & Bedford Park Blvd,8664.0,40.87142,-73.88839,40.86813,-73.88412,member,-1
340,1398166,479C4F54FA74591A,electric_bike,2021-07-10 11:11:27,2021-07-10 11:35:17,Grand Concourse & E 199 St,8703,Creston Ave & E 181 St,8456.0,40.87142,-73.88839,40.8549,-73.90281,casual,-1
341,1399462,A9A6D50EF886D381,classic_bike,2021-07-13 13:03:16,2021-07-13 13:07:20,Grand Concourse & E 199 St,8703,Decatur Ave & Bedford Park Blvd,8664.0,40.87142,-73.88839,40.86813,-73.88412,member,-1
342,1399499,74D0F34F73B93076,classic_bike,2021-07-23 05:34:12,2021-07-23 05:36:15,Grand Concourse & E 199 St,8703,Decatur Ave & Bedford Park Blvd,8664.0,40.87142,-73.88839,40.86813,-73.88412,casual,-1
343,1399504,E09A053998067724,electric_bike,2021-07-07 18:34:29,2021-07-07 18:38:13,Grand Concourse & E 199 St,8703,Decatur Ave & Bedford Park Blvd,8664.0,40.87142,-73.88839,40.86813,-73.88412,casual,-1
344,1403459,6C2D8903B7ABF6A3,electric_bike,2021-07-12 20:37:23,2021-07-12 20:39:07,Grand Concourse & E 199 St,8703,Decatur Ave & Bedford Park Blvd,8664.0,40.87142,-73.88839,40.86813,-73.88412,member,-1
345,1403461,781A68984DE10992,classic_bike,2021-07-19 21:35:40,2021-07-19 21:38:37,Grand Concourse & E 199 St,8703,Decatur Ave & Bedford Park Blvd,8664.0,40.87142,-73.88839,40.86813,-73.88412,member,-1
346,1403463,397BBC86250DFB6B,classic_bike,2021-07-19 01:02:32,2021-07-19 01:05:25,Grand Concourse & E 199 St,8703,Decatur Ave & Bedford Park Blvd,8664.0,40.87142,-73.88839,40.86813,-73.88412,member,-1
347,1405863,E5B9E067129462DD,classic_bike,2021-07-03 10:10:22,2021-07-03 10:12:33,Grand Concourse & E 199 St,8703,Decatur Ave & Bedford Park Blvd,8664.0,40.87142,-73.88839,40.86813,-73.88412,member,-1
348,1405870,70C9B8F66F881120,classic_bike,2021-07-21 20:04:28,2021-07-21 20:07:00,Grand Concourse & E 199 St,8703,Decatur Ave & Bedford Park Blvd,8664.0,40.87142,-73.88839,40.86813,-73.88412,casual,-1
349,1405871,6D6F124CDCF6D208,electric_bike,2021-07-09 23:04:27,2021-07-09 23:06:13,Grand Concourse & E 199 St,8703,Decatur Ave & Bedford Park Blvd,8664.0,40.87142,-73.88839,40.86813,-73.88412,casual,-1
350,1406255,4A8A0883CEB80C2D,classic_bike,2021-07-08 21:04:50,2021-07-08 21:06:59,Grand Concourse & E 199 St,8703,Decatur Ave & Bedford Park Blvd,8664.0,40.87142,-73.88839,40.86813,-73.88412,member,-1
351,1445293,8CB19914E500930B,electric_bike,2021-07-27 17:02:07,2021-07-27 17:30:01,Grand Concourse & E 199 St,8703,3 Ave & E 163 St,7974.0,40.87142,-73.88839,40.823872,-73.908699,member,-1
352,1508132,584AC5E6EFAEBCAB,electric_bike,2021-07-02 13:40:05,2021-07-02 14:23:00,Grand Concourse & E 199 St,8703,Bedford Park Blvd & Paul Ave,8752.0,40.87142,-73.88839,40.87444,-73.89186,member,-1
353,1508137,265E8FE94D583026,classic_bike,2021-07-13 19:17:29,2021-07-13 19:47:27,Grand Concourse & E 199 St,8703,Bedford Park Blvd & Paul Ave,8752.0,40.87142,-73.88839,40.87444,-73.89186,casual,-1
354,1510027,C27A6907FD1C7CBD,electric_bike,2021-07-16 19:30:38,2021-07-16 20:00:02,Grand Concourse & E 199 St,8703,Bedford Park Blvd & Paul Ave,8752.0,40.87142,-73.88839,40.87444,-73.89186,casual,-1
355,1510036,370E9FEC37360FF6,electric_bike,2021-07-06 07:41:31,2021-07-06 08:06:42,Grand Concourse & E 199 St,8703,Bedford Park Blvd & Paul Ave,8752.0,40.87142,-73.88839,40.87444,-73.89186,casual,-1
356,1510039,9FC3B324340BB76C,electric_bike,2021-07-19 14:32:17,2021-07-19 14:42:27,Grand Concourse & E 199 St,8703,Bedford Park Blvd & Paul Ave,8752.0,40.87142,-73.88839,40.87444,-73.89186,casual,-1
357,1510186,6A32E560A9746E73,electric_bike,2021-07-17 19:03:38,2021-07-17 19:06:56,Grand Concourse & E 199 St,8703,Bedford Park Blvd & Paul Ave,8752.0,40.87142,-73.88839,40.87444,-73.89186,member,-1
358,1510193,C3754E8A3B4734D3,classic_bike,2021-07-10 16:59:54,2021-07-10 17:02:18,Grand Concourse & E 199 St,8703,Bedford Park Blvd & Paul Ave,8752.0,40.87142,-73.88839,40.87444,-73.89186,member,-1
359,1516121,4720B3EC5367C363,electric_bike,2021-07-17 19:02:36,2021-07-17 19:07:14,Grand Concourse & E 199 St,8703,Bedford Park Blvd & Paul Ave,8752.0,40.87142,-73.88839,40.87444,-73.89186,casual,-1
360,1565617,AC157BA3FEACF361,electric_bike,2021-07-02 17:42:48,2021-07-02 17:52:12,Grand Concourse & E 199 St,8703,Goulden Ave & W 197 St,8707.0,40.87142,-73.88839,40.87156,-73.89714,casual,-1
361,1580810,EB26D09AFBEF0544,electric_bike,2021-07-08 11:01:55,2021-07-08 11:20:16,Grand Concourse & E 199 St,8703,Wadsworth Ave & W 179 St,8336.0,40.87142,-73.88839,40.848467,-73.936064,casual,-1
362,1580921,2B58F64B679E33D8,electric_bike,2021-07-02 14:56:12,2021-07-02 15:18:38,Grand Concourse & E 199 St,8703,Wadsworth Ave & W 179 St,8336.0,40.87142,-73.88839,40.848467,-73.936064,member,-1
363,1580952,F0D6ADACD554171D,electric_bike,2021-07-17 09:55:16,2021-07-17 10:13:34,Grand Concourse & E 199 St,8703,W 212 St & 10 Ave,8647.0,40.87142,-73.88839,40.8676583895191,-73.91675725579262,casual,-1
364,1591051,DACCD670296335F8,electric_bike,2021-07-14 14:43:47,2021-07-14 15:06:49,Grand Concourse & E 199 St,8703,W 204 St & Nagle Ave,8579.0,40.87142,-73.88839,40.863211,-73.920827,casual,-1
365,1612259,5A2247813BF6DA42,electric_bike,2021-07-16 23:02:07,2021-07-16 23:43:14,Grand Concourse & E 199 St,8703,Grand Concourse & E 164 St,8057.0,40.87142,-73.88839,40.829608,-73.921461,member,-1
366,1636800,D20C967F4D91C9EE,classic_bike,2021-07-01 16:30:25,2021-07-01 17:05:35,Grand Concourse & E 199 St,8703,Grand Concourse & E 171 St,8194.0,40.87142,-73.88839,40.839549,-73.913004,member,-1
367,1643467,3BEA4BE37C00A7CA,electric_bike,2021-07-02 14:05:52,2021-07-02 14:19:41,Grand Concourse & E 199 St,8703,Popham Ave & W 174 St,8348.0,40.87142,-73.88839,40.847746,-73.922079,member,-1
368,1665499,C7997A1FB56F9919,electric_bike,2021-07-23 15:51:16,2021-07-23 16:06:08,Grand Concourse & E 199 St,8703,Bailey Ave & W 193 St,8676.0,40.87142,-73.88839,40.87069,-73.90678,casual,-1
369,1670878,06ADA020B7379C9D,electric_bike,2021-07-29 20:22:00,2021-07-29 20:32:26,Grand Concourse & E 199 St,8703,Bailey Ave & W 193 St,8676.0,40.87142,-73.88839,40.87069,-73.90678,member,-1
370,1687768,72FC4B63B26FE486,classic_bike,2021-07-18 18:23:34,2021-07-18 18:26:01,Grand Concourse & E 199 St,8703,E Mosholu Pkwy & E 204 St,8748.0,40.87142,-73.88839,40.8740704,-73.8833650931,member,-1
371,1687769,43878F08340C4B73,electric_bike,2021-07-02 14:53:20,2021-07-02 14:56:52,Grand Concourse & E 199 St,8703,E Mosholu Pkwy & E 204 St,8748.0,40.87142,-73.88839,40.8740704,-73.8833650931,member,-1
372,1687841,9D8DF5B28D34FF23,electric_bike,2021-07-11 20:52:42,2021-07-11 21:40:10,Grand Concourse & E 199 St,8703,E Mosholu Pkwy & E 204 St,8748.0,40.87142,-73.88839,40.8740704,-73.8833650931,casual,-1
373,1687847,435C05167A2FCA04,electric_bike,2021-07-20 23:36:32,2021-07-20 23:44:09,Grand Concourse & E 199 St,8703,Bainbridge Ave & E 193 St,8582.0,40.87142,-73.88839,40.86389,-73.89246,casual,-1
374,1687853,741C182BA549E1B6,electric_bike,2021-07-11 20:54:05,2021-07-11 21:38:25,Grand Concourse & E 199 St,8703,E Mosholu Pkwy & E 204 St,8748.0,40.87142,-73.88839,40.8740704,-73.8833650931,casual,-1
375,1687854,D7F25E2718616A9F,classic_bike,2021-07-15 21:01:49,2021-07-15 22:27:50,Grand Concourse & E 199 St,8703,Bainbridge Ave & E 193 St,8582.0,40.87142,-73.88839,40.86389,-73.89246,casual,-1
376,1696156,4454E3F17EAB4336,electric_bike,2021-07-26 15:07:34,2021-07-26 15:12:47,Grand Concourse & E 199 St,8703,Bainbridge Ave & E 193 St,8582.0,40.87142,-73.88839,40.86389,-73.89246,casual,-1
377,1712757,EED7CDA1F532F6D4,electric_bike,2021-07-10 08:08:21,2021-07-10 08:15:54,Grand Concourse & E 199 St,8703,Morris Ave & E Burnside Ave,8441.0,40.87142,-73.88839,40.85322,-73.90546,member,-1
378,1744129,DECD08E13A3FE5A3,electric_bike,2021-07-28 00:05:34,2021-07-28 00:22:20,Grand Concourse & E 199 St,8703,W Tremont Ave & Montgomery Ave,8407.0,40.87142,-73.88839,40.851788,-73.916418,casual,-1
379,1745903,34BD9CB05955C712,electric_bike,2021-07-12 23:21:42,2021-07-12 23:28:24,Grand Concourse & E 199 St,8703,Grand Ave & W Fordham Rd,8571.0,40.87142,-73.88839,40.86288,-73.90316,casual,-1
380,1762191,654497C999C9B923,classic_bike,2021-07-30 15:51:33,2021-07-30 16:00:50,Grand Concourse & E 199 St,8703,Jerome Ave & W 193 St,8619.0,40.87142,-73.88839,40.86659,-73.89794,member,-1
381,1765110,B36C36194C923F85,electric_bike,2021-07-14 11:41:36,2021-07-14 11:50:46,Grand Concourse & E 199 St,8703,Jerome Ave & W 193 St,8619.0,40.87142,-73.88839,40.86659,-73.89794,casual,-1
382,1765191,39B9C93E8950F1E6,classic_bike,2021-07-02 11:39:58,2021-07-02 11:47:03,Grand Concourse & E 199 St,8703,Jerome Ave & W 193 St,8619.0,40.87142,-73.88839,40.86659,-73.89794,member,-1
383,1767082,6987336C2CE5FA07,classic_bike,2021-07-04 15:04:29,2021-07-04 15:37:32,Grand Concourse & E 199 St,8703,Jerome Ave & W 193 St,8619.0,40.87142,-73.88839,40.86659,-73.89794,member,-1
384,1767100,3A3FF57120D8F589,electric_bike,2021-07-22 10:40:55,2021-07-22 10:57:54,Grand Concourse & E 199 St,8703,Jerome Ave & W 193 St,8619.0,40.87142,-73.88839,40.86659,-73.89794,casual,-1
385,1770749,A22800746881CB38,electric_bike,2021-07-25 17:05:30,2021-07-25 17:10:58,Grand Concourse & E 199 St,8703,Jerome Ave & W 193 St,8619.0,40.87142,-73.88839,40.86659,-73.89794,casual,-1
386,1770767,256AC00CDE1F48A4,electric_bike,2021-07-04 05:23:29,2021-07-04 05:31:20,Grand Concourse & E 199 St,8703,Jerome Ave & W 193 St,8619.0,40.87142,-73.88839,40.86659,-73.89794,casual,-1
387,1770776,9FD9D0468DB93260,electric_bike,2021-07-21 16:26:37,2021-07-21 16:35:48,Grand Concourse & E 199 St,8703,Jerome Ave & W 193 St,8619.0,40.87142,-73.88839,40.86659,-73.89794,member,-1
388,1805942,65EC7870288DB8B2,electric_bike,2021-07-14 19:29:17,2021-07-14 20:11:01,Grand Concourse & E 199 St,8703,Ogden Ave & W 165 St,8149.0,40.87142,-73.88839,40.834457,-73.928381,member,-1
389,1856701,3CE8543F1A3AA9E3,classic_bike,2021-07-18 19:22:58,2021-07-18 19:31:29,Grand Concourse & E 199 St,8703,Jerome Ave & W Fordham Rd,8586.0,40.87142,-73.88839,40.86294,-73.90108,member,-1
390,1857398,CEA072B2C3AA7579,classic_bike,2021-07-18 19:24:15,2021-07-18 19:31:44,Grand Concourse & E 199 St,8703,Jerome Ave & W Fordham Rd,8586.0,40.87142,-73.88839,40.86294,-73.90108,casual,-1
391,1862105,F987C8B904E65873,classic_bike,2021-07-05 20:56:10,2021-07-05 21:11:35,Grand Concourse & E 199 St,8703,Grand Concourse & East Mount Eden Ave,8265.0,40.87142,-73.88839,40.84301,-73.91172,casual,-1
392,1863391,DFF3A51B2B836CF8,electric_bike,2021-07-23 10:56:02,2021-07-23 11:02:43,Grand Concourse & E 199 St,8703,Jerome Ave & W Fordham Rd,8586.0,40.87142,-73.88839,40.86294,-73.90108,member,-1
393,1863399,A935883EB5A93DEE,electric_bike,2021-07-19 15:51:16,2021-07-19 16:09:08,Grand Concourse & E 199 St,8703,Isham St & Broadway,8665.0,40.87142,-73.88839,40.86788,-73.919685,casual,-1
394,1863419,FA9C32335B4940CF,classic_bike,2021-07-21 23:25:53,2021-07-21 23:33:33,Grand Concourse & E 199 St,8703,Jerome Ave & W Fordham Rd,8586.0,40.87142,-73.88839,40.86294,-73.90108,casual,-1
395,1892226,ED473CA9EFC9210B,classic_bike,2021-07-24 14:17:00,2021-07-24 14:20:38,Grand Concourse & E 199 St,8703,Paul Ave & W 205 St,8782.0,40.87142,-73.88839,40.87704,-73.88943,member,-1
396,1895340,E449BFDB15FFE2D1,electric_bike,2021-07-14 17:29:49,2021-07-14 17:33:21,Grand Concourse & E 199 St,8703,Paul Ave & W 205 St,8782.0,40.87142,-73.88839,40.87704,-73.88943,casual,-1
397,1908456,F74458E7A8B89F1F,electric_bike,2021-07-07 06:38:06,2021-07-07 06:57:29,Grand Concourse & E 199 St,8703,E 161 St & River Ave,8041.0,40.87142,-73.88839,40.827883,-73.927111,member,-1
398,1908486,0873D70DB1296D53,electric_bike,2021-07-13 07:14:19,2021-07-13 07:28:51,Grand Concourse & E 199 St,8703,Washington Ave & E 174 St,8277.0,40.87142,-73.88839,40.843079,-73.900216,casual,-1
399,2013423,FAEA7F347D808104,classic_bike,2021-07-02 18:51:38,2021-07-02 19:00:23,Grand Concourse & E 199 St,8703,Jerome Ave & E Mosholu Parkway S,8795.0,40.87142,-73.88839,40.87935,-73.88534,casual,-1
400,2013428,6495A9BDC14849FF,classic_bike,2021-07-30 13:54:13,2021-07-30 13:58:14,Grand Concourse & E 199 St,8703,Decatur Ave & E 197 St,8597.0,40.87142,-73.88839,40.86557,-73.88807,member,-1
401,2013437,298CA59098574C64,electric_bike,2021-07-12 20:26:19,2021-07-12 20:31:53,Grand Concourse & E 199 St,8703,Jerome Ave & E Mosholu Parkway S,8795.0,40.87142,-73.88839,40.87935,-73.88534,member,-1
402,2013454,971D99846FDFEFC8,electric_bike,2021-07-23 16:04:15,2021-07-23 16:07:57,Grand Concourse & E 199 St,8703,Decatur Ave & E 197 St,8597.0,40.87142,-73.88839,40.86557,-73.88807,member,-1
403,2013469,B9663FE134FE5E4E,electric_bike,2021-07-21 17:14:38,2021-07-21 17:18:25,Grand Concourse & E 199 St,8703,Jerome Ave & E Mosholu Parkway S,8795.0,40.87142,-73.88839,40.87935,-73.88534,member,-1
404,2013474,248E7CBFE5611E2D,electric_bike,2021-07-03 16:36:01,2021-07-03 16:41:10,Grand Concourse & E 199 St,8703,Jerome Ave & E Mosholu Parkway S,8795.0,40.87142,-73.88839,40.87935,-73.88534,member,-1
405,2013475,3D0DE38F4329070B,electric_bike,2021-07-02 19:03:54,2021-07-02 19:09:02,Grand Concourse & E 199 St,8703,Jerome Ave & E Mosholu Parkway S,8795.0,40.87142,-73.88839,40.87935,-73.88534,member,-1
406,2013499,F112C9E6311315FD,electric_bike,2021-07-09 16:30:17,2021-07-09 16:46:29,Grand Concourse & E 199 St,8703,Jerome Ave & E Mosholu Parkway S,8795.0,40.87142,-73.88839,40.87935,-73.88534,member,-1
407,2013507,7D56B09A484F20D8,electric_bike,2021-07-28 23:09:36,2021-07-28 23:27:15,Grand Concourse & E 199 St,8703,Decatur Ave & E 197 St,8597.0,40.87142,-73.88839,40.86557,-73.88807,casual,-1
408,2035018,98F23D09FF7A4153,electric_bike,2021-07-04 12:53:19,2021-07-04 12:58:48,Grand Concourse & E 199 St,8703,Jerome Ave & W 195 St,8653.0,40.87142,-73.88839,40.86874,-73.89657,casual,-1
409,2036572,C91C4CA017D7B305,electric_bike,2021-07-18 16:43:36,2021-07-18 17:28:54,Grand Concourse & E 199 St,8703,Jerome Ave & W 195 St,8653.0,40.87142,-73.88839,40.86874,-73.89657,member,-1
410,2037485,514F43B52922BBA6,classic_bike,2021-07-06 10:46:57,2021-07-06 10:54:17,Grand Concourse & E 199 St,8703,Jerome Ave & W 195 St,8653.0,40.87142,-73.88839,40.86874,-73.89657,casual,-1
411,2071011,AFC230438DAE3B7D,classic_bike,2021-07-26 20:05:50,2021-07-26 20:16:13,Grand Concourse & E 199 St,8703,Walton Ave & E 183 St,8514.0,40.87142,-73.88839,40.858472,-73.90266,casual,-1
412,2087038,E26D183E9DBFC40D,electric_bike,2021-07-01 15:35:37,2021-07-01 15:51:48,Grand Concourse & E 199 St,8703,Webb Ave & W 190 St,8624.0,40.87142,-73.88839,40.8660052,-73.904254892,casual,-1
413,2119013,03BA5C21590A487D,electric_bike,2021-07-07 21:03:19,2021-07-07 21:07:05,Jerome Ave & W 195 St,8653,Grand Concourse & E 199 St,8703.0,40.86874,-73.89657,40.87142,-73.88839,member,1
414,2119155,941C8AAE89BAC6E8,electric_bike,2021-07-14 19:14:54,2021-07-14 19:28:14,Jerome Ave & W 195 St,8653,Grand Concourse & E 199 St,8703.0,40.86874,-73.89657,40.87142,-73.88839,member,1
415,2119156,95DF200FBB17B8F9,electric_bike,2021-07-16 22:20:34,2021-07-16 23:01:27,Lenox Ave & W 111 St,7602,Grand Concourse & E 199 St,8703.0,40.7987859,-73.9523,40.87142,-73.88839,member,1
416,2119445,73FA0007B8938234,electric_bike,2021-07-11 18:23:21,2021-07-11 18:44:42,W Mosholu Pkwy S & Sedgwick Ave,8841,Grand Concourse & E 199 St,8703.0,40.88226,-73.88702,40.87142,-73.88839,casual,1
417,2119840,597C845D1DF864B3,classic_bike,2021-07-07 11:47:44,2021-07-07 12:09:50,3 Ave & E 170 St,8137,Grand Concourse & E 199 St,8703.0,40.834857,-73.903743,40.87142,-73.88839,member,1
418,2120039,3E6ED3E75D8EFCE7,electric_bike,2021-07-13 23:13:30,2021-07-14 00:05:35,Grand Concourse & E 197 St,8667,Grand Concourse & E 199 St,8703.0,40.86945,-73.89148,40.87142,-73.88839,casual,1
419,2120169,24D392B931702FB6,electric_bike,2021-07-01 15:50:56,2021-07-01 15:52:43,Grand Concourse & E 197 St,8667,Grand Concourse & E 199 St,8703.0,40.86945,-73.89148,40.87142,-73.88839,member,1
420,2120279,D9D439F53258216C,classic_bike,2021-07-31 15:06:09,2021-07-31 15:07:47,Grand Concourse & E 197 St,8667,Grand Concourse & E 199 St,8703.0,40.86945,-73.89148,40.87142,-73.88839,member,1
421,2120294,A55CA551C1A444AD,classic_bike,2021-07-19 14:11:27,2021-07-19 14:16:11,Grand Concourse & E 203 St,8734,Grand Concourse & E 199 St,8703.0,40.87382,-73.88661,40.87142,-73.88839,member,1
422,2120365,6D1476A6375532BB,classic_bike,2021-07-15 19:57:03,2021-07-15 20:02:19,Grand Concourse & E 203 St,8734,Grand Concourse & E 199 St,8703.0,40.87382,-73.88661,40.87142,-73.88839,member,1
423,2120528,657409E3BB39F2EC,classic_bike,2021-07-14 18:19:09,2021-07-14 18:21:27,Grand Concourse & E 203 St,8734,Grand Concourse & E 199 St,8703.0,40.87382,-73.88661,40.87142,-73.88839,member,1
424,2120568,A5131ECB38F7FD8E,electric_bike,2021-07-27 22:20:46,2021-07-27 23:08:05,E 85 St & 3 Ave,7212,Grand Concourse & E 199 St,8703.0,40.77801203,-73.95407149,40.87142,-73.88839,casual,1
425,2120589,0A3669188C921DFD,electric_bike,2021-07-31 13:26:02,2021-07-31 14:13:41,Grand Concourse & E 203 St,8734,Grand Concourse & E 199 St,8703.0,40.87382,-73.88661,40.87142,-73.88839,member,1
426,2120597,AFA5615DD81282EC,electric_bike,2021-07-21 17:19:53,2021-07-21 17:27:09,Grand Concourse & E 203 St,8734,Grand Concourse & E 199 St,8703.0,40.87382,-73.88661,40.87142,-73.88839,casual,1
427,2120603,A22FE540A66413C1,classic_bike,2021-07-31 11:57:31,2021-07-31 11:58:55,Grand Concourse & E 203 St,8734,Grand Concourse & E 199 St,8703.0,40.87382,-73.88661,40.87142,-73.88839,member,1
428,2120633,169CB57CC8834033,classic_bike,2021-07-12 20:33:49,2021-07-12 20:35:14,Grand Concourse & E 203 St,8734,Grand Concourse & E 199 St,8703.0,40.87382,-73.88661,40.87142,-73.88839,member,1
429,2120748,60880B8EE6E81B3F,classic_bike,2021-07-07 06:35:55,2021-07-07 06:37:41,Grand Concourse & E 197 St,8667,Grand Concourse & E 199 St,8703.0,40.86945,-73.89148,40.87142,-73.88839,member,1
430,2120764,17A94BF0121995A9,electric_bike,2021-07-15 04:27:13,2021-07-15 04:29:14,Grand Concourse & E 197 St,8667,Grand Concourse & E 199 St,8703.0,40.86945,-73.89148,40.87142,-73.88839,casual,1
431,2120789,541CD21FE3E1516D,electric_bike,2021-07-12 21:42:44,2021-07-12 21:59:03,Grand Concourse & E 197 St,8667,Grand Concourse & E 199 St,8703.0,40.86945,-73.89148,40.87142,-73.88839,member,1
432,2120812,84259E631C67EC7D,electric_bike,2021-07-17 18:44:25,2021-07-17 18:56:15,Grand Concourse & E 197 St,8667,Grand Concourse & E 199 St,8703.0,40.86945,-73.89148,40.87142,-73.88839,member,1
433,2120838,C8D647814BBD5857,electric_bike,2021-07-22 02:05:55,2021-07-22 04:19:48,Grand Concourse & E 197 St,8667,Grand Concourse & E 199 St,8703.0,40.86945,-73.89148,40.87142,-73.88839,casual,1
434,2120844,3A7A8A4D8266AA8F,classic_bike,2021-07-04 19:28:36,2021-07-04 19:31:35,Grand Concourse & E 197 St,8667,Grand Concourse & E 199 St,8703.0,40.86945,-73.89148,40.87142,-73.88839,casual,1
435,2121037,69ECA90E54390D7D,electric_bike,2021-07-03 17:53:03,2021-07-03 18:05:29,Grand Concourse & E 203 St,8734,Grand Concourse & E 199 St,8703.0,40.87382,-73.88661,40.87142,-73.88839,casual,1
436,2121040,84577B47DFA6E563,electric_bike,2021-07-03 17:54:31,2021-07-03 18:06:11,Grand Concourse & E 203 St,8734,Grand Concourse & E 199 St,8703.0,40.87382,-73.88661,40.87142,-73.88839,casual,1
437,2121212,31B03ABED2A85936,electric_bike,2021-07-14 10:58:30,2021-07-14 11:07:25,Webb Ave & W 190 St,8624,Grand Concourse & E 199 St,8703.0,40.8660052,-73.904254892,40.87142,-73.88839,casual,1
438,2121225,6C801AE04E119A48,electric_bike,2021-07-15 00:15:19,2021-07-15 00:20:25,Jerome Ave & E Mosholu Parkway S,8795,Grand Concourse & E 199 St,8703.0,40.87935,-73.88534,40.87142,-73.88839,casual,1
439,2121328,A59B5419C75CFBE0,electric_bike,2021-07-02 12:54:38,2021-07-02 13:07:11,Broadway & W 220 St,8715,Grand Concourse & E 199 St,8703.0,40.872412,-73.912807,40.87142,-73.88839,casual,1
440,2122067,BCFF0AEA39694451,classic_bike,2021-07-30 15:39:28,2021-07-30 15:44:58,Decatur Ave & E 197 St,8597,Grand Concourse & E 199 St,8703.0,40.86557,-73.88807,40.87142,-73.88839,member,1
441,2122083,67F9659B9B2D8A00,electric_bike,2021-07-16 16:29:18,2021-07-16 16:37:01,Decatur Ave & E 197 St,8597,Grand Concourse & E 199 St,8703.0,40.86557,-73.88807,40.87142,-73.88839,member,1
442,2122087,9B18380B20E41395,classic_bike,2021-07-18 22:48:30,2021-07-18 22:54:27,Jerome Ave & E Mosholu Parkway S,8795,Grand Concourse & E 199 St,8703.0,40.87935,-73.88534,40.87142,-73.88839,casual,1
443,2122183,E71CFED8162C10FA,electric_bike,2021-07-13 15:33:54,2021-07-13 15:37:16,Jerome Ave & E Mosholu Parkway S,8795,Grand Concourse & E 199 St,8703.0,40.87935,-73.88534,40.87142,-73.88839,casual,1
444,2122312,D3F927E2B504DEC5,electric_bike,2021-07-05 20:59:25,2021-07-05 21:59:05,Decatur Ave & E 197 St,8597,Grand Concourse & E 199 St,8703.0,40.86557,-73.88807,40.87142,-73.88839,casual,1
445,2250525,7DC60AF9A75D0793,electric_bike,2021-07-14 06:59:51,2021-07-14 07:08:07,Grand Concourse & E 199 St,8703,W Fordham Rd & Loring Pl N,8590.0,40.87142,-73.88839,40.86295,-73.90741,casual,-1
446,2251333,BF2D412417426823,classic_bike,2021-07-13 17:27:06,2021-07-13 17:43:16,Grand Concourse & E 199 St,8703,W Fordham Rd & Loring Pl N,8590.0,40.87142,-73.88839,40.86295,-73.90741,casual,-1
447,2251334,8EA3CE115F4ECE88,electric_bike,2021-07-18 18:42:16,2021-07-18 18:51:39,Grand Concourse & E 199 St,8703,W Fordham Rd & Loring Pl N,8590.0,40.87142,-73.88839,40.86295,-73.90741,casual,-1
448,2251539,F1396F643A497DA8,classic_bike,2021-07-13 17:27:24,2021-07-13 17:43:15,Grand Concourse & E 199 St,8703,W Fordham Rd & Loring Pl N,8590.0,40.87142,-73.88839,40.86295,-73.90741,casual,-1
449,2253807,57C3003BAAFD43CC,electric_bike,2021-07-15 07:00:22,2021-07-15 07:07:50,Grand Concourse & E 199 St,8703,W Fordham Rd & Loring Pl N,8590.0,40.87142,-73.88839,40.86295,-73.90741,casual,-1
450,2254984,5176DC70BC487853,electric_bike,2021-07-15 00:18:05,2021-07-15 00:27:24,Grand Concourse & E 199 St,8703,W Fordham Rd & Loring Pl N,8590.0,40.87142,-73.88839,40.86295,-73.90741,casual,-1
451,2290787,54EBF30643E923CE,electric_bike,2021-07-31 14:51:13,2021-07-31 15:01:37,Grand Concourse & E 199 St,8703,Broadway & W 220 St,8715.0,40.87142,-73.88839,40.872412,-73.912807,casual,-1
452,2290798,FABFC7DD26E7071E,electric_bike,2021-07-15 04:29:50,2021-07-15 05:03:01,Grand Concourse & E 199 St,8703,Broadway & W 220 St,8715.0,40.87142,-73.88839,40.872412,-73.912807,casual,-1
453,2299842,4F78501673C66D1C,electric_bike,2021-07-28 15:42:06,2021-07-28 15:56:59,Grand Concourse & E 199 St,8703,Broadway & W 220 St,8715.0,40.87142,-73.88839,40.872412,-73.912807,casual,-1
454,2299843,91C7734ACF6D81FB,classic_bike,2021-07-22 19:50:03,2021-07-22 20:31:21,Grand Concourse & E 199 St,8703,Broadway & W 220 St,8715.0,40.87142,-73.88839,40.872412,-73.912807,casual,-1
455,2343681,93074650CF0F68FD,electric_bike,2021-07-05 22:58:07,2021-07-05 23:53:40,Grand Concourse & E 199 St,8703,E 135 St & St Ann's Ave,7687.0,40.87142,-73.88839,40.805089,-73.918889,member,-1
456,2370566,68785ABD64F662DE,electric_bike,2021-07-23 12:22:09,2021-07-23 12:58:43,Grand Concourse & E 199 St,8703,Bruckner Blvd & Bryant Ave,7944.0,40.87142,-73.88839,40.821952,-73.888546,member,-1
457,2370579,91506C3314FE44C9,electric_bike,2021-07-13 15:58:25,2021-07-13 16:24:40,Grand Concourse & E 199 St,8703,Grand Concourse & E 196 St,8635.0,40.87142,-73.88839,40.86767,-73.89286,casual,-1
458,2373289,BE009869EC53657C,classic_bike,2021-07-30 16:37:40,2021-07-30 16:41:34,Grand Concourse & E 199 St,8703,Grand Concourse & E 196 St,8635.0,40.87142,-73.88839,40.86767,-73.89286,casual,-1
459,2591302,4AA9298A7E16044E,electric_bike,2021-07-23 04:04:29,2021-07-23 04:08:37,Grand Concourse & E 199 St,8703,Bainbridge Ave & E 196 St,8615.0,40.87142,-73.88839,40.86648,-73.89042,member,-1
460,2591338,D4B11F86E332C6B6,classic_bike,2021-07-19 16:51:54,2021-07-19 16:59:45,Grand Concourse & E 199 St,8703,Bainbridge Ave & E 196 St,8615.0,40.87142,-73.88839,40.86648,-73.89042,casual,-1
461,2591356,9956D910B4C4A4AE,classic_bike,2021-07-25 03:16:52,2021-07-25 03:20:17,Grand Concourse & E 199 St,8703,Bainbridge Ave & E 196 St,8615.0,40.87142,-73.88839,40.86648,-73.89042,member,-1
462,2628640,0A4A421943A2C4DA,electric_bike,2021-07-21 03:41:58,2021-07-22 04:41:53,Grand Concourse & E 199 St,8703,,,40.87142,-73.88839,,,casual,-1
463,2701394,ED951E3337497EFD,classic_bike,2021-07-10 12:26:19,2021-07-10 12:28:56,Grand Concourse & E 199 St,8703,Grand Concourse & E 203 St,8734.0,40.87142,-73.88839,40.87382,-73.88661,member,-1
464,2702792,A9DC2204ACC6DB5C,classic_bike,2021-07-31 13:19:59,2021-07-31 13:23:29,Grand Concourse & E 199 St,8703,Grand Concourse & E 203 St,8734.0,40.87142,-73.88839,40.87382,-73.88661,member,-1
465,2704872,F1085C234B1CAF1B,classic_bike,2021-07-09 23:34:34,2021-07-09 23:50:33,Grand Concourse & E 199 St,8703,Grand Concourse & E 203 St,8734.0,40.87142,-73.88839,40.87382,-73.88661,member,-1
466,2704873,CFC306B70533FADD,classic_bike,2021-07-05 03:05:46,2021-07-05 03:09:27,Grand Concourse & E 199 St,8703,Grand Concourse & E 203 St,8734.0,40.87142,-73.88839,40.87382,-73.88661,member,-1
467,2889519,264A98B047E7401A,electric_bike,2021-07-14 04:05:08,2021-07-14 04:15:55,Grand Concourse & E 199 St,8703,Weeks Ave & E 175 St,8340.0,40.87142,-73.88839,40.846879,-73.907342,member,-1
468,2936055,EB77E9C45E8BEBC8,electric_bike,2021-07-23 22:36:03,2021-07-23 23:06:05,Grand Concourse & E 199 St,8703,Edgecombe Ave & W 150 St,8049.0,40.87142,-73.88839,40.826881,-73.941427,member,-1
469,3003797,25732392104AD5A2,electric_bike,2021-07-22 10:51:52,2021-07-22 11:05:45,Grand Concourse & E 199 St,8703,E 188 St & Creston Ave,8566.0,40.87142,-73.88839,40.861669,-73.898589,member,-1
470,3003884,7CA3B90BFFE2BB24,electric_bike,2021-07-11 14:41:45,2021-07-11 14:47:19,Grand Concourse & E 199 St,8703,E 188 St & Creston Ave,8566.0,40.87142,-73.88839,40.861669,-73.898589,casual,-1
471,3004011,B8B7046DCB9669BC,electric_bike,2021-07-08 07:51:28,2021-07-08 08:04:44,Grand Concourse & E 199 St,8703,E 188 St & Creston Ave,8566.0,40.87142,-73.88839,40.861669,-73.898589,member,-1
472,3004111,C7632D4CEEF30440,electric_bike,2021-07-07 09:55:40,2021-07-07 10:03:33,Grand Concourse & E 199 St,8703,E 188 St & Creston Ave,8566.0,40.87142,-73.88839,40.861669,-73.898589,casual,-1
0,3374,A876790E92C61E9B,electric_bike,2021-08-19 18:14:16,2021-08-19 18:17:01,Bainbridge Ave & Bedford Park Blvd,8682,Grand Concourse & E 199 St,8703.0,40.87002,-73.88565,40.87142,-73.88839,member,1
1,63025,6221188480C55353,electric_bike,2021-08-11 13:14:53,2021-08-11 13:18:58,Grand Concourse & E 192 St,8601,Grand Concourse & E 199 St,8703.0,40.86448,-73.89522,40.87142,-73.88839,casual,1
2,63278,E5B31D8620741B87,classic_bike,2021-08-17 17:15:33,2021-08-17 17:34:53,E Burnside Ave & Ryer Ave,8397,Grand Concourse & E 199 St,8703.0,40.850535,-73.901318,40.87142,-73.88839,casual,1
3,63404,6EBF4D10B59559E6,electric_bike,2021-08-05 21:16:42,2021-08-05 21:21:53,Decatur Ave & Oliver Pl,8631,Grand Concourse & E 199 St,8703.0,40.867,-73.8857764,40.87142,-73.88839,member,1
4,196145,4B2764C5FF428641,classic_bike,2021-08-11 22:21:00,2021-08-11 22:24:30,Grand Concourse & E 199 St,8703,Paul Ave & W 205 St,8782.0,40.87142,-73.88839,40.87704,-73.88943,casual,-1
5,338596,5D1B7055FC18C1A2,electric_bike,2021-08-05 05:11:47,2021-08-05 05:22:18,Grand Concourse & E 199 St,8703,Grand Concourse & E Mosholu Pkwy S,8795.0,40.87142,-73.88839,40.877964,-73.8847550291,member,-1
6,434781,8552454484F689A2,electric_bike,2021-08-24 10:59:20,2021-08-24 11:05:12,Bainbridge Ave & Bedford Park Blvd,8682,Grand Concourse & E 199 St,8703.0,40.87002,-73.88565,40.87142,-73.88839,casual,1
7,490879,EFE45DB398CBA0BD,electric_bike,2021-08-20 08:23:16,2021-08-20 08:29:10,Grand Concourse & E 199 St,8703,Goulden Ave & Bedford Park Blvd W,8738.0,40.87142,-73.88839,40.87387,-73.89533,member,-1
8,493383,EF167062D85F6D62,electric_bike,2021-08-27 19:51:05,2021-08-27 20:21:52,Grand Concourse & E 199 St,8703,Grand Concourse & E 205 St,8766.0,40.87142,-73.88839,40.875531,-73.8863864831,member,-1
9,505614,B59A88B20D8ED3C4,electric_bike,2021-08-10 02:50:38,2021-08-10 03:24:20,Grand Concourse & E 199 St,8703,E 167 St & Clay Ave,8088.0,40.87142,-73.88839,40.83094,-73.91125,member,-1
10,541026,7D3762DE8FED0DB2,electric_bike,2021-08-25 20:47:10,2021-08-25 23:10:48,Grand Concourse & E 199 St,8703,5 Ave & E 72 St,7100.0,40.87142,-73.88839,40.77282817,-73.96685276,member,-1
11,642049,F44C096951CE6999,classic_bike,2021-08-25 17:12:31,2021-08-25 17:32:00,Grand Concourse & E 199 St,8703,Nagle Ave & Thayer St,8563.0,40.87142,-73.88839,40.861382,-73.925591,member,-1
12,677998,93C5E0EFC877372F,classic_bike,2021-08-08 00:27:27,2021-08-08 00:30:54,Grand Concourse & E 199 St,8703,Marion Ave & Mosholu Pkwy,8699.0,40.87142,-73.88839,40.8704956,-73.8818756582,casual,-1
13,678003,B69F3C27F6829DA2,electric_bike,2021-08-12 21:20:31,2021-08-12 21:24:36,Grand Concourse & E 199 St,8703,Marion Ave & Mosholu Pkwy,8699.0,40.87142,-73.88839,40.8704956,-73.8818756582,casual,-1
14,692222,70F605DA7AE40E00,electric_bike,2021-08-26 18:55:22,2021-08-26 19:06:21,Grand Concourse & E 199 St,8703,Bailey Ave & W 193 St,8676.0,40.87142,-73.88839,40.87069,-73.90678,casual,-1
15,701565,DF3EFB07E7A390DB,classic_bike,2021-08-25 17:20:27,2021-08-25 17:22:04,Grand Concourse & E 199 St,8703,Bainbridge Ave & Bedford Park Blvd,8682.0,40.87142,-73.88839,40.87002,-73.88565,member,-1
16,709403,17F0933A993BC35A,electric_bike,2021-08-30 01:00:01,2021-08-30 01:01:24,Grand Concourse & E 199 St,8703,Bainbridge Ave & Bedford Park Blvd,8682.0,40.87142,-73.88839,40.87002,-73.88565,member,-1
17,724613,C315834CB5C27CE9,electric_bike,2021-08-23 16:58:41,2021-08-23 17:31:39,Grand Concourse & E 199 St,8703,Bainbridge Ave & Bedford Park Blvd,8682.0,40.87142,-73.88839,40.87002,-73.88565,member,-1
18,724664,97967140797538D3,electric_bike,2021-08-27 01:20:12,2021-08-27 01:21:26,Grand Concourse & E 199 St,8703,Bainbridge Ave & Bedford Park Blvd,8682.0,40.87142,-73.88839,40.87002,-73.88565,member,-1
19,725699,99243530C81AD55E,electric_bike,2021-08-23 15:07:42,2021-08-23 15:26:16,Grand Concourse & E 199 St,8703,Bainbridge Ave & Bedford Park Blvd,8682.0,40.87142,-73.88839,40.87002,-73.88565,member,-1
20,726371,A522EF917385C223,electric_bike,2021-08-11 15:30:49,2021-08-11 16:03:37,Grand Concourse & E 199 St,8703,Bainbridge Ave & Bedford Park Blvd,8682.0,40.87142,-73.88839,40.87002,-73.88565,member,-1
21,728630,3AFCD6E952D3A862,electric_bike,2021-08-20 00:58:56,2021-08-20 01:00:04,Grand Concourse & E 199 St,8703,Bainbridge Ave & Bedford Park Blvd,8682.0,40.87142,-73.88839,40.87002,-73.88565,member,-1
22,794609,B84522823E07C7EC,electric_bike,2021-08-04 20:21:21,2021-08-04 20:25:15,Grand Concourse & E 199 St,8703,Grand Concourse & E 192 St,8601.0,40.87142,-73.88839,40.86448,-73.89522,member,-1
23,796603,078E8AFB3F7022E2,docked_bike,2021-08-16 17:13:09,2021-08-16 17:38:42,Grand Concourse & E 199 St,8703,Grand Concourse & E 192 St,8601.0,40.87142,-73.88839,40.86448,-73.89522,casual,-1
24,798938,956D6156F78594BF,classic_bike,2021-08-18 21:51:33,2021-08-18 21:58:09,Grand Concourse & E 199 St,8703,Grand Concourse & E 192 St,8601.0,40.87142,-73.88839,40.86448,-73.89522,member,-1
25,798954,C62D43113E542A8D,electric_bike,2021-08-30 18:39:25,2021-08-30 18:45:30,Grand Concourse & E 199 St,8703,Grand Concourse & E 192 St,8601.0,40.87142,-73.88839,40.86448,-73.89522,member,-1
26,846619,093A3CEC5DFCBF01,electric_bike,2021-08-04 18:05:45,2021-08-04 20:02:05,Grand Concourse & E 199 St,8703,Sedgwick Ave & W Tremont Ave,8428.0,40.87142,-73.88839,40.853157,-73.918214,member,-1
27,869368,99217D95D7DFE058,electric_bike,2021-08-20 06:24:41,2021-08-20 07:02:23,Grand Concourse & E 199 St,8703,Broadway & W 131 St,7865.0,40.87142,-73.88839,40.817555,-73.957163,casual,-1
28,869409,0DDEA0824D7724C0,classic_bike,2021-08-01 14:57:19,2021-08-01 15:01:46,Grand Concourse & E 199 St,8703,Goulden Ave & W 205 St,8799.0,40.87142,-73.88839,40.87812,-73.89192,member,-1
29,869410,3AEEBDDF11717ABB,electric_bike,2021-08-16 11:45:48,2021-08-16 11:50:47,Grand Concourse & E 199 St,8703,Goulden Ave & W 205 St,8799.0,40.87142,-73.88839,40.87812,-73.89192,member,-1
30,871446,4997FAEA0B2ABEEB,electric_bike,2021-08-11 06:25:09,2021-08-11 07:04:01,Grand Concourse & E 199 St,8703,Broadway & W 131 St,7865.0,40.87142,-73.88839,40.817555,-73.957163,casual,-1
31,871491,EFBB054DBEB10018,electric_bike,2021-08-08 14:44:39,2021-08-08 14:47:39,Grand Concourse & E 199 St,8703,Goulden Ave & W 205 St,8799.0,40.87142,-73.88839,40.87812,-73.89192,member,-1
32,941777,1189F69D5C7F320E,classic_bike,2021-08-20 15:00:37,2021-08-20 15:20:15,Grand Concourse & E 199 St,8703,Broadway & W 220 St,8715.0,40.87142,-73.88839,40.872412,-73.912807,casual,-1
33,955363,DA39DBEEF515AF1A,electric_bike,2021-08-31 13:19:52,2021-08-31 13:30:45,Grand Concourse & E 199 St,8703,Broadway & W 220 St,8715.0,40.87142,-73.88839,40.872412,-73.912807,member,-1
34,961743,2A4CF64D9B33150E,classic_bike,2021-08-09 09:32:01,2021-08-09 09:34:24,Grand Concourse & E 199 St,8703,Grand Concourse & E 203 St,8734.0,40.87142,-73.88839,40.87382,-73.88661,casual,-1
35,968978,52E4C320FD725ADA,electric_bike,2021-08-04 03:19:28,2021-08-04 03:22:43,Grand Concourse & E 199 St,8703,Grand Concourse & E 203 St,8734.0,40.87142,-73.88839,40.87382,-73.88661,member,-1
36,969025,FB3E6A5C0DC31FA1,electric_bike,2021-08-02 01:54:01,2021-08-02 02:10:19,Grand Concourse & E 199 St,8703,Grand Concourse & E 203 St,8734.0,40.87142,-73.88839,40.87382,-73.88661,casual,-1
37,969029,4BFE2AE8F3844744,electric_bike,2021-08-25 04:45:05,2021-08-25 04:48:13,Grand Concourse & E 199 St,8703,Grand Concourse & E 203 St,8734.0,40.87142,-73.88839,40.87382,-73.88661,casual,-1
38,969044,E69250F5C114EB8F,electric_bike,2021-08-20 09:18:21,2021-08-20 09:20:40,Grand Concourse & E 199 St,8703,Grand Concourse & E 203 St,8734.0,40.87142,-73.88839,40.87382,-73.88661,member,-1
39,974756,82962FE24EC571D2,electric_bike,2021-08-19 18:46:02,2021-08-19 18:48:34,Grand Concourse & E 199 St,8703,Grand Concourse & E 196 St,8635.0,40.87142,-73.88839,40.86767,-73.89286,casual,-1
40,987151,7D265C35B176DB7D,electric_bike,2021-08-27 13:27:35,2021-08-27 16:42:35,Grand Concourse & E 199 St,8703,Grand Concourse & E 196 St,8635.0,40.87142,-73.88839,40.86767,-73.89286,casual,-1
41,987304,1ECF1B77580286D7,electric_bike,2021-08-14 20:11:26,2021-08-14 20:14:45,Grand Concourse & E 199 St,8703,Grand Concourse & E 196 St,8635.0,40.87142,-73.88839,40.86767,-73.89286,casual,-1
42,1008224,AD7BF8D816EC1D07,electric_bike,2021-08-20 18:11:14,2021-08-20 18:37:38,Grand Concourse & E 199 St,8703,Jerome Ave & W 193 St,8619.0,40.87142,-73.88839,40.86659,-73.89794,casual,-1
43,1047050,9D4414330A397BC0,electric_bike,2021-08-11 20:17:40,2021-08-11 20:31:54,Grand Concourse & E 199 St,8703,Bainbridge Ave & E 193 St,8582.0,40.87142,-73.88839,40.86389,-73.89246,casual,-1
44,1047053,38729B059CE7F59E,classic_bike,2021-08-07 19:29:28,2021-08-07 19:33:21,Grand Concourse & E 199 St,8703,E Mosholu Pkwy & E 204 St,8748.0,40.87142,-73.88839,40.8740704,-73.8833650931,casual,-1
45,1060189,B1C4C6B96DB10014,classic_bike,2021-08-06 17:34:04,2021-08-06 17:44:11,Grand Concourse & E 199 St,8703,Bainbridge Ave & E 193 St,8582.0,40.87142,-73.88839,40.86389,-73.89246,casual,-1
46,1061304,50FBD9A21CB76326,electric_bike,2021-08-11 18:23:11,2021-08-11 18:25:55,Grand Concourse & E 199 St,8703,E Mosholu Pkwy & E 204 St,8748.0,40.87142,-73.88839,40.8740704,-73.8833650931,casual,-1
47,1103698,A220446C5712C200,electric_bike,2021-08-20 00:35:09,2021-08-20 00:40:46,Grand Concourse & E 199 St,8703,Jerome Ave & W Fordham Rd,8586.0,40.87142,-73.88839,40.86294,-73.90108,member,-1
48,1104636,C2E1628003A826FD,electric_bike,2021-08-20 08:41:01,2021-08-20 08:50:49,Grand Concourse & E 199 St,8703,Isham St & Broadway,8665.0,40.87142,-73.88839,40.86788,-73.919685,member,-1
49,1105278,90135C2CA45C35E6,electric_bike,2021-08-16 18:12:36,2021-08-16 18:26:36,Grand Concourse & E 199 St,8703,Jerome Ave & W Fordham Rd,8586.0,40.87142,-73.88839,40.86294,-73.90108,casual,-1
50,1111676,B8DD02B8CC9C589D,electric_bike,2021-08-04 15:01:55,2021-08-04 15:10:34,Grand Concourse & E 199 St,8703,Jerome Ave & W Fordham Rd,8586.0,40.87142,-73.88839,40.86294,-73.90108,member,-1
51,1127405,2E51751259C35879,classic_bike,2021-08-25 17:30:24,2021-08-25 17:33:31,Grand Concourse & E 199 St,8703,Grand Concourse & E Mosholu Pkwy S,8795.0,40.87142,-73.88839,40.877964,-73.8847550291,member,-1
52,1163300,E1DDE508CED6D3F4,electric_bike,2021-08-05 00:09:17,2021-08-05 00:27:10,Grand Concourse & E 199 St,8703,Grand Concourse & E 161 St,8021.0,40.87142,-73.88839,40.82713380423556,-73.9227358996868,casual,-1
53,1169609,7BC5942342D31B2D,electric_bike,2021-08-18 18:43:55,2021-08-18 19:05:42,Grand Concourse & E 199 St,8703,Grand Concourse & E 161 St,8021.0,40.87142,-73.88839,40.82713380423556,-73.9227358996868,casual,-1
54,1239000,97E0661168983E9D,electric_bike,2021-08-19 19:20:02,2021-08-19 20:31:58,Grand Concourse & E 199 St,8703,Bainbridge Ave & E 196 St,8615.0,40.87142,-73.88839,40.86648,-73.89042,casual,-1
55,1244169,B71B8B63AE3C8D49,electric_bike,2021-08-27 04:31:53,2021-08-27 04:35:20,Grand Concourse & E 199 St,8703,Bainbridge Ave & E 196 St,8615.0,40.87142,-73.88839,40.86648,-73.89042,member,-1
56,1245971,42A0BBB5E03FABF0,electric_bike,2021-08-05 22:30:44,2021-08-05 22:35:00,Grand Concourse & E 199 St,8703,Bainbridge Ave & E 196 St,8615.0,40.87142,-73.88839,40.86648,-73.89042,member,-1
57,1247091,57DDADD90BC266CF,electric_bike,2021-08-17 16:50:10,2021-08-17 17:17:14,Grand Concourse & E 199 St,8703,Prospect Ave & E 167 St,8008.0,40.87142,-73.88839,40.826303,-73.898751,casual,-1
58,1312021,559E23CD0F49361C,electric_bike,2021-08-05 13:16:54,2021-08-05 13:22:12,Grand Concourse & E 199 St,8703,E Fordham Rd & Webster Ave,8582.0,40.87142,-73.88839,40.861748,-73.89105,casual,-1
59,1314323,3EEB50AB5B94ED24,electric_bike,2021-08-21 18:37:55,2021-08-21 18:45:50,Grand Concourse & E 199 St,8703,E Fordham Rd & Webster Ave,8582.0,40.87142,-73.88839,40.861748,-73.89105,casual,-1
60,1320382,276B8198C94AB509,electric_bike,2021-08-03 13:18:34,2021-08-03 13:29:28,Grand Concourse & E 199 St,8703,E Fordham Rd & Webster Ave,8582.0,40.87142,-73.88839,40.861748,-73.89105,member,-1
61,1320385,ACB858CFF3647C2E,classic_bike,2021-08-24 17:07:00,2021-08-24 17:17:30,Grand Concourse & E 199 St,8703,E Fordham Rd & Webster Ave,8582.0,40.87142,-73.88839,40.861748,-73.89105,member,-1
62,1322544,62020BA6A606B6E2,electric_bike,2021-08-20 09:08:42,2021-08-20 09:24:51,Grand Concourse & E 199 St,8703,E Fordham Rd & Webster Ave,8582.0,40.87142,-73.88839,40.861748,-73.89105,casual,-1
63,1322551,AB005378CA56C9BB,electric_bike,2021-08-27 16:14:27,2021-08-27 16:25:01,Grand Concourse & E 199 St,8703,E Fordham Rd & Webster Ave,8582.0,40.87142,-73.88839,40.861748,-73.89105,casual,-1
64,1324951,44D220851E308CFB,electric_bike,2021-08-27 19:58:43,2021-08-27 20:11:41,Grand Concourse & E 199 St,8703,Grand Ave & W 181 St,8500.0,40.87142,-73.88839,40.856302,-73.907302,casual,-1
65,1330888,0CD04B552BD4BA0B,electric_bike,2021-08-27 17:44:20,2021-08-27 18:18:18,Grand Concourse & E 199 St,8703,E Fordham Rd & Webster Ave,8582.0,40.87142,-73.88839,40.861748,-73.89105,member,-1
66,1424988,88B1CE7E87F2556C,electric_bike,2021-08-26 06:05:27,2021-08-26 06:06:58,Grand Concourse & E 199 St,8703,Jerome Ave & Bedford Park Blvd E,8734.0,40.87142,-73.88839,40.87307,-73.88971,member,-1
67,1429379,1C3152B8F4BC2187,electric_bike,2021-08-31 06:01:05,2021-08-31 06:02:34,Grand Concourse & E 199 St,8703,Jerome Ave & Bedford Park Blvd E,8734.0,40.87142,-73.88839,40.87307,-73.88971,member,-1
68,1441798,3E2303C069E6288D,electric_bike,2021-08-24 05:57:50,2021-08-24 05:59:24,Grand Concourse & E 199 St,8703,Jerome Ave & Bedford Park Blvd E,8734.0,40.87142,-73.88839,40.87307,-73.88971,member,-1
69,1441801,D3BCA898BCBB45D5,electric_bike,2021-08-27 09:20:35,2021-08-27 09:33:38,Grand Concourse & E 199 St,8703,Jerome Ave & Bedford Park Blvd E,8734.0,40.87142,-73.88839,40.87307,-73.88971,casual,-1
70,1441808,BA3397567A371F9B,classic_bike,2021-08-05 05:50:35,2021-08-05 05:52:16,Grand Concourse & E 199 St,8703,Jerome Ave & Bedford Park Blvd E,8734.0,40.87142,-73.88839,40.87307,-73.88971,member,-1
71,1441817,0223E21ADFF22BE7,classic_bike,2021-08-13 06:14:42,2021-08-13 06:15:52,Grand Concourse & E 199 St,8703,Jerome Ave & Bedford Park Blvd E,8734.0,40.87142,-73.88839,40.87307,-73.88971,member,-1
72,1441818,45405B9B2EC91541,electric_bike,2021-08-27 06:17:26,2021-08-27 06:18:45,Grand Concourse & E 199 St,8703,Jerome Ave & Bedford Park Blvd E,8734.0,40.87142,-73.88839,40.87307,-73.88971,member,-1
73,1444514,2237C7B8AE2F2FD2,classic_bike,2021-08-25 05:45:51,2021-08-25 05:47:19,Grand Concourse & E 199 St,8703,Jerome Ave & Bedford Park Blvd E,8734.0,40.87142,-73.88839,40.87307,-73.88971,member,-1
74,1482198,6171E19CF623F1AD,classic_bike,2021-08-31 18:14:58,2021-08-31 18:22:50,Grand Concourse & E 199 St,8703,E 188 St & Creston Ave,8566.0,40.87142,-73.88839,40.861669,-73.898589,member,-1
75,1519778,60D75B192C7FE345,electric_bike,2021-08-09 14:46:44,2021-08-09 14:49:31,Grand Concourse & E 199 St,8703,Bedford Park Blvd & Paul Ave,8752.0,40.87142,-73.88839,40.87444,-73.89186,casual,-1
76,1520687,C40A026AB1AF796F,electric_bike,2021-08-27 21:23:30,2021-08-27 21:26:38,Grand Concourse & E 199 St,8703,Bedford Park Blvd & Paul Ave,8752.0,40.87142,-73.88839,40.87444,-73.89186,casual,-1
77,1521801,57E12B8FF3902515,classic_bike,2021-08-09 14:46:26,2021-08-09 14:49:18,Grand Concourse & E 199 St,8703,Bedford Park Blvd & Paul Ave,8752.0,40.87142,-73.88839,40.87444,-73.89186,casual,-1
78,1522426,90D19BF70809AA78,classic_bike,2021-08-21 19:35:27,2021-08-21 19:38:26,Grand Concourse & E 199 St,8703,Bedford Park Blvd & Paul Ave,8752.0,40.87142,-73.88839,40.87444,-73.89186,casual,-1
79,1523026,E4FD278898C1C3A2,electric_bike,2021-08-27 06:54:55,2021-08-27 07:33:46,Grand Concourse & E 199 St,8703,Bedford Park Blvd & Paul Ave,8752.0,40.87142,-73.88839,40.87444,-73.89186,casual,-1
80,1532945,74DC96AC37E5B069,electric_bike,2021-08-09 09:28:14,2021-08-09 09:42:20,Grand Concourse & E 199 St,8703,Jerome Ave & E Mosholu Parkway S,8795.0,40.87142,-73.88839,40.87935,-73.88534,casual,-1
81,1537290,E09248EADAB4BDBE,classic_bike,2021-08-16 16:25:29,2021-08-16 16:31:01,Grand Concourse & E 199 St,8703,Jerome Ave & E Mosholu Parkway S,8795.0,40.87142,-73.88839,40.87935,-73.88534,casual,-1
82,1537291,F30AAB5B3FBDDE5C,electric_bike,2021-08-16 10:31:04,2021-08-16 10:34:56,Grand Concourse & E 199 St,8703,Jerome Ave & E Mosholu Parkway S,8795.0,40.87142,-73.88839,40.87935,-73.88534,casual,-1
83,1537296,3CC609457A92614E,electric_bike,2021-08-11 16:24:22,2021-08-11 16:29:22,Grand Concourse & E 199 St,8703,Jerome Ave & E Mosholu Parkway S,8795.0,40.87142,-73.88839,40.87935,-73.88534,casual,-1
84,1538918,7F5904C3A9DB7EE2,classic_bike,2021-08-04 15:41:10,2021-08-04 15:53:06,Grand Concourse & E 199 St,8703,Jerome Ave & E Mosholu Parkway S,8795.0,40.87142,-73.88839,40.87935,-73.88534,member,-1
85,1538931,667E5C7D7C05DA7A,classic_bike,2021-08-12 15:16:04,2021-08-12 15:20:19,Grand Concourse & E 199 St,8703,Decatur Ave & E 197 St,8597.0,40.87142,-73.88839,40.86557,-73.88807,member,-1
86,1538947,CFF8ED2D6D648A94,electric_bike,2021-08-26 14:48:41,2021-08-26 16:03:44,Grand Concourse & E 199 St,8703,Jerome Ave & E Mosholu Parkway S,8795.0,40.87142,-73.88839,40.87935,-73.88534,casual,-1
87,1539879,4BCDD2D8BAF78B31,classic_bike,2021-08-09 16:32:26,2021-08-09 16:43:24,Grand Concourse & E 199 St,8703,Jerome Ave & E Mosholu Parkway S,8795.0,40.87142,-73.88839,40.87935,-73.88534,member,-1
88,1539915,6E155751211DE59D,electric_bike,2021-08-04 14:39:18,2021-08-04 14:44:46,Grand Concourse & E 199 St,8703,Jerome Ave & E Mosholu Parkway S,8795.0,40.87142,-73.88839,40.87935,-73.88534,member,-1
89,1541491,9F61A6A66E93CDCC,classic_bike,2021-08-05 13:58:33,2021-08-05 14:02:31,Grand Concourse & E 199 St,8703,Decatur Ave & E 197 St,8597.0,40.87142,-73.88839,40.86557,-73.88807,member,-1
90,1542530,DFCD3A400A96ADC9,electric_bike,2021-08-04 09:21:58,2021-08-04 09:27:13,Grand Concourse & E 199 St,8703,Jerome Ave & E Mosholu Parkway S,8795.0,40.87142,-73.88839,40.87935,-73.88534,member,-1
91,1542532,B74DA26397FABC74,electric_bike,2021-08-23 18:06:43,2021-08-23 18:11:23,Grand Concourse & E 199 St,8703,Jerome Ave & E Mosholu Parkway S,8795.0,40.87142,-73.88839,40.87935,-73.88534,casual,-1
92,1542634,6B7DB1500DD53451,classic_bike,2021-08-20 00:36:06,2021-08-20 00:42:37,Grand Concourse & E 199 St,8703,Jerome Ave & E Mosholu Parkway S,8795.0,40.87142,-73.88839,40.87935,-73.88534,member,-1
93,1578433,DD13DDBFB40D8630,classic_bike,2021-08-15 20:06:38,2021-08-15 20:09:29,Grand Concourse & E 199 St,8703,Jerome Ave & E 198 St,8720.0,40.87142,-73.88839,40.87144520687118,-73.89289632439613,member,-1
94,1587166,7C6B7AC5BA7EF971,electric_bike,2021-08-06 15:30:16,2021-08-06 16:03:16,Grand Concourse & E 199 St,8703,W Mosholu Pkwy S & Sedgwick Ave,8841.0,40.87142,-73.88839,40.88226,-73.88702,member,-1
95,1668692,6F08B340817EB60F,electric_bike,2021-08-21 11:32:00,2021-08-21 11:56:09,Grand Concourse & E 199 St,8703,Cauldwell Ave & E 158 St,7913.0,40.87142,-73.88839,40.81989,-73.908351,member,-1
96,1689611,8574B0EFB305BF91,electric_bike,2021-08-20 12:55:12,2021-08-20 12:58:23,Grand Concourse & E 199 St,8703,E Mosholu Pkwy & Van Cortlandt Ave E,8778.0,40.87142,-73.88839,40.87656,-73.88366,member,-1
97,1696627,1647D25042BD04FD,electric_bike,2021-08-30 19:13:52,2021-08-30 19:17:13,Grand Concourse & E 199 St,8703,E Mosholu Pkwy & Van Cortlandt Ave E,8778.0,40.87142,-73.88839,40.87656,-73.88366,casual,-1
98,1703379,7F80AEE839B45021,electric_bike,2021-08-01 17:44:01,2021-08-01 18:12:20,Grand Concourse & E 199 St,8703,Bainbridge Ave & E 198 St,8649.0,40.87142,-73.88839,40.8684871,-73.8884559781,member,-1
99,1704040,AC98E6C0ED595662,electric_bike,2021-08-16 15:52:45,2021-08-16 17:28:00,Grand Concourse & E 199 St,8703,Bainbridge Ave & E 198 St,8649.0,40.87142,-73.88839,40.8684871,-73.8884559781,casual,-1
100,1706987,4AD638643EFFE039,electric_bike,2021-08-28 11:38:57,2021-08-28 12:21:54,Grand Concourse & E 199 St,8703,Bainbridge Ave & E 198 St,8649.0,40.87142,-73.88839,40.8684871,-73.8884559781,member,-1
101,1708510,FE3921729A06F760,classic_bike,2021-08-10 15:36:03,2021-08-10 15:42:35,Grand Concourse & E 199 St,8703,E Mosholu Pkwy & Van Cortlandt Ave E,8778.0,40.87142,-73.88839,40.87656,-73.88366,member,-1
102,1708513,C9C7524031C21351,electric_bike,2021-08-15 20:19:40,2021-08-15 20:24:15,Grand Concourse & E 199 St,8703,Bainbridge Ave & E 198 St,8649.0,40.87142,-73.88839,40.8684871,-73.8884559781,casual,-1
103,1725432,14D1437BBAC32866,electric_bike,2021-08-21 18:51:22,2021-08-21 19:35:31,Grand Concourse & E 199 St,8703,E 201 St & Briggs Ave,8717.0,40.87142,-73.88839,40.87207,-73.88459,casual,-1
104,1727054,3009FA43C074E46A,electric_bike,2021-08-19 23:32:53,2021-08-19 23:44:51,Grand Concourse & E 199 St,8703,E 201 St & Briggs Ave,8717.0,40.87142,-73.88839,40.87207,-73.88459,casual,-1
105,1727910,C237FA2D0D0E59A7,electric_bike,2021-08-24 21:03:08,2021-08-24 21:17:50,Grand Concourse & E 199 St,8703,E 201 St & Briggs Ave,8717.0,40.87142,-73.88839,40.87207,-73.88459,member,-1
106,1729416,1104D6450786F9FE,electric_bike,2021-08-29 08:53:29,2021-08-29 09:22:47,Grand Concourse & E 199 St,8703,E 201 St & Briggs Ave,8717.0,40.87142,-73.88839,40.87207,-73.88459,casual,-1
107,1760196,77247BD5AAB6F8BE,classic_bike,2021-08-14 17:38:51,2021-08-14 18:02:37,Grand Concourse & E 199 St,8703,Morris Ave & E Burnside Ave,8441.0,40.87142,-73.88839,40.85322,-73.90546,member,-1
108,1785740,781958C4BC8C8C52,electric_bike,2021-08-19 21:43:42,2021-08-19 21:54:26,Grand Concourse & E 199 St,8703,Grand Ave & W Fordham Rd,8571.0,40.87142,-73.88839,40.86288,-73.90316,casual,-1
109,1787033,11A83EC8DD76F885,electric_bike,2021-08-28 22:55:49,2021-08-28 23:03:02,Grand Concourse & E 199 St,8703,Grand Ave & W Fordham Rd,8571.0,40.87142,-73.88839,40.86288,-73.90316,casual,-1
110,1792019,49E4D3635A2938BA,electric_bike,2021-08-26 14:53:41,2021-08-26 15:30:46,Grand Concourse & E 199 St,8703,W Tremont Ave & Montgomery Ave,8407.0,40.87142,-73.88839,40.851788,-73.916418,member,-1
111,1874155,747511D41EA700FD,electric_bike,2021-08-12 09:04:20,2021-08-12 09:09:42,Grand Concourse & E 199 St,8703,Jerome Ave & W 184 St,8550.0,40.87142,-73.88839,40.860814,-73.902541,member,-1
112,1900105,9F3C06FE578041B0,electric_bike,2021-08-26 15:28:49,2021-08-26 15:51:45,Grand Concourse & E 199 St,8703,10 Ave & W 207 St,8613.0,40.87142,-73.88839,40.864632,-73.918598,casual,-1
113,1937069,289C398750D5CB11,electric_bike,2021-08-20 13:13:41,2021-08-20 13:44:06,Grand Concourse & E 199 St,8703,W 204 St & Vermilyea Ave,8632.0,40.87142,-73.88839,40.866141,-73.922648,casual,-1
114,1937143,C880B93050004B95,electric_bike,2021-08-24 11:47:28,2021-08-24 12:05:15,Grand Concourse & E 199 St,8703,W 204 St & Vermilyea Ave,8632.0,40.87142,-73.88839,40.866141,-73.922648,casual,-1
115,2013006,36D8719462F49005,electric_bike,2021-08-31 20:01:51,2021-08-31 20:29:51,Grand Concourse & E 199 St,8703,,,40.87142,-73.88839,40.87,-73.89,casual,-1
116,2013174,520B7B3A278D1740,electric_bike,2021-08-23 11:29:38,2021-08-23 13:26:31,Grand Concourse & E 199 St,8703,,,40.87142,-73.88839,,,member,-1
117,2141784,0436352920D58766,electric_bike,2021-08-23 20:47:01,2021-08-23 20:49:57,Grand Concourse & E 199 St,8703,Jerome Ave & W 195 St,8653.0,40.87142,-73.88839,40.86874,-73.89657,casual,-1
118,2141798,CF378B12DD61BE3E,electric_bike,2021-08-06 04:24:14,2021-08-06 04:27:12,Grand Concourse & E 199 St,8703,Jerome Ave & W 195 St,8653.0,40.87142,-73.88839,40.86874,-73.89657,casual,-1
119,2265908,D7B3745407A2A509,classic_bike,2021-08-24 17:23:23,2021-08-24 17:34:25,Grand Concourse & E 199 St,8703,Tiebout Ave & E Fordham Road,8546.0,40.87142,-73.88839,40.861915,-73.894831,casual,-1
120,2266416,499BAA1817D17FD8,electric_bike,2021-08-28 17:52:50,2021-08-28 18:41:28,Grand Concourse & E 199 St,8703,Tiebout Ave & E Fordham Road,8546.0,40.87142,-73.88839,40.861915,-73.894831,casual,-1
121,2266948,914292B5F52A4AD2,electric_bike,2021-08-23 19:23:51,2021-08-23 19:30:16,Grand Concourse & E 199 St,8703,Tiebout Ave & E Fordham Road,8546.0,40.87142,-73.88839,40.861915,-73.894831,member,-1
122,2328274,629DD39F5C30D392,electric_bike,2021-08-06 23:35:26,2021-08-07 00:00:44,Grand Concourse & E 199 St,8703,Tiebout Ave & E 184 St,8510.0,40.87142,-73.88839,40.858498,-73.89637,casual,-1
123,2398145,FDBA1FA8276D6914,electric_bike,2021-08-24 13:58:48,2021-08-24 14:36:03,Grand Concourse & E 199 St,8703,9 Ave & W 219 St,8696.0,40.87142,-73.88839,40.871094,-73.911503,casual,-1
124,2469539,5FE6202042E8986F,classic_bike,2021-08-20 20:20:08,2021-08-20 21:07:11,Grand Concourse & E 199 St,8703,Melrose Ave & E 154 St,7918.0,40.87142,-73.88839,40.819609,-73.916071,casual,-1
125,2476445,2201115A4E90B2A4,electric_bike,2021-08-16 22:03:09,2021-08-16 22:05:48,Grand Concourse & E 199 St,8703,Paul Ave & W 205 St,8782.0,40.87142,-73.88839,40.87704,-73.88943,member,-1
126,2499688,46121CAAEBF60A64,electric_bike,2021-08-20 02:50:27,2021-08-20 02:54:10,Grand Concourse & E 199 St,8703,Botanical Sq & Webster Ave,8646.0,40.87142,-73.88839,40.86814,-73.88145,member,-1
127,2506358,029708E1E71B94AD,electric_bike,2021-08-12 09:16:04,2021-08-12 09:27:23,Grand Concourse & E 199 St,8703,Botanical Sq & Webster Ave,8646.0,40.87142,-73.88839,40.86814,-73.88145,member,-1
128,2506362,FB24D6C70063A837,classic_bike,2021-08-18 08:00:19,2021-08-18 08:03:27,Grand Concourse & E 199 St,8703,Botanical Sq & Webster Ave,8646.0,40.87142,-73.88839,40.86814,-73.88145,member,-1
129,2518154,90558D0519121154,classic_bike,2021-08-12 14:27:32,2021-08-12 14:44:57,Grand Concourse & E 199 St,8703,Botanical Sq & Webster Ave,8646.0,40.87142,-73.88839,40.86814,-73.88145,member,-1
130,2522193,7157D4EA40DFE00C,classic_bike,2021-08-29 10:02:42,2021-08-29 10:11:01,Grand Concourse & E 199 St,8703,Botanical Sq & Webster Ave,8646.0,40.87142,-73.88839,40.86814,-73.88145,member,-1
131,2522218,256FDFF9BCAFC713,electric_bike,2021-08-28 15:28:26,2021-08-28 15:32:43,Grand Concourse & E 199 St,8703,Botanical Sq & Webster Ave,8646.0,40.87142,-73.88839,40.86814,-73.88145,member,-1
132,2623793,10BF4DB739C4E342,electric_bike,2021-08-21 20:02:07,2021-08-21 20:11:37,Grand Concourse & E 199 St,8703,Grand Concourse & E 197 St,8667.0,40.87142,-73.88839,40.86945,-73.89148,casual,-1
133,2628007,BA236BDD4A1D242F,electric_bike,2021-08-20 17:01:21,2021-08-20 17:03:30,Grand Concourse & E 199 St,8703,Grand Concourse & E 197 St,8667.0,40.87142,-73.88839,40.86945,-73.89148,member,-1
134,2628048,07B340AA659F03F8,electric_bike,2021-08-30 19:34:11,2021-08-30 19:55:00,Grand Concourse & E 199 St,8703,3 Ave & E 170 St,8137.0,40.87142,-73.88839,40.834857,-73.903743,member,-1
135,2629911,A0C257B303084764,electric_bike,2021-08-17 03:20:21,2021-08-17 03:21:28,Grand Concourse & E 199 St,8703,Grand Concourse & E 197 St,8667.0,40.87142,-73.88839,40.86945,-73.89148,member,-1
136,2630252,E36E8BF77764914A,classic_bike,2021-08-18 06:10:59,2021-08-18 06:12:37,Grand Concourse & E 199 St,8703,Grand Concourse & E 197 St,8667.0,40.87142,-73.88839,40.86945,-73.89148,member,-1
137,2639356,BA50A67566405DCD,electric_bike,2021-08-08 14:58:39,2021-08-08 15:16:31,Grand Concourse & E 199 St,8703,Ogden Ave & Merriam Ave,8218.0,40.87142,-73.88839,40.839142,-73.925961,casual,-1
138,2699531,7F263BD07C13BA86,electric_bike,2021-08-05 17:40:22,2021-08-05 18:23:23,Grand Concourse & E 199 St,8703,12 Ave & W 125 St,7886.0,40.87142,-73.88839,40.818299,-73.960405,member,-1
139,2747923,37110172E6A274CC,electric_bike,2021-08-28 21:40:47,2021-08-28 21:43:50,Paul Ave & W 205 St,8782,Grand Concourse & E 199 St,8703.0,40.87704,-73.88943,40.87142,-73.88839,casual,1
140,2748172,5C8DFFF683530010,electric_bike,2021-08-05 01:57:26,2021-08-05 01:59:17,Bainbridge Ave & Bedford Park Blvd,8682,Grand Concourse & E 199 St,8703.0,40.87002,-73.88565,40.87142,-73.88839,member,1
141,2748242,E9D52F834CB73B32,electric_bike,2021-08-23 17:40:03,2021-08-23 17:53:43,Goulden Ave & W 205 St,8799,Grand Concourse & E 199 St,8703.0,40.87812,-73.89192,40.87142,-73.88839,member,1
142,2748279,4060220181AD941A,electric_bike,2021-08-16 09:36:42,2021-08-16 09:59:19,Jerome Ave & W 195 St,8653,Grand Concourse & E 199 St,8703.0,40.86874,-73.89657,40.87142,-73.88839,casual,1
143,2748307,83097D65E0FA8BCD,electric_bike,2021-08-26 21:36:57,2021-08-26 22:26:54,E 81 St & 2 Ave,7121,Grand Concourse & E 199 St,8703.0,40.77477944895728,-73.95427465438843,40.87142,-73.88839,casual,1
144,2748552,3B45EC63FF8FAE18,electric_bike,2021-08-27 05:03:26,2021-08-27 05:05:55,Decatur Ave & Bedford Park Blvd,8664,Grand Concourse & E 199 St,8703.0,40.86813,-73.88412,40.87142,-73.88839,member,1
145,2748558,9060F1B41F9FB195,electric_bike,2021-08-16 13:13:27,2021-08-16 13:31:46,Plaza Dr & W 170 St,8213,Grand Concourse & E 199 St,8703.0,40.840484,-73.917946,40.87142,-73.88839,casual,1
146,2748581,E38CE7244924C0D9,classic_bike,2021-08-24 16:08:43,2021-08-24 16:20:23,Creston Ave & E 181 St,8456,Grand Concourse & E 199 St,8703.0,40.8549,-73.90281,40.87142,-73.88839,member,1
147,2748716,C6E81A413AD7F9DA,classic_bike,2021-08-31 15:58:21,2021-08-31 16:01:57,Bedford Park Blvd & Paul Ave,8752,Grand Concourse & E 199 St,8703.0,40.87444,-73.89186,40.87142,-73.88839,member,1
148,2748717,A3C030C8CE65749A,classic_bike,2021-08-31 15:47:30,2021-08-31 15:51:39,Bedford Park Blvd & Paul Ave,8752,Grand Concourse & E 199 St,8703.0,40.87444,-73.89186,40.87142,-73.88839,member,1
149,2748718,86B8324401F7BDBC,classic_bike,2021-08-31 15:36:55,2021-08-31 15:41:31,Bedford Park Blvd & Paul Ave,8752,Grand Concourse & E 199 St,8703.0,40.87444,-73.89186,40.87142,-73.88839,member,1
150,2749141,52A4B54EE41E1019,classic_bike,2021-08-18 15:15:02,2021-08-18 15:21:42,W Mosholu Pkwy S & Sedgwick Ave,8841,Grand Concourse & E 199 St,8703.0,40.88226,-73.88702,40.87142,-73.88839,member,1
151,2749144,BBE1CF82CEB86942,docked_bike,2021-08-16 15:44:39,2021-08-16 16:06:21,W Mosholu Pkwy S & Sedgwick Ave,8841,Grand Concourse & E 199 St,8703.0,40.88226,-73.88702,40.87142,-73.88839,casual,1
152,2749151,F8423867BEAB24E9,electric_bike,2021-08-21 18:12:44,2021-08-21 18:28:26,Decatur Ave & E 197 St,8597,Grand Concourse & E 199 St,8703.0,40.86557,-73.88807,40.87142,-73.88839,casual,1
153,2749400,F4389042379F00C8,classic_bike,2021-08-24 16:53:53,2021-08-24 16:56:04,Bainbridge Ave & Bedford Park Blvd,8682,Grand Concourse & E 199 St,8703.0,40.87002,-73.88565,40.87142,-73.88839,member,1
154,2749654,2C50C0F64F4404CF,electric_bike,2021-08-23 15:26:14,2021-08-23 15:28:30,Bainbridge Ave & Bedford Park Blvd,8682,Grand Concourse & E 199 St,8703.0,40.87002,-73.88565,40.87142,-73.88839,member,1
155,2750025,9FAD8CAA3A06688C,electric_bike,2021-08-04 12:34:29,2021-08-04 12:39:32,Jerome Ave & Bedford Park Blvd E,8734,Grand Concourse & E 199 St,8703.0,40.87307,-73.88971,40.87142,-73.88839,casual,1
156,2750263,D450AD4B9FC8A214,electric_bike,2021-08-03 12:43:57,2021-08-03 12:48:24,Jerome Ave & E Mosholu Parkway S,8795,Grand Concourse & E 199 St,8703.0,40.87935,-73.88534,40.87142,-73.88839,member,1
157,2750290,863426240AE1E5F1,electric_bike,2021-08-26 17:46:33,2021-08-26 18:06:21,Marion Ave & Mosholu Pkwy,8699,Grand Concourse & E 199 St,8703.0,40.8704956,-73.8818756582,40.87142,-73.88839,member,1
158,2750295,A19FEE8E1D63FEEA,electric_bike,2021-08-28 23:55:39,2021-08-29 00:17:54,Marion Ave & Mosholu Pkwy,8699,Grand Concourse & E 199 St,8703.0,40.8704956,-73.8818756582,40.87142,-73.88839,casual,1
159,2750522,06C9FB5EEAA18829,electric_bike,2021-08-27 14:53:03,2021-08-27 14:57:16,Grand Concourse & E 192 St,8601,Grand Concourse & E 199 St,8703.0,40.86448,-73.89522,40.87142,-73.88839,casual,1
160,2750523,2AF0C2456FB17E1C,classic_bike,2021-08-09 14:16:06,2021-08-09 14:21:48,Grand Concourse & E 192 St,8601,Grand Concourse & E 199 St,8703.0,40.86448,-73.89522,40.87142,-73.88839,casual,1
161,2750695,CEFBDF7D4A711982,electric_bike,2021-08-20 16:10:42,2021-08-20 16:20:07,E Mosholu Pkwy & E 204 St,8748,Grand Concourse & E 199 St,8703.0,40.8740704,-73.8833650931,40.87142,-73.88839,casual,1
162,2751144,98369A7F978E3B21,electric_bike,2021-08-31 11:41:26,2021-08-31 12:30:23,Grand Concourse & E 196 St,8635,Grand Concourse & E 199 St,8703.0,40.86767,-73.89286,40.87142,-73.88839,casual,1
163,2751763,1F2B17657E9DEEE2,electric_bike,2021-08-23 13:39:23,2021-08-23 13:49:15,Grand Concourse & E 205 St,8766,Grand Concourse & E 199 St,8703.0,40.875531,-73.8863864831,40.87142,-73.88839,member,1
164,2751810,0618F2FE6E6E80FA,classic_bike,2021-08-07 20:22:12,2021-08-07 20:27:35,Grand Concourse & E Mosholu Pkwy S,8795,Grand Concourse & E 199 St,8703.0,40.877964,-73.8847550291,40.87142,-73.88839,casual,1
165,2752098,A6A93EF53E84D628,classic_bike,2021-08-18 15:34:52,2021-08-18 15:41:47,Goulden Ave & W 205 St,8799,Grand Concourse & E 199 St,8703.0,40.87812,-73.89192,40.87142,-73.88839,member,1
166,2752405,37C67BD3B125D7B9,electric_bike,2021-08-01 17:57:59,2021-08-01 18:40:46,E Mosholu Pkwy & Van Cortlandt Ave E,8778,Grand Concourse & E 199 St,8703.0,40.87656,-73.88366,40.87142,-73.88839,casual,1
167,2752417,24F130B692D88C90,electric_bike,2021-08-03 22:24:58,2021-08-03 22:29:48,E Mosholu Pkwy & Van Cortlandt Ave E,8778,Grand Concourse & E 199 St,8703.0,40.87656,-73.88366,40.87142,-73.88839,casual,1
168,2752654,92070154B8ACB1CA,electric_bike,2021-08-31 18:33:46,2021-08-31 19:12:05,Grand Concourse & E 196 St,8635,Grand Concourse & E 199 St,8703.0,40.86767,-73.89286,40.87142,-73.88839,casual,1
169,2753260,BF51EFAB30136D4D,electric_bike,2021-08-17 02:30:14,2021-08-17 02:35:29,Botanical Sq & Webster Ave,8646,Grand Concourse & E 199 St,8703.0,40.86814,-73.88145,40.87142,-73.88839,member,1
170,2753314,5BA0EA3A5CEF0BD4,electric_bike,2021-08-10 02:23:54,2021-08-10 02:28:00,Botanical Sq & Webster Ave,8646,Grand Concourse & E 199 St,8703.0,40.86814,-73.88145,40.87142,-73.88839,member,1
171,2753416,33CB87CDF14CDA0B,electric_bike,2021-08-30 19:07:49,2021-08-30 19:33:43,3 Ave & E 172 St,8205,Grand Concourse & E 199 St,8703.0,40.839586,-73.900277,40.87142,-73.88839,member,1
172,2753576,756A2FB3A757A55E,electric_bike,2021-08-26 14:41:27,2021-08-26 14:47:53,Jerome Ave & E Mosholu Parkway S,8795,Grand Concourse & E 199 St,8703.0,40.87935,-73.88534,40.87142,-73.88839,casual,1
173,2753625,0D7D67C5A532767E,electric_bike,2021-08-28 01:48:45,2021-08-28 01:58:38,Grand Concourse & E 205 St,8766,Grand Concourse & E 199 St,8703.0,40.875531,-73.8863864831,40.87142,-73.88839,member,1
174,2753666,94AC475A6277B1B9,classic_bike,2021-08-05 05:09:15,2021-08-05 05:11:10,Grand Concourse & E 197 St,8667,Grand Concourse & E 199 St,8703.0,40.86945,-73.89148,40.87142,-73.88839,member,1
175,2753695,39FCB842E3C898DF,classic_bike,2021-08-08 14:42:31,2021-08-08 14:44:13,Grand Concourse & E 197 St,8667,Grand Concourse & E 199 St,8703.0,40.86945,-73.89148,40.87142,-73.88839,member,1
176,2753748,18C959A440BE3F98,electric_bike,2021-08-19 15:23:50,2021-08-19 15:25:57,Bainbridge Ave & Bedford Park Blvd,8682,Grand Concourse & E 199 St,8703.0,40.87002,-73.88565,40.87142,-73.88839,member,1
177,2754152,25CF979DBD07F6D1,electric_bike,2021-08-30 17:20:30,2021-08-30 17:25:01,Paul Ave & W 205 St,8782,Grand Concourse & E 199 St,8703.0,40.87704,-73.88943,40.87142,-73.88839,casual,1
178,2754586,806FF0D1C36B39E4,electric_bike,2021-08-28 13:58:36,2021-08-28 14:02:14,Botanical Sq & Webster Ave,8646,Grand Concourse & E 199 St,8703.0,40.86814,-73.88145,40.87142,-73.88839,member,1
179,2754634,AEFB199C7D25BC05,electric_bike,2021-08-27 00:54:53,2021-08-27 01:16:30,Seaman Ave & Beak St,8650,Grand Concourse & E 199 St,8703.0,40.867505,-73.926363,40.87142,-73.88839,casual,1
180,2754946,B08CBAB60DC29903,electric_bike,2021-08-04 22:06:09,2021-08-04 22:17:41,Grand Concourse & E Mosholu Pkwy S,8795,Grand Concourse & E 199 St,8703.0,40.877964,-73.8847550291,40.87142,-73.88839,casual,1
181,2755147,FE5A106D830BB709,classic_bike,2021-08-12 09:02:13,2021-08-12 09:03:45,Jerome Ave & Bedford Park Blvd E,8734,Grand Concourse & E 199 St,8703.0,40.87307,-73.88971,40.87142,-73.88839,member,1
182,2755345,584A6D4E9A4731C4,electric_bike,2021-08-12 01:03:24,2021-08-12 01:16:31,Jerome Ave & E Mosholu Parkway S,8795,Grand Concourse & E 199 St,8703.0,40.87935,-73.88534,40.87142,-73.88839,casual,1
183,2755933,D36CC6C8689B3139,classic_bike,2021-08-21 17:00:57,2021-08-21 17:04:52,Decatur Ave & Bedford Park Blvd,8664,Grand Concourse & E 199 St,8703.0,40.86813,-73.88412,40.87142,-73.88839,member,1
184,2756100,F3FBECDD0ED76D7E,electric_bike,2021-08-25 14:03:46,2021-08-25 14:06:13,Grand Concourse & E 197 St,8667,Grand Concourse & E 199 St,8703.0,40.86945,-73.89148,40.87142,-73.88839,member,1
185,2756122,65014AD629A8B812,electric_bike,2021-08-10 18:05:02,2021-08-10 18:10:21,Paul Ave & Mosholu Pkwy,8811,Grand Concourse & E 199 St,8703.0,40.8802945,-73.8860653648,40.87142,-73.88839,casual,1
186,2756183,CC0ABB12C53D5EDA,classic_bike,2021-08-17 14:48:01,2021-08-17 15:33:42,Grand Concourse & E 197 St,8667,Grand Concourse & E 199 St,8703.0,40.86945,-73.89148,40.87142,-73.88839,casual,1
187,2756393,B70DBEBBF8C1976C,classic_bike,2021-08-02 07:21:02,2021-08-02 07:22:50,Grand Concourse & E 197 St,8667,Grand Concourse & E 199 St,8703.0,40.86945,-73.89148,40.87142,-73.88839,member,1
188,2756888,364B56205E217A71,classic_bike,2021-08-14 15:39:54,2021-08-14 16:07:49,Adam Clayton Powell Blvd & W 151 St,8009,Grand Concourse & E 199 St,8703.0,40.825289,-73.936232,40.87142,-73.88839,casual,1
189,2757157,2CD26EEB16A9D3E4,electric_bike,2021-08-04 18:10:00,2021-08-04 18:15:11,Botanical Sq & Webster Ave,8646,Grand Concourse & E 199 St,8703.0,40.86814,-73.88145,40.87142,-73.88839,member,1
190,2757524,7023BAE681A71B53,electric_bike,2021-08-06 18:30:23,2021-08-06 18:44:16,Bailey Ave & W 193 St,8676,Grand Concourse & E 199 St,8703.0,40.87069,-73.90678,40.87142,-73.88839,casual,1
191,2758132,1549FBA266AF3139,electric_bike,2021-08-22 20:47:24,2021-08-22 20:50:39,Paul Ave & W 205 St,8782,Grand Concourse & E 199 St,8703.0,40.87704,-73.88943,40.87142,-73.88839,member,1
192,2758238,C79BE338829F44F8,electric_bike,2021-08-21 18:33:51,2021-08-21 18:36:03,E 201 St & Briggs Ave,8717,Grand Concourse & E 199 St,8703.0,40.87207,-73.88459,40.87142,-73.88839,casual,1
193,2758419,326D8EDE63DB96AB,classic_bike,2021-08-09 14:22:43,2021-08-09 14:29:32,Jerome Ave & E Mosholu Parkway S,8795,Grand Concourse & E 199 St,8703.0,40.87935,-73.88534,40.87142,-73.88839,casual,1
194,2758421,2067E166892AC44B,electric_bike,2021-08-11 17:47:43,2021-08-11 17:52:07,Jerome Ave & E Mosholu Parkway S,8795,Grand Concourse & E 199 St,8703.0,40.87935,-73.88534,40.87142,-73.88839,casual,1
195,2758562,E69F974FF128EAFF,electric_bike,2021-08-06 01:55:59,2021-08-06 01:58:33,Bainbridge Ave & Bedford Park Blvd,8682,Grand Concourse & E 199 St,8703.0,40.87002,-73.88565,40.87142,-73.88839,member,1
196,2758563,6D6FB7D0C2FBEA11,electric_bike,2021-08-20 01:57:33,2021-08-20 02:01:43,Bainbridge Ave & Bedford Park Blvd,8682,Grand Concourse & E 199 St,8703.0,40.87002,-73.88565,40.87142,-73.88839,member,1
197,2758603,3755197C03510D3B,electric_bike,2021-08-21 10:10:36,2021-08-21 10:15:27,Decatur Ave & E 197 St,8597,Grand Concourse & E 199 St,8703.0,40.86557,-73.88807,40.87142,-73.88839,member,1
198,2758604,38A2184A23F256E6,electric_bike,2021-08-16 11:10:11,2021-08-16 11:15:43,Jerome Ave & E Mosholu Parkway S,8795,Grand Concourse & E 199 St,8703.0,40.87935,-73.88534,40.87142,-73.88839,casual,1
199,2758617,AC13FB6E810CF27E,electric_bike,2021-08-04 01:53:57,2021-08-04 01:57:26,Decatur Ave & Bedford Park Blvd,8664,Grand Concourse & E 199 St,8703.0,40.86813,-73.88412,40.87142,-73.88839,member,1
200,2758618,6EC733E42DE0F3D5,electric_bike,2021-08-25 01:51:32,2021-08-25 01:55:00,Decatur Ave & Bedford Park Blvd,8664,Grand Concourse & E 199 St,8703.0,40.86813,-73.88412,40.87142,-73.88839,member,1
201,2758745,2D72B9CFE2AACF79,classic_bike,2021-08-09 15:09:10,2021-08-09 15:15:26,Goulden Ave & W 205 St,8799,Grand Concourse & E 199 St,8703.0,40.87812,-73.89192,40.87142,-73.88839,member,1
202,2758747,25BD9F2E52995370,classic_bike,2021-08-07 21:58:09,2021-08-07 22:05:54,Goulden Ave & W 205 St,8799,Grand Concourse & E 199 St,8703.0,40.87812,-73.89192,40.87142,-73.88839,member,1
203,2758801,4C815C450150AEB6,electric_bike,2021-08-19 19:43:23,2021-08-19 19:45:46,Grand Concourse & E 196 St,8635,Grand Concourse & E 199 St,8703.0,40.86767,-73.89286,40.87142,-73.88839,member,1
204,2758922,8DFC98D3B197389B,electric_bike,2021-08-14 15:13:40,2021-08-14 15:44:54,Jerome Ave & W 193 St,8619,Grand Concourse & E 199 St,8703.0,40.86659,-73.89794,40.87142,-73.88839,casual,1
205,2759126,5A4F58C57AE38CDF,classic_bike,2021-08-06 15:49:33,2021-08-06 16:16:44,Grand Concourse & E 161 St,8021,Grand Concourse & E 199 St,8703.0,40.82713380423556,-73.9227358996868,40.87142,-73.88839,casual,1
206,2759150,5E74778D1AD64663,electric_bike,2021-08-04 16:59:54,2021-08-04 17:09:31,Marion Ave & Mosholu Pkwy,8699,Grand Concourse & E 199 St,8703.0,40.8704956,-73.8818756582,40.87142,-73.88839,member,1
207,2759156,CAEE372B41F885B5,classic_bike,2021-08-19 17:09:08,2021-08-19 17:23:22,Marion Ave & Mosholu Pkwy,8699,Grand Concourse & E 199 St,8703.0,40.8704956,-73.8818756582,40.87142,-73.88839,member,1
208,2759165,B6262A4283B7FC12,electric_bike,2021-08-05 15:36:19,2021-08-05 15:55:43,Marion Ave & Mosholu Pkwy,8699,Grand Concourse & E 199 St,8703.0,40.8704956,-73.8818756582,40.87142,-73.88839,casual,1
209,2759250,F3D699E47D55B203,electric_bike,2021-08-23 19:12:51,2021-08-23 19:48:13,Goulden Ave & W 205 St,8799,Grand Concourse & E 199 St,8703.0,40.87812,-73.89192,40.87142,-73.88839,casual,1
210,2759269,F1BF844C359F29C1,classic_bike,2021-08-24 21:07:56,2021-08-24 21:30:09,Bainbridge Ave & Bedford Park Blvd,8682,Grand Concourse & E 199 St,8703.0,40.87002,-73.88565,40.87142,-73.88839,member,1
211,2759487,31CBBF9B448EB0DD,electric_bike,2021-08-17 15:59:50,2021-08-17 16:04:17,Grand Concourse & E 205 St,8766,Grand Concourse & E 199 St,8703.0,40.875531,-73.8863864831,40.87142,-73.88839,casual,1
212,2760498,694B179318A366E2,electric_bike,2021-08-31 01:35:43,2021-08-31 01:38:31,Grand Concourse & E 205 St,8766,Grand Concourse & E 199 St,8703.0,40.875531,-73.8863864831,40.87142,-73.88839,casual,1
213,2760616,F39BB9515D58EC70,classic_bike,2021-08-11 19:03:53,2021-08-11 19:07:23,Grand Concourse & E 196 St,8635,Grand Concourse & E 199 St,8703.0,40.86767,-73.89286,40.87142,-73.88839,casual,1
214,2760619,167CC9B77E0BDBC4,classic_bike,2021-08-04 13:17:19,2021-08-04 13:20:17,Grand Concourse & E 196 St,8635,Grand Concourse & E 199 St,8703.0,40.86767,-73.89286,40.87142,-73.88839,casual,1
215,2760981,CE7F1286A3EDB85C,classic_bike,2021-08-31 14:12:41,2021-08-31 14:25:19,Bedford Park Blvd & Paul Ave,8752,Grand Concourse & E 199 St,8703.0,40.87444,-73.89186,40.87142,-73.88839,member,1
216,2761028,746FBB83709B9D6D,electric_bike,2021-08-24 02:14:45,2021-08-24 02:17:10,Bainbridge Ave & Bedford Park Blvd,8682,Grand Concourse & E 199 St,8703.0,40.87002,-73.88565,40.87142,-73.88839,member,1
217,2761030,5FDFAFA3EE61F733,classic_bike,2021-08-01 13:23:49,2021-08-01 13:26:01,Bainbridge Ave & Bedford Park Blvd,8682,Grand Concourse & E 199 St,8703.0,40.87002,-73.88565,40.87142,-73.88839,member,1
218,2761183,6A8AECB1D2F13EC7,electric_bike,2021-08-18 18:13:33,2021-08-18 18:17:00,Marion Ave & Mosholu Pkwy,8699,Grand Concourse & E 199 St,8703.0,40.8704956,-73.8818756582,40.87142,-73.88839,member,1
219,2762057,48678FDECB30F95D,electric_bike,2021-08-05 15:18:42,2021-08-05 15:22:08,Decatur Ave & E 197 St,8597,Grand Concourse & E 199 St,8703.0,40.86557,-73.88807,40.87142,-73.88839,member,1
220,2762063,2591104138B10649,electric_bike,2021-08-30 19:15:18,2021-08-30 19:22:38,Decatur Ave & E 197 St,8597,Grand Concourse & E 199 St,8703.0,40.86557,-73.88807,40.87142,-73.88839,casual,1
221,2762123,F95C8CF5C55B2461,electric_bike,2021-08-16 20:56:38,2021-08-16 21:03:49,Jerome Ave & E Mosholu Parkway S,8795,Grand Concourse & E 199 St,8703.0,40.87935,-73.88534,40.87142,-73.88839,member,1
222,2762671,B2C2E97C69103DF2,electric_bike,2021-08-21 17:14:43,2021-08-21 17:52:26,Morris Ave & McClellan St,8107,Grand Concourse & E 199 St,8703.0,40.831584,-73.9149,40.87142,-73.88839,casual,1
223,2763252,FF75EB87782C6E33,classic_bike,2021-08-04 13:10:40,2021-08-04 13:15:23,Grand Concourse & E Mosholu Pkwy S,8795,Grand Concourse & E 199 St,8703.0,40.877964,-73.8847550291,40.87142,-73.88839,casual,1
224,2763320,04AF8EFA46FEAB28,electric_bike,2021-08-27 13:11:31,2021-08-27 13:14:24,Grand Concourse & E Mosholu Pkwy S,8795,Grand Concourse & E 199 St,8703.0,40.877964,-73.8847550291,40.87142,-73.88839,casual,1
225,2763436,D7F1F9674688DA1C,classic_bike,2021-08-20 08:38:33,2021-08-20 08:40:34,Bainbridge Ave & Bedford Park Blvd,8682,Grand Concourse & E 199 St,8703.0,40.87002,-73.88565,40.87142,-73.88839,member,1
226,2763749,2C711D65EB95D584,classic_bike,2021-08-07 19:10:29,2021-08-07 19:17:48,E Mosholu Pkwy & Van Cortlandt Ave E,8778,Grand Concourse & E 199 St,8703.0,40.87656,-73.88366,40.87142,-73.88839,casual,1
227,2763943,F6945A20D301393E,electric_bike,2021-08-29 21:55:44,2021-08-29 21:58:32,Bedford Park Blvd & Paul Ave,8752,Grand Concourse & E 199 St,8703.0,40.87444,-73.89186,40.87142,-73.88839,casual,1
228,2764170,A58A7954D6259D10,electric_bike,2021-08-06 13:53:30,2021-08-06 13:59:53,Goulden Ave & W 205 St,8799,Grand Concourse & E 199 St,8703.0,40.87812,-73.89192,40.87142,-73.88839,member,1
229,2764469,30A861A170D2CE44,electric_bike,2021-08-15 15:45:18,2021-08-15 16:14:34,Pleasant Ave & E 120 St,7579,Grand Concourse & E 199 St,8703.0,40.7974772,-73.9311847,40.87142,-73.88839,member,1
230,2764651,15907885D85A55DE,electric_bike,2021-08-19 16:45:06,2021-08-19 16:55:10,Aqueduct Ave & North St,8535,Grand Concourse & E 199 St,8703.0,40.8604787,-73.9057169936,40.87142,-73.88839,member,1
231,2764803,F5FEDDCC7E897F39,electric_bike,2021-08-12 20:11:01,2021-08-12 20:30:09,Tiebout Ave & E Fordham Road,8546,Grand Concourse & E 199 St,8703.0,40.861915,-73.894831,40.87142,-73.88839,casual,1
232,2764856,F0FF51381ACD579B,electric_bike,2021-08-16 17:49:45,2021-08-16 17:55:06,E Fordham Rd & Webster Ave,8582,Grand Concourse & E 199 St,8703.0,40.861748,-73.89105,40.87142,-73.88839,casual,1
233,2764859,93D9A771FD81C551,electric_bike,2021-08-28 15:17:37,2021-08-28 15:36:52,E Fordham Rd & Webster Ave,8582,Grand Concourse & E 199 St,8703.0,40.861748,-73.89105,40.87142,-73.88839,casual,1
234,2764903,413D16428070319B,electric_bike,2021-08-24 20:19:32,2021-08-24 20:34:18,E Fordham Rd & Webster Ave,8582,Grand Concourse & E 199 St,8703.0,40.861748,-73.89105,40.87142,-73.88839,member,1
235,2764904,F5D7953A60F380F7,classic_bike,2021-08-20 18:41:09,2021-08-20 18:48:30,E Fordham Rd & Webster Ave,8582,Grand Concourse & E 199 St,8703.0,40.861748,-73.89105,40.87142,-73.88839,member,1
236,2765234,C012B1C04F8C55FF,classic_bike,2021-08-01 20:07:49,2021-08-01 20:11:50,Goulden Ave & W 205 St,8799,Grand Concourse & E 199 St,8703.0,40.87812,-73.89192,40.87142,-73.88839,member,1
237,2765259,359B2E6C118E8422,electric_bike,2021-08-11 16:13:11,2021-08-11 16:19:34,Goulden Ave & W 205 St,8799,Grand Concourse & E 199 St,8703.0,40.87812,-73.89192,40.87142,-73.88839,member,1
238,2765517,0DC0C16BD8DAB8A1,classic_bike,2021-08-15 20:03:15,2021-08-15 20:06:27,Jerome Ave & Bedford Park Blvd E,8734,Grand Concourse & E 199 St,8703.0,40.87307,-73.88971,40.87142,-73.88839,member,1
239,2766173,2B48DC3228759375,electric_bike,2021-08-19 18:42:03,2021-08-19 18:45:35,E 201 St & Briggs Ave,8717,Grand Concourse & E 199 St,8703.0,40.87207,-73.88459,40.87142,-73.88839,casual,1
240,2766256,86097083DB2F1CC2,classic_bike,2021-08-29 04:20:33,2021-08-29 04:25:51,E Mosholu Pkwy & Van Cortlandt Ave E,8778,Grand Concourse & E 199 St,8703.0,40.87656,-73.88366,40.87142,-73.88839,member,1
241,2766582,90D57852739EAAF2,electric_bike,2021-08-09 17:47:02,2021-08-09 17:53:36,Jerome Ave & E 198 St,8720,Grand Concourse & E 199 St,8703.0,40.87144520687118,-73.89289632439613,40.87142,-73.88839,member,1
242,2767027,C65DE90FB586C12C,electric_bike,2021-08-20 04:07:07,2021-08-20 04:24:46,Grand Concourse & E 199 St,8703,Grand Concourse & E 199 St,8703.0,40.87142,-73.88839,40.87142,-73.88839,casual,0
243,2767063,5589AC48A16B40C2,electric_bike,2021-08-20 09:42:41,2021-08-20 09:56:23,E Fordham Rd & Webster Ave,8582,Grand Concourse & E 199 St,8703.0,40.861748,-73.89105,40.87142,-73.88839,casual,1
244,2767367,3871CC99087E7A12,electric_bike,2021-08-28 15:28:02,2021-08-28 15:28:03,Grand Concourse & E 199 St,8703,Grand Concourse & E 199 St,8703.0,40.87142,-73.88839,40.87142,-73.88839,member,0
245,2767872,70014BEF5C99FB88,electric_bike,2021-08-19 21:58:53,2021-08-19 22:27:24,E Fordham Rd & Webster Ave,8582,Grand Concourse & E 199 St,8703.0,40.861748,-73.89105,40.87142,-73.88839,casual,1
246,2767920,A5D9C57B0D5A25D7,electric_bike,2021-08-20 09:43:37,2021-08-20 09:56:33,E Fordham Rd & Webster Ave,8582,Grand Concourse & E 199 St,8703.0,40.861748,-73.89105,40.87142,-73.88839,casual,1
247,2768283,219E5EB534CA0296,classic_bike,2021-08-21 18:46:00,2021-08-21 18:49:53,E 201 St & Briggs Ave,8717,Grand Concourse & E 199 St,8703.0,40.87207,-73.88459,40.87142,-73.88839,casual,1
248,2768319,5FE715AFDAC24537,electric_bike,2021-08-27 16:48:28,2021-08-27 17:21:45,E 201 St & Briggs Ave,8717,Grand Concourse & E 199 St,8703.0,40.87207,-73.88459,40.87142,-73.88839,casual,1
249,2768448,691D7322B79F9AC3,classic_bike,2021-08-12 17:08:10,2021-08-12 17:09:42,Jerome Ave & Bedford Park Blvd E,8734,Grand Concourse & E 199 St,8703.0,40.87307,-73.88971,40.87142,-73.88839,member,1
250,2768465,08EB7EAF36B82E68,electric_bike,2021-08-27 18:06:39,2021-08-27 18:18:10,Jerome Ave & Bedford Park Blvd E,8734,Grand Concourse & E 199 St,8703.0,40.87307,-73.88971,40.87142,-73.88839,casual,1
251,2768593,7F2F90638DF42EF8,electric_bike,2021-08-08 12:44:25,2021-08-08 13:08:16,Walton Ave & E 153 St,7945,Grand Concourse & E 199 St,8703.0,40.822351,-73.926907,40.87142,-73.88839,casual,1
252,2768816,4E0EE68F8861A960,electric_bike,2021-08-26 02:01:53,2021-08-26 02:05:36,Grand Concourse & E 192 St,8601,Grand Concourse & E 199 St,8703.0,40.86448,-73.89522,40.87142,-73.88839,member,1
253,2769100,810512DE676BCF18,classic_bike,2021-08-25 17:16:25,2021-08-25 17:19:33,Decatur Ave & Bedford Park Blvd,8664,Grand Concourse & E 199 St,8703.0,40.86813,-73.88412,40.87142,-73.88839,member,1
254,2769101,709B1E5CF9A87133,classic_bike,2021-08-25 17:26:25,2021-08-25 17:29:34,Decatur Ave & Bedford Park Blvd,8664,Grand Concourse & E 199 St,8703.0,40.86813,-73.88412,40.87142,-73.88839,member,1
255,2769116,5DCE0327673F1AA3,electric_bike,2021-08-08 13:09:32,2021-08-08 13:14:44,Decatur Ave & Bedford Park Blvd,8664,Grand Concourse & E 199 St,8703.0,40.86813,-73.88412,40.87142,-73.88839,member,1
256,2769141,08478DEAF85D6D17,classic_bike,2021-08-10 12:57:30,2021-08-10 13:05:12,Grand Concourse & E 192 St,8601,Grand Concourse & E 199 St,8703.0,40.86448,-73.89522,40.87142,-73.88839,casual,1
257,2769143,A7E8989AAA69F6EC,electric_bike,2021-08-23 14:53:18,2021-08-23 14:58:58,Grand Concourse & E 192 St,8601,Grand Concourse & E 199 St,8703.0,40.86448,-73.89522,40.87142,-73.88839,casual,1
258,2769144,53D6F13E99D1AF78,electric_bike,2021-08-09 08:34:50,2021-08-09 08:38:47,Grand Concourse & E 192 St,8601,Grand Concourse & E 199 St,8703.0,40.86448,-73.89522,40.87142,-73.88839,casual,1
259,2769541,58C48E084535B4C9,electric_bike,2021-08-30 17:24:13,2021-08-30 18:33:36,Jerome Ave & Bedford Park Blvd E,8734,Grand Concourse & E 199 St,8703.0,40.87307,-73.88971,40.87142,-73.88839,member,1
260,2769542,8C78C3B5C47C6021,electric_bike,2021-08-26 21:10:55,2021-08-26 21:33:16,Jerome Ave & Bedford Park Blvd E,8734,Grand Concourse & E 199 St,8703.0,40.87307,-73.88971,40.87142,-73.88839,member,1
261,2769566,8E5A4D8E40F4131A,classic_bike,2021-08-05 22:27:07,2021-08-05 22:30:11,Jerome Ave & Bedford Park Blvd E,8734,Grand Concourse & E 199 St,8703.0,40.87307,-73.88971,40.87142,-73.88839,member,1
262,2769651,57E3B711C0B35AEE,electric_bike,2021-08-24 13:40:34,2021-08-24 13:54:22,Aqueduct Ave & W 190 St,8605,Grand Concourse & E 199 St,8703.0,40.8649213,-73.9024238,40.87142,-73.88839,casual,1
263,2769768,01EC8457E3708BE5,classic_bike,2021-08-11 20:15:26,2021-08-11 20:17:22,Bainbridge Ave & Bedford Park Blvd,8682,Grand Concourse & E 199 St,8703.0,40.87002,-73.88565,40.87142,-73.88839,casual,1
264,2769891,C22BDC0656F0EA3F,electric_bike,2021-08-28 16:44:24,2021-08-28 17:01:51,Grand Concourse & E 199 St,8703,Grand Concourse & E 199 St,8703.0,40.87142,-73.88839,40.87142,-73.88839,member,0
265,2770512,67DDC65DEFB9292D,electric_bike,2021-08-04 18:16:20,2021-08-04 18:17:10,Grand Concourse & E 199 St,8703,Grand Concourse & E 199 St,8703.0,40.87142,-73.88839,40.87142,-73.88839,member,0
266,2770650,C9C7A7E79937A820,electric_bike,2021-08-21 18:00:29,2021-08-21 18:27:13,Grand Concourse & E 199 St,8703,Grand Concourse & E 199 St,8703.0,40.87142,-73.88839,40.87142,-73.88839,casual,0
267,2770834,9FAA245CDA0A6970,electric_bike,2021-08-23 18:49:41,2021-08-23 18:53:39,Jerome Ave & E Mosholu Parkway S,8795,Grand Concourse & E 199 St,8703.0,40.87935,-73.88534,40.87142,-73.88839,casual,1
268,2770875,88C75224C731CE45,classic_bike,2021-08-17 13:08:26,2021-08-17 13:13:10,Jerome Ave & E Mosholu Parkway S,8795,Grand Concourse & E 199 St,8703.0,40.87935,-73.88534,40.87142,-73.88839,member,1
269,2770876,E82434EEB72735F6,classic_bike,2021-08-17 12:52:51,2021-08-17 12:58:37,Jerome Ave & E Mosholu Parkway S,8795,Grand Concourse & E 199 St,8703.0,40.87935,-73.88534,40.87142,-73.88839,member,1
270,2771190,6CE9F842D992E608,classic_bike,2021-08-08 11:44:13,2021-08-08 12:13:47,Grand Concourse & E 199 St,8703,Grand Concourse & E 199 St,8703.0,40.87142,-73.88839,40.87142,-73.88839,casual,0
271,2771196,9C84291D54FF82A8,electric_bike,2021-08-21 18:36:27,2021-08-21 18:37:29,Grand Concourse & E 199 St,8703,Grand Concourse & E 199 St,8703.0,40.87142,-73.88839,40.87142,-73.88839,casual,0
272,2772231,97C236978BA2AA47,classic_bike,2021-08-25 16:30:09,2021-08-25 16:35:27,Grand Concourse & E 192 St,8601,Grand Concourse & E 199 St,8703.0,40.86448,-73.89522,40.87142,-73.88839,member,1
273,2772339,E73F76EE091EE322,electric_bike,2021-08-08 12:48:26,2021-08-08 13:09:01,River Ave & E 151 St,7967,Grand Concourse & E 199 St,8703.0,40.822217,-73.928939,40.87142,-73.88839,casual,1
274,2773613,460E4ADE8F59F89D,electric_bike,2021-08-27 08:17:47,2021-08-27 08:22:41,Bedford Park Blvd & Paul Ave,8752,Grand Concourse & E 199 St,8703.0,40.87444,-73.89186,40.87142,-73.88839,casual,1
275,2773689,35A1E3D37841727C,electric_bike,2021-08-26 13:10:28,2021-08-26 13:30:47,Gerard Ave & E 164 St,8077,Grand Concourse & E 199 St,8703.0,40.830262,-73.923391,40.87142,-73.88839,casual,1
276,2773705,6D0D2FEF8DB022FD,classic_bike,2021-08-10 11:07:15,2021-08-10 11:13:42,W Mosholu Pkwy S & Sedgwick Ave,8841,Grand Concourse & E 199 St,8703.0,40.88226,-73.88702,40.87142,-73.88839,member,1
277,2773737,5E375DA3826716A8,electric_bike,2021-08-26 15:59:28,2021-08-26 16:24:14,W Tremont Ave & Grand Ave,8384,Grand Concourse & E 199 St,8703.0,40.850036,-73.912785,40.87142,-73.88839,member,1
278,2773951,E38345142FFE4B1F,classic_bike,2021-08-08 05:49:34,2021-08-08 05:51:48,Bainbridge Ave & Bedford Park Blvd,8682,Grand Concourse & E 199 St,8703.0,40.87002,-73.88565,40.87142,-73.88839,member,1
279,2774124,3764428173E5B440,electric_bike,2021-08-06 19:45:53,2021-08-06 19:52:03,Decatur Ave & Bedford Park Blvd,8664,Grand Concourse & E 199 St,8703.0,40.86813,-73.88412,40.87142,-73.88839,member,1
280,2774175,40236213F2740B1D,electric_bike,2021-08-03 14:56:56,2021-08-03 14:58:24,Grand Concourse & E 197 St,8667,Grand Concourse & E 199 St,8703.0,40.86945,-73.89148,40.87142,-73.88839,member,1
281,2774215,02A2870240867126,electric_bike,2021-08-31 00:40:26,2021-08-31 00:51:39,Grand Concourse & E 203 St,8734,Grand Concourse & E 199 St,8703.0,40.87382,-73.88661,40.87142,-73.88839,casual,1
282,2774351,6887878351816EC3,electric_bike,2021-08-19 21:23:58,2021-08-19 21:56:41,Jerome Ave & W 193 St,8619,Grand Concourse & E 199 St,8703.0,40.86659,-73.89794,40.87142,-73.88839,casual,1
283,2774547,D9EE8217B124B3AF,electric_bike,2021-08-11 10:06:00,2021-08-11 10:31:33,Bainbridge Ave & E 196 St,8615,Grand Concourse & E 199 St,8703.0,40.86648,-73.89042,40.87142,-73.88839,member,1
284,2775247,17EE92C87821ADAE,classic_bike,2021-08-05 11:56:53,2021-08-05 11:59:06,Bainbridge Ave & Bedford Park Blvd,8682,Grand Concourse & E 199 St,8703.0,40.87002,-73.88565,40.87142,-73.88839,member,1
285,2775255,FA220B1765834995,electric_bike,2021-08-14 13:56:44,2021-08-14 13:58:53,Bainbridge Ave & Bedford Park Blvd,8682,Grand Concourse & E 199 St,8703.0,40.87002,-73.88565,40.87142,-73.88839,member,1
286,2775462,FA01BD0F80F4636F,electric_bike,2021-08-09 14:18:16,2021-08-09 14:27:02,E Fordham Rd & Webster Ave,8582,Grand Concourse & E 199 St,8703.0,40.861748,-73.89105,40.87142,-73.88839,member,1
287,2775480,471CC30C2F70E6B5,electric_bike,2021-08-27 16:48:44,2021-08-27 17:21:32,E 201 St & Briggs Ave,8717,Grand Concourse & E 199 St,8703.0,40.87207,-73.88459,40.87142,-73.88839,casual,1
288,2775797,AA77BA91137979BA,electric_bike,2021-08-25 18:43:23,2021-08-25 18:53:45,Tiebout Ave & E 184 St,8510,Grand Concourse & E 199 St,8703.0,40.858498,-73.89637,40.87142,-73.88839,casual,1
289,2775816,12B76969B991F8B0,electric_bike,2021-08-11 18:08:27,2021-08-11 18:13:35,E Mosholu Pkwy & Van Cortlandt Ave E,8778,Grand Concourse & E 199 St,8703.0,40.87656,-73.88366,40.87142,-73.88839,casual,1
290,2775956,266D676122CB7A0E,electric_bike,2021-08-19 23:24:24,2021-08-20 00:10:50,E 84 St & 1 Ave,7180,Grand Concourse & E 199 St,8703.0,40.77565541,-73.95068615,40.87142,-73.88839,casual,1
291,2776276,48528F90B2D3CF5B,electric_bike,2021-08-31 01:12:06,2021-08-31 01:12:07,Grand Concourse & E 199 St,8703,Grand Concourse & E 199 St,8703.0,40.87142,-73.88839,40.87142,-73.88839,member,0
292,2776322,4E3906326149EEFD,electric_bike,2021-08-12 02:27:21,2021-08-12 02:31:24,Botanical Sq & Webster Ave,8646,Grand Concourse & E 199 St,8703.0,40.86814,-73.88145,40.87142,-73.88839,member,1
293,2776328,5AF85C5BE00C65F1,electric_bike,2021-08-20 04:41:30,2021-08-20 04:46:22,Botanical Sq & Webster Ave,8646,Grand Concourse & E 199 St,8703.0,40.86814,-73.88145,40.87142,-73.88839,member,1
294,2776398,B568D00985E699B0,electric_bike,2021-08-20 17:38:48,2021-08-20 18:07:27,E 201 St & Briggs Ave,8717,Grand Concourse & E 199 St,8703.0,40.87207,-73.88459,40.87142,-73.88839,member,1
295,2776399,5834621FE46660C4,electric_bike,2021-08-26 15:20:41,2021-08-26 15:23:55,E 201 St & Briggs Ave,8717,Grand Concourse & E 199 St,8703.0,40.87207,-73.88459,40.87142,-73.88839,casual,1
296,2776642,C4D4FD5C7786B32B,classic_bike,2021-08-08 18:46:15,2021-08-08 19:01:01,Jerome Ave & Bedford Park Blvd E,8734,Grand Concourse & E 199 St,8703.0,40.87307,-73.88971,40.87142,-73.88839,casual,1
297,2776814,F7D2799418BDA267,electric_bike,2021-08-19 19:21:43,2021-08-19 19:44:16,Tiebout Ave & E Fordham Road,8546,Grand Concourse & E 199 St,8703.0,40.861915,-73.894831,40.87142,-73.88839,casual,1
298,2776865,CD63FE176379D997,classic_bike,2021-08-16 15:43:44,2021-08-16 15:51:06,Bainbridge Ave & Bedford Park Blvd,8682,Grand Concourse & E 199 St,8703.0,40.87002,-73.88565,40.87142,-73.88839,casual,1
299,2776908,FCFE4A65859ED379,electric_bike,2021-08-04 14:02:24,2021-08-04 14:03:48,Jerome Ave & Bedford Park Blvd E,8734,Grand Concourse & E 199 St,8703.0,40.87307,-73.88971,40.87142,-73.88839,member,1
300,2776912,B5F8954446D397CE,electric_bike,2021-08-27 19:46:51,2021-08-27 19:48:32,Jerome Ave & Bedford Park Blvd E,8734,Grand Concourse & E 199 St,8703.0,40.87307,-73.88971,40.87142,-73.88839,member,1
301,2777207,C71A9F4B5F0E5CE6,electric_bike,2021-08-01 17:16:03,2021-08-01 17:24:19,Grand Concourse & E 197 St,8667,Grand Concourse & E 199 St,8703.0,40.86945,-73.89148,40.87142,-73.88839,casual,1
302,2777376,B7A9C414DEB55164,electric_bike,2021-08-27 18:25:47,2021-08-27 18:31:38,E Fordham Rd & Webster Ave,8582,Grand Concourse & E 199 St,8703.0,40.861748,-73.89105,40.87142,-73.88839,member,1
303,2778993,31E1AAD6EEC89881,electric_bike,2021-08-19 23:24:07,2021-08-20 00:10:31,E 84 St & 1 Ave,7180,Grand Concourse & E 199 St,8703.0,40.77565541,-73.95068615,40.87142,-73.88839,casual,1
304,2837731,54E999A62B3551A1,classic_bike,2021-08-18 00:18:37,2021-08-18 00:21:27,Grand Concourse & E 199 St,8703,Decatur Ave & Bedford Park Blvd,8664.0,40.87142,-73.88839,40.86813,-73.88412,member,-1
305,2843809,6BFE1891785DF9F4,classic_bike,2021-08-06 01:27:19,2021-08-06 01:30:10,Grand Concourse & E 199 St,8703,Decatur Ave & Bedford Park Blvd,8664.0,40.87142,-73.88839,40.86813,-73.88412,member,-1
306,2843836,9DD16CCBFAB5AF9D,classic_bike,2021-08-02 00:45:11,2021-08-02 00:47:27,Grand Concourse & E 199 St,8703,Decatur Ave & Bedford Park Blvd,8664.0,40.87142,-73.88839,40.86813,-73.88412,member,-1
307,2843838,A107B2E919ECC8FB,classic_bike,2021-08-22 01:14:05,2021-08-22 01:16:19,Grand Concourse & E 199 St,8703,Decatur Ave & Bedford Park Blvd,8664.0,40.87142,-73.88839,40.86813,-73.88412,member,-1
308,2847891,D1456F31860C89BB,classic_bike,2021-08-18 21:09:06,2021-08-18 21:11:58,Grand Concourse & E 199 St,8703,Decatur Ave & Bedford Park Blvd,8664.0,40.87142,-73.88839,40.86813,-73.88412,member,-1
309,2847892,3B2F9052F632063B,classic_bike,2021-08-09 01:53:19,2021-08-09 01:55:57,Grand Concourse & E 199 St,8703,Decatur Ave & Bedford Park Blvd,8664.0,40.87142,-73.88839,40.86813,-73.88412,member,-1
310,2847899,8C9EFEB085A25E63,electric_bike,2021-08-26 19:12:06,2021-08-26 19:14:20,Grand Concourse & E 199 St,8703,Decatur Ave & Bedford Park Blvd,8664.0,40.87142,-73.88839,40.86813,-73.88412,member,-1
311,2847901,7E6368029A02A3C8,electric_bike,2021-08-06 19:12:54,2021-08-06 19:16:16,Grand Concourse & E 199 St,8703,Decatur Ave & Bedford Park Blvd,8664.0,40.87142,-73.88839,40.86813,-73.88412,member,-1
312,2847934,B26E68FA6EACBE7C,electric_bike,2021-08-09 22:01:09,2021-08-09 22:03:12,Grand Concourse & E 199 St,8703,Decatur Ave & Bedford Park Blvd,8664.0,40.87142,-73.88839,40.86813,-73.88412,member,-1
313,2848556,C421D41B5BB5EF3E,classic_bike,2021-08-17 19:01:10,2021-08-17 19:05:40,Grand Concourse & E 199 St,8703,Decatur Ave & Bedford Park Blvd,8664.0,40.87142,-73.88839,40.86813,-73.88412,casual,-1
314,2848997,E32C3C184A007C28,classic_bike,2021-08-08 01:16:03,2021-08-08 01:18:36,Grand Concourse & E 199 St,8703,Decatur Ave & Bedford Park Blvd,8664.0,40.87142,-73.88839,40.86813,-73.88412,member,-1
315,2849022,F9BA68FC5C4C4033,classic_bike,2021-08-04 16:35:28,2021-08-04 16:37:52,Grand Concourse & E 199 St,8703,Decatur Ave & Bedford Park Blvd,8664.0,40.87142,-73.88839,40.86813,-73.88412,member,-1
316,2849594,10572654E2CFBC85,electric_bike,2021-08-08 15:10:30,2021-08-08 15:13:40,Grand Concourse & E 199 St,8703,Decatur Ave & Bedford Park Blvd,8664.0,40.87142,-73.88839,40.86813,-73.88412,casual,-1
317,2849663,8F82FCA1948DF3DB,electric_bike,2021-08-05 16:51:27,2021-08-05 16:53:08,Grand Concourse & E 199 St,8703,Decatur Ave & Bedford Park Blvd,8664.0,40.87142,-73.88839,40.86813,-73.88412,casual,-1
318,2849894,76D38065A9F0D49B,classic_bike,2021-08-08 23:58:15,2021-08-09 00:00:48,Grand Concourse & E 199 St,8703,Decatur Ave & Bedford Park Blvd,8664.0,40.87142,-73.88839,40.86813,-73.88412,casual,-1
319,2849895,FEB3C8919BD8B740,electric_bike,2021-08-11 15:59:30,2021-08-11 16:03:26,Grand Concourse & E 199 St,8703,Decatur Ave & Bedford Park Blvd,8664.0,40.87142,-73.88839,40.86813,-73.88412,casual,-1
320,2853689,2CC4F3EFC410796E,classic_bike,2021-08-09 16:22:18,2021-08-09 16:25:52,Grand Concourse & E 199 St,8703,Decatur Ave & Bedford Park Blvd,8664.0,40.87142,-73.88839,40.86813,-73.88412,casual,-1
321,2875471,606C32CDD38319CA,electric_bike,2021-08-23 21:42:40,2021-08-23 22:07:58,Grand Concourse & E 199 St,8703,E Tremont Ave & E 176 St,8356.0,40.87142,-73.88839,40.847798,-73.901883,member,-1
322,2922663,493DEDCB0F45FEC7,electric_bike,2021-08-27 20:43:01,2021-08-27 21:43:21,Grand Concourse & E 199 St,8703,Decatur Ave & Oliver Pl,8631.0,40.87142,-73.88839,40.867,-73.8857764,member,-1
323,2930679,628BF0E76A5F2E03,electric_bike,2021-08-28 03:41:18,2021-08-28 04:04:53,Grand Concourse & E 199 St,8703,Lincoln Ave & E 138 St,7744.0,40.87142,-73.88839,40.810893,-73.927311,member,-1
324,2936978,D745CC5809EB972B,classic_bike,2021-08-10 15:44:55,2021-08-10 15:47:51,Grand Concourse & E 199 St,8703,Decatur Ave & Oliver Pl,8631.0,40.87142,-73.88839,40.867,-73.8857764,member,-1
325,2945061,3E1123C902D6E1E0,electric_bike,2021-08-31 03:15:36,2021-08-31 03:36:54,Grand Concourse & E 199 St,8703,E 138 St & Canal St W,7803.0,40.87142,-73.88839,40.812304,-73.929153,member,-1
326,3010742,746986B8BD41CC9D,classic_bike,2021-08-02 11:11:13,2021-08-02 11:25:30,Grand Concourse & E 199 St,8703,W Fordham Rd & Loring Pl N,8590.0,40.87142,-73.88839,40.86295,-73.90741,casual,-1
327,3026868,F6F5DA6A271D3002,electric_bike,2021-08-30 21:39:06,2021-08-30 21:53:46,Grand Concourse & E 199 St,8703,Buchanan Pl & Grand Ave,8535.0,40.87142,-73.88839,40.85834,-73.90626,casual,-1
0,25775,032C91320D09BAC5,classic_bike,2021-09-25 16:03:17,2021-09-25 16:48:17,Grand Concourse & E 199 St,8703,E 156 & Brook Ave,7896.0,40.87142,-73.88839,40.819823,-73.912411,casual,-1
1,29194,D883AB33EEF6913F,electric_bike,2021-09-08 13:46:41,2021-09-08 13:56:37,Grand Concourse & E 199 St,8703,E Tremont Ave & E 176 St,8356.0,40.87142,-73.88839,40.847798,-73.901883,casual,-1
2,52847,39D193D4BE001326,classic_bike,2021-09-24 01:57:59,2021-09-24 02:07:14,Grand Concourse & E 199 St,8703,Decatur Ave & Bedford Park Blvd,8664.0,40.87142,-73.88839,40.86813,-73.88412,member,-1
3,60268,92580C65AFB72F4C,electric_bike,2021-09-18 16:53:06,2021-09-18 17:14:43,Grand Concourse & E 199 St,8703,Grand Concourse & E 167 St,8126.0,40.87142,-73.88839,40.834263,-73.917641,member,-1
4,62226,6FFE07B0C41EFDCA,classic_bike,2021-09-27 07:25:11,2021-09-27 07:30:08,Grand Concourse & E 199 St,8703,Goulden Ave & W 205 St,8799.0,40.87142,-73.88839,40.87812,-73.89192,member,-1
5,62838,259E9E4661056A91,electric_bike,2021-09-11 20:23:07,2021-09-11 20:26:49,Grand Concourse & E 199 St,8703,Goulden Ave & W 205 St,8799.0,40.87142,-73.88839,40.87812,-73.89192,member,-1
6,81748,1BCB3B9D98F8F718,electric_bike,2021-09-12 18:15:35,2021-09-12 18:33:20,E 201 St & Briggs Ave,8717,Grand Concourse & E 199 St,8703.0,40.87207,-73.88459,40.87142,-73.88839,casual,1
7,83303,7D2BE62DCABAEFBF,electric_bike,2021-09-25 08:54:50,2021-09-25 08:59:39,Tiebout Ave & E Fordham Road,8546,Grand Concourse & E 199 St,8703.0,40.861915,-73.894831,40.87142,-73.88839,member,1
8,100229,B4BA142D21915EED,electric_bike,2021-09-18 14:56:03,2021-09-18 15:40:37,Grand Concourse & E 199 St,8703,W 225 St & Exterior St,8711.0,40.87142,-73.88839,40.873265,-73.906646,casual,-1
9,136255,591CADA8DCA8750A,electric_bike,2021-09-26 11:53:36,2021-09-26 13:23:59,Grand Concourse & E 199 St,8703,1 Ave & E 62 St,6753.0,40.87142,-73.88839,40.7612274,-73.96094022,casual,-1
10,157953,0C2269B6C7C8E927,classic_bike,2021-09-19 10:24:25,2021-09-19 10:28:45,Grand Concourse & E 199 St,8703,Bedford Park Blvd & Paul Ave,8752.0,40.87142,-73.88839,40.87444,-73.89186,casual,-1
11,157965,AD85D64FF03F27B4,electric_bike,2021-09-24 13:39:45,2021-09-24 13:42:17,Grand Concourse & E 199 St,8703,Bedford Park Blvd & Paul Ave,8752.0,40.87142,-73.88839,40.87444,-73.89186,member,-1
12,163548,A8D20A63D5D228FC,electric_bike,2021-09-04 02:13:49,2021-09-04 02:16:12,Grand Concourse & E 199 St,8703,Bainbridge Ave & E 196 St,8615.0,40.87142,-73.88839,40.86648,-73.89042,member,-1
13,165592,8B1355D5E2A31302,electric_bike,2021-09-03 23:09:35,2021-09-04 00:50:44,Grand Concourse & E 199 St,8703,Ogden Ave & W 165 St,8149.0,40.87142,-73.88839,40.834457,-73.928381,member,-1
14,169286,3F1F998D04114FCA,electric_bike,2021-09-17 17:21:08,2021-09-17 17:47:37,Grand Concourse & E 199 St,8703,Boston Rd & E 167 St,8048.0,40.87142,-73.88839,40.828199,-73.903719,member,-1
15,176275,17408AD7775097DF,electric_bike,2021-09-26 09:15:13,2021-09-26 09:30:01,Grand Concourse & E 199 St,8703,Morris Ave & E 163 St,8036.0,40.87142,-73.88839,40.827230499624726,-73.91765579597632,member,-1
16,189910,57AD780AF5F17C9D,electric_bike,2021-09-20 03:24:30,2021-09-20 03:27:11,Grand Concourse & E 199 St,8703,E 201 St & Briggs Ave,8717.0,40.87142,-73.88839,40.87207,-73.88459,member,-1
17,191102,BA2D1A41BABBBBFF,electric_bike,2021-09-09 16:32:26,2021-09-09 16:58:21,Grand Concourse & E 199 St,8703,E 201 St & Briggs Ave,8717.0,40.87142,-73.88839,40.87207,-73.88459,member,-1
18,202091,5A911A2C18AD15AA,electric_bike,2021-09-13 16:41:18,2021-09-13 17:41:16,Grand Concourse & E 199 St,8703,Goulden Ave & W 205 St,8799.0,40.87142,-73.88839,40.87812,-73.89192,member,-1
19,202094,DCCED32D8F6843AB,classic_bike,2021-09-04 13:41:02,2021-09-04 13:45:27,Grand Concourse & E 199 St,8703,Goulden Ave & W 205 St,8799.0,40.87142,-73.88839,40.87812,-73.89192,member,-1
20,222818,26F01242F45E6595,electric_bike,2021-09-27 14:26:30,2021-09-27 15:48:42,Grand Concourse & E 199 St,8703,Broadway & W 220 St,8715.0,40.87142,-73.88839,40.872412,-73.912807,casual,-1
21,233995,F891646A4533ECCF,electric_bike,2021-09-16 21:21:05,2021-09-16 21:25:41,Grand Concourse & E 199 St,8703,Grand Concourse & E 192 St,8601.0,40.87142,-73.88839,40.86448,-73.89522,member,-1
22,234018,539A3F1A525C636A,classic_bike,2021-09-02 11:16:31,2021-09-02 11:20:20,Grand Concourse & E 199 St,8703,Grand Concourse & E 192 St,8601.0,40.87142,-73.88839,40.86448,-73.89522,casual,-1
23,234019,CDFB1C3AF3DB427D,classic_bike,2021-09-14 03:08:10,2021-09-14 03:13:57,Grand Concourse & E 199 St,8703,Grand Concourse & E 192 St,8601.0,40.87142,-73.88839,40.86448,-73.89522,casual,-1
24,265878,C13B32CE29A26381,classic_bike,2021-09-17 05:50:47,2021-09-17 05:52:08,Grand Concourse & E 199 St,8703,Jerome Ave & Bedford Park Blvd E,8734.0,40.87142,-73.88839,40.87307,-73.88971,member,-1
25,265898,B238A83583B00CD8,electric_bike,2021-09-02 16:07:22,2021-09-02 16:23:25,Grand Concourse & E 199 St,8703,Jerome Ave & Bedford Park Blvd E,8734.0,40.87142,-73.88839,40.87307,-73.88971,casual,-1
26,265904,CB483E1FA67D8D51,electric_bike,2021-09-20 06:08:42,2021-09-20 06:10:08,Grand Concourse & E 199 St,8703,Jerome Ave & Bedford Park Blvd E,8734.0,40.87142,-73.88839,40.87307,-73.88971,member,-1
27,265905,39F4B534B4A59546,classic_bike,2021-09-13 05:51:39,2021-09-13 05:53:11,Grand Concourse & E 199 St,8703,Jerome Ave & Bedford Park Blvd E,8734.0,40.87142,-73.88839,40.87307,-73.88971,member,-1
28,265906,DAD52F8AA59ABE70,electric_bike,2021-09-22 05:57:34,2021-09-22 05:59:11,Grand Concourse & E 199 St,8703,Jerome Ave & Bedford Park Blvd E,8734.0,40.87142,-73.88839,40.87307,-73.88971,member,-1
29,265949,FD328970AC30BB6C,classic_bike,2021-09-03 06:04:07,2021-09-03 06:05:41,Grand Concourse & E 199 St,8703,Jerome Ave & Bedford Park Blvd E,8734.0,40.87142,-73.88839,40.87307,-73.88971,member,-1
30,270132,9DA2AD9145FBEA52,electric_bike,2021-09-27 01:52:46,2021-09-27 05:08:49,Grand Concourse & E 199 St,8703,Botanical Sq & Webster Ave,8646.0,40.87142,-73.88839,40.86814,-73.88145,member,-1
31,272457,182A4B357F269CD3,electric_bike,2021-09-02 16:17:23,2021-09-02 19:13:54,Grand Concourse & E 199 St,8703,Botanical Sq & Webster Ave,8646.0,40.87142,-73.88839,40.86814,-73.88145,casual,-1
32,290793,ADE6499D0588844F,electric_bike,2021-09-24 13:02:01,2021-09-24 13:27:48,Grand Concourse & E 199 St,8703,Bainbridge Ave & Bedford Park Blvd,8682.0,40.87142,-73.88839,40.87002,-73.88565,member,-1
33,296894,1771777D7792BEEA,electric_bike,2021-09-07 19:20:46,2021-09-07 19:26:26,Grand Concourse & E 199 St,8703,E 188 St & Creston Ave,8566.0,40.87142,-73.88839,40.861669,-73.898589,casual,-1
34,314044,29A0D16A7E05664B,electric_bike,2021-09-11 15:14:06,2021-09-11 16:47:58,Grand Concourse & E 199 St,8703,E Fordham Rd & Webster Ave,8582.0,40.87142,-73.88839,40.861748,-73.89105,casual,-1
35,315931,D34D944C55FDC63E,electric_bike,2021-09-16 20:14:21,2021-09-16 20:23:31,Grand Concourse & E 199 St,8703,Marion Ave & Mosholu Pkwy,8699.0,40.87142,-73.88839,40.8704956,-73.8818756582,casual,-1
36,316032,7BABBA9E3C7E088B,electric_bike,2021-09-21 22:36:15,2021-09-21 22:48:42,Grand Concourse & E 199 St,8703,Anthony Ave & E 175 St,8319.0,40.87142,-73.88839,40.846465,-73.903869,casual,-1
37,316418,E6A61091161D5962,electric_bike,2021-09-27 06:20:11,2021-09-27 06:24:49,Grand Concourse & E 199 St,8703,Marion Ave & Mosholu Pkwy,8699.0,40.87142,-73.88839,40.8704956,-73.8818756582,casual,-1
38,316492,917DF8CC4D32B8B4,classic_bike,2021-09-30 09:36:14,2021-09-30 09:39:28,Grand Concourse & E 199 St,8703,Marion Ave & Mosholu Pkwy,8699.0,40.87142,-73.88839,40.8704956,-73.8818756582,casual,-1
39,316493,0E2EE147B417BEE0,classic_bike,2021-09-19 23:52:09,2021-09-20 00:00:19,Grand Concourse & E 199 St,8703,Marion Ave & Mosholu Pkwy,8699.0,40.87142,-73.88839,40.8704956,-73.8818756582,casual,-1
40,331425,7F5CBB8DBA652FEA,electric_bike,2021-09-29 23:25:52,2021-09-29 23:28:38,Grand Concourse & E 199 St,8703,Grand Concourse & E 197 St,8667.0,40.87142,-73.88839,40.86945,-73.89148,member,-1
41,340531,6D42C8F9DC61AB76,classic_bike,2021-09-07 12:10:38,2021-09-07 12:17:13,Grand Concourse & E 199 St,8703,Jerome Ave & E Mosholu Parkway S,8795.0,40.87142,-73.88839,40.87935,-73.88534,member,-1
42,341937,A4718B6DF2631500,classic_bike,2021-09-29 00:11:12,2021-09-29 00:35:32,Grand Concourse & East Mount Eden Ave,8265,Grand Concourse & E 199 St,8703.0,40.84301,-73.91172,40.87142,-73.88839,casual,1
43,342050,F9C2AB06D8B13132,electric_bike,2021-09-30 01:08:00,2021-09-30 01:13:49,E Fordham Rd & Webster Ave,8582,Grand Concourse & E 199 St,8703.0,40.861748,-73.89105,40.87142,-73.88839,casual,1
44,342104,22A1203C73933D9B,electric_bike,2021-09-29 13:48:29,2021-09-29 14:09:22,Grand Concourse & E 167 St,8126,Grand Concourse & E 199 St,8703.0,40.834263,-73.917641,40.87142,-73.88839,member,1
45,342125,BEFDEA03A8422370,electric_bike,2021-09-17 17:19:36,2021-09-17 17:20:49,Grand Concourse & E 199 St,8703,Grand Concourse & E 199 St,8703.0,40.87142,-73.88839,40.87142,-73.88839,member,0
46,342145,9FB2A3003F15C9F3,classic_bike,2021-09-26 09:14:40,2021-09-26 09:14:42,Grand Concourse & E 199 St,8703,Grand Concourse & E 199 St,8703.0,40.87142,-73.88839,40.87142,-73.88839,member,0
47,342195,FE8D31880D323ABD,electric_bike,2021-09-24 23:48:50,2021-09-25 00:00:17,Grand Concourse & E 199 St,8703,Grand Concourse & E 199 St,8703.0,40.87142,-73.88839,40.87142,-73.88839,casual,0
48,342239,447F9B62B3FB6EAB,electric_bike,2021-09-13 15:23:19,2021-09-13 16:12:10,Grand Concourse & E 199 St,8703,Grand Concourse & E 199 St,8703.0,40.87142,-73.88839,40.87142,-73.88839,casual,0
49,342380,72A6E7AA0986F234,classic_bike,2021-09-24 13:33:49,2021-09-24 13:35:19,Grand Concourse & E 197 St,8667,Grand Concourse & E 199 St,8703.0,40.86945,-73.89148,40.87142,-73.88839,member,1
50,342387,EF721338338F267F,classic_bike,2021-09-02 19:59:18,2021-09-02 20:01:22,Grand Concourse & E 197 St,8667,Grand Concourse & E 199 St,8703.0,40.86945,-73.89148,40.87142,-73.88839,member,1
51,342437,786C7C41F264D370,classic_bike,2021-09-02 16:10:03,2021-09-02 16:30:11,Plaza Dr & W 170 St,8213,Grand Concourse & E 199 St,8703.0,40.840484,-73.917946,40.87142,-73.88839,casual,1
52,342582,2F0EDA5B1A0926DA,electric_bike,2021-09-21 15:41:37,2021-09-21 16:09:54,Jerome Ave & W 195 St,8653,Grand Concourse & E 199 St,8703.0,40.86874,-73.89657,40.87142,-73.88839,casual,1
53,342843,B45F5B6AF94B0772,electric_bike,2021-09-22 05:55:09,2021-09-22 05:57:06,Grand Concourse & E 199 St,8703,Grand Concourse & E 199 St,8703.0,40.87142,-73.88839,40.87142,-73.88839,member,0
54,342904,BF14990ADB49A682,classic_bike,2021-09-11 21:32:35,2021-09-11 21:33:22,Grand Concourse & E 199 St,8703,Grand Concourse & E 199 St,8703.0,40.87142,-73.88839,40.87142,-73.88839,member,0
55,343543,2F21D1DC235BB5B6,electric_bike,2021-09-06 15:26:43,2021-09-06 15:36:16,Tiebout Ave & E Fordham Road,8546,Grand Concourse & E 199 St,8703.0,40.861915,-73.894831,40.87142,-73.88839,casual,1
56,343731,CC524A98CFEEAF92,electric_bike,2021-09-02 16:04:51,2021-09-02 16:06:46,Grand Concourse & E 199 St,8703,Grand Concourse & E 199 St,8703.0,40.87142,-73.88839,40.87142,-73.88839,casual,0
57,347439,840EBB96D7AA5E49,electric_bike,2021-09-18 11:52:21,2021-09-18 11:54:07,Grand Concourse & E 199 St,8703,Decatur Ave & Bedford Park Blvd,8664.0,40.87142,-73.88839,40.86813,-73.88412,member,-1
58,447408,0ED38094AFB4BC9B,electric_bike,2021-09-23 19:00:15,2021-09-23 19:23:31,Grand Concourse & E 199 St,8703,E 201 St & Briggs Ave,8717.0,40.87142,-73.88839,40.87207,-73.88459,member,-1
59,455206,05AA7331213DBC91,classic_bike,2021-09-26 17:19:47,2021-09-26 17:30:21,Grand Concourse & E 199 St,8703,E 201 St & Briggs Ave,8717.0,40.87142,-73.88839,40.87207,-73.88459,member,-1
60,458610,A31FDCD5620860BA,classic_bike,2021-09-13 16:40:51,2021-09-13 16:44:42,Grand Concourse & E 199 St,8703,Grand Concourse & E 197 St,8667.0,40.87142,-73.88839,40.86945,-73.89148,member,-1
61,459075,AA0E8326DA8CDC01,classic_bike,2021-09-02 19:50:00,2021-09-02 19:54:09,Grand Concourse & E 199 St,8703,Grand Concourse & E 197 St,8667.0,40.87142,-73.88839,40.86945,-73.89148,casual,-1
62,461108,AFB4BFC64C93B350,classic_bike,2021-09-14 17:34:34,2021-09-14 17:38:46,Grand Concourse & E 199 St,8703,Grand Concourse & E 197 St,8667.0,40.87142,-73.88839,40.86945,-73.89148,member,-1
63,466668,DF53C1EBF5A09E86,electric_bike,2021-09-21 21:10:26,2021-09-21 21:45:17,Grand Concourse & E 199 St,8703,Grand Concourse & E 197 St,8667.0,40.87142,-73.88839,40.86945,-73.89148,member,-1
64,466669,01CE88D377D95FA8,electric_bike,2021-09-28 22:55:41,2021-09-29 00:26:11,Grand Concourse & E 199 St,8703,Grand Concourse & E 197 St,8667.0,40.87142,-73.88839,40.86945,-73.89148,casual,-1
65,466729,81F48A12CFD92D89,electric_bike,2021-09-20 03:46:15,2021-09-20 03:48:45,Grand Concourse & E 199 St,8703,Grand Concourse & E 197 St,8667.0,40.87142,-73.88839,40.86945,-73.89148,casual,-1
66,528472,958E9D5733DC4C4A,classic_bike,2021-09-13 10:24:16,2021-09-13 10:31:16,Grand Concourse & E 199 St,8703,Paul Ave & W 205 St,8782.0,40.87142,-73.88839,40.87704,-73.88943,casual,-1
67,532870,D5320DFA45717378,electric_bike,2021-09-09 18:40:15,2021-09-09 19:20:18,Grand Concourse & E 199 St,8703,Courtlandt Ave & E 157 St,7979.0,40.87142,-73.88839,40.822267,-73.916792,casual,-1
68,551969,CC3409FF5C385B8D,electric_bike,2021-09-18 14:27:34,2021-09-18 14:49:30,Grand Concourse & E 199 St,8703,E Tremont Ave & E 176 St,8356.0,40.87142,-73.88839,40.847798,-73.901883,casual,-1
69,567866,BFAFB99A10E46E7D,electric_bike,2021-09-22 13:48:52,2021-09-22 13:59:42,Grand Concourse & E 199 St,8703,E Tremont Ave & E 176 St,8356.0,40.87142,-73.88839,40.847798,-73.901883,member,-1
70,626129,74BE6E71B396A6BC,electric_bike,2021-09-03 23:06:41,2021-09-03 23:24:40,Grand Concourse & E 199 St,8703,Sherman Ave & E 166 St,8072.0,40.87142,-73.88839,40.83130549267296,-73.91744792461395,casual,-1
71,677268,985F9E378D8AAC74,electric_bike,2021-09-16 14:09:16,2021-09-16 14:12:25,Grand Concourse & E 199 St,8703,Grand Concourse & E 192 St,8601.0,40.87142,-73.88839,40.86448,-73.89522,casual,-1
72,683431,2E287EF312D9437D,electric_bike,2021-09-18 17:16:01,2021-09-18 17:22:35,Grand Concourse & E 199 St,8703,Grand Concourse & E 192 St,8601.0,40.87142,-73.88839,40.86448,-73.89522,casual,-1
73,690102,C9FDF6BC4EA1C0D7,classic_bike,2021-09-25 17:48:42,2021-09-25 18:02:15,Grand Concourse & E 199 St,8703,Grand Concourse & E 192 St,8601.0,40.87142,-73.88839,40.86448,-73.89522,member,-1
74,690116,D8708663FE71C153,electric_bike,2021-09-15 00:06:04,2021-09-15 00:18:18,Grand Concourse & E 199 St,8703,Grand Concourse & E 192 St,8601.0,40.87142,-73.88839,40.86448,-73.89522,casual,-1
75,692010,BC2997EF0D5190DD,classic_bike,2021-09-22 22:01:50,2021-09-22 22:09:18,Grand Concourse & E 199 St,8703,Grand Concourse & E 192 St,8601.0,40.87142,-73.88839,40.86448,-73.89522,member,-1
76,693795,F059B46E52B8F1CB,electric_bike,2021-09-18 03:19:11,2021-09-18 03:23:43,Grand Concourse & E 199 St,8703,Grand Concourse & E 192 St,8601.0,40.87142,-73.88839,40.86448,-73.89522,member,-1
77,715341,71644C3E455DDDF8,electric_bike,2021-09-19 13:57:43,2021-09-19 14:24:55,Grand Concourse & E 199 St,8703,University Ave & Macombs Rd,8344.0,40.87142,-73.88839,40.8496401,-73.9161206,casual,-1
78,732347,D832E8A0B913D821,electric_bike,2021-09-15 09:40:08,2021-09-15 09:53:50,Grand Concourse & E 199 St,8703,Jerome Ave & W 193 St,8619.0,40.87142,-73.88839,40.86659,-73.89794,casual,-1
79,809646,4E44AE4506CD36C9,electric_bike,2021-09-09 20:07:41,2021-09-09 20:43:34,Grand Concourse & E 199 St,8703,3 Ave & E 163 St,7974.0,40.87142,-73.88839,40.823872,-73.908699,casual,-1
80,829255,35168B6BFA7AF96F,classic_bike,2021-09-02 20:11:00,2021-09-02 20:51:22,Grand Concourse & E 199 St,8703,3 Ave & E 163 St,7974.0,40.87142,-73.88839,40.823872,-73.908699,casual,-1
81,850111,5FAFD8B1672C7B98,electric_bike,2021-09-24 15:55:07,2021-09-24 16:05:44,Grand Concourse & E 199 St,8703,Aqueduct Ave & North St,8535.0,40.87142,-73.88839,40.8604787,-73.9057169936,member,-1
82,867146,136F4719E1D553C6,electric_bike,2021-09-02 00:03:35,2021-09-02 00:10:31,Grand Concourse & E 199 St,8703,Aqueduct Ave & North St,8535.0,40.87142,-73.88839,40.8604787,-73.9057169936,member,-1
83,867163,1DFED6320146A298,electric_bike,2021-09-18 11:05:06,2021-09-18 11:22:36,Grand Concourse & E 199 St,8703,Aqueduct Ave & W 190 St,8605.0,40.87142,-73.88839,40.8649213,-73.9024238,casual,-1
84,1015963,13FDD7EC8BE22BCB,classic_bike,2021-09-28 07:48:08,2021-09-28 07:50:16,Grand Concourse & E 199 St,8703,Bedford Park Blvd & Paul Ave,8752.0,40.87142,-73.88839,40.87444,-73.89186,member,-1
85,1017250,336873D77097BD42,electric_bike,2021-09-07 12:05:31,2021-09-07 12:07:57,Grand Concourse & E 199 St,8703,Bedford Park Blvd & Paul Ave,8752.0,40.87142,-73.88839,40.87444,-73.89186,member,-1
86,1039802,34679E51AC1C1DAF,classic_bike,2021-09-14 18:32:40,2021-09-14 18:38:56,Grand Concourse & E 199 St,8703,Bedford Park Blvd & Paul Ave,8752.0,40.87142,-73.88839,40.87444,-73.89186,casual,-1
87,1039813,8EA3EA6B3E3D11FF,classic_bike,2021-09-29 07:39:14,2021-09-29 07:41:59,Grand Concourse & E 199 St,8703,Bedford Park Blvd & Paul Ave,8752.0,40.87142,-73.88839,40.87444,-73.89186,member,-1
88,1039835,78494BE7E7456068,classic_bike,2021-09-15 19:28:33,2021-09-15 20:16:08,Grand Concourse & E 199 St,8703,Bedford Park Blvd & Paul Ave,8752.0,40.87142,-73.88839,40.87444,-73.89186,casual,-1
89,1111862,7709877CD71C8529,electric_bike,2021-09-18 04:02:32,2021-09-18 04:07:16,Grand Concourse & E 199 St,8703,Decatur Ave & Oliver Pl,8631.0,40.87142,-73.88839,40.867,-73.8857764,casual,-1
90,1111984,03F794ABE6864A99,electric_bike,2021-09-10 03:39:05,2021-09-10 04:00:26,Grand Concourse & E 199 St,8703,E 138 St & Canal St W,7803.0,40.87142,-73.88839,40.812304,-73.929153,member,-1
91,1137456,04729721CBF034DD,electric_bike,2021-09-08 03:36:19,2021-09-08 03:57:20,Grand Concourse & E 199 St,8703,E 138 St & Canal St W,7803.0,40.87142,-73.88839,40.812304,-73.929153,member,-1
92,1137541,A0ED1D5830A0D764,docked_bike,2021-09-07 16:15:22,2021-09-07 16:25:49,Grand Concourse & E 199 St,8703,Decatur Ave & Oliver Pl,8631.0,40.87142,-73.88839,40.867,-73.885776,casual,-1
93,1137657,F8DCEB283C70768B,docked_bike,2021-09-07 16:14:59,2021-09-07 16:26:14,Grand Concourse & E 199 St,8703,Decatur Ave & Oliver Pl,8631.0,40.87142,-73.88839,40.867,-73.885776,casual,-1
94,1140948,753231999C81790A,docked_bike,2021-09-07 16:15:22,2021-09-07 16:26:02,Grand Concourse & E 199 St,8703,Decatur Ave & Oliver Pl,8631.0,40.87142,-73.88839,40.867,-73.885776,casual,-1
95,1141229,34F421168909C0BC,electric_bike,2021-09-18 22:38:15,2021-09-18 23:35:18,Grand Concourse & E 199 St,8703,Decatur Ave & Oliver Pl,8631.0,40.87142,-73.88839,40.867,-73.8857764,casual,-1
96,1157287,FBF15A7BC9DA2860,classic_bike,2021-09-16 19:38:38,2021-09-16 19:52:03,Grand Concourse & E 199 St,8703,E Burnside Ave & Ryer Ave,8397.0,40.87142,-73.88839,40.850535,-73.901318,casual,-1
97,1176739,382807BC1B90758D,electric_bike,2021-09-05 14:45:27,2021-09-05 14:57:47,Grand Concourse & E 199 St,8703,W Burnside Ave & University Ave,8425.0,40.87142,-73.88839,40.853686,-73.912498,casual,-1
98,1176795,1CB964EFA67FC64D,electric_bike,2021-09-01 12:38:17,2021-09-01 12:50:34,Grand Concourse & E 199 St,8703,W Burnside Ave & University Ave,8425.0,40.87142,-73.88839,40.853686,-73.912498,casual,-1
99,1197792,2C38BC8943CC295A,electric_bike,2021-09-08 22:54:38,2021-09-08 23:12:09,Grand Concourse & E 199 St,8703,W 170 St & University Ave,8254.0,40.87142,-73.88839,40.84207,-73.926075,casual,-1
100,1247967,75B88B54DFE04242,electric_bike,2021-09-02 23:02:48,2021-09-03 00:18:01,Grand Concourse & E 199 St,8703,E 7 St & Avenue A,5626.0,40.87142,-73.88839,40.72621788,-73.98379855,casual,-1
101,1281574,EEE055AFAB32A1CC,electric_bike,2021-09-25 05:40:27,2021-09-25 05:43:05,Grand Concourse & E 199 St,8703,Marion Ave & Mosholu Pkwy,8699.0,40.87142,-73.88839,40.8704956,-73.8818756582,casual,-1
102,1282728,5C5204F42A025B83,classic_bike,2021-09-25 17:55:26,2021-09-25 17:59:05,Grand Concourse & E 199 St,8703,Marion Ave & Mosholu Pkwy,8699.0,40.87142,-73.88839,40.8704956,-73.8818756582,casual,-1
103,1289535,07559D593ACF5A62,classic_bike,2021-09-12 07:28:38,2021-09-12 07:33:50,Grand Concourse & E 199 St,8703,Marion Ave & Mosholu Pkwy,8699.0,40.87142,-73.88839,40.8704956,-73.8818756582,casual,-1
104,1388739,3096AA33D68D2C61,electric_bike,2021-09-19 19:44:04,2021-09-19 19:47:37,Grand Concourse & E 199 St,8703,E Mosholu Pkwy & Van Cortlandt Ave E,8778.0,40.87142,-73.88839,40.87656,-73.88366,casual,-1
105,1388779,D071008C66056D92,electric_bike,2021-09-12 20:55:33,2021-09-12 21:00:45,Grand Concourse & E 199 St,8703,E Mosholu Pkwy & Van Cortlandt Ave E,8778.0,40.87142,-73.88839,40.87656,-73.88366,member,-1
106,1388811,FBCF1A0D3DF23203,electric_bike,2021-09-13 15:22:12,2021-09-13 15:25:31,Grand Concourse & E 199 St,8703,E Mosholu Pkwy & Van Cortlandt Ave E,8778.0,40.87142,-73.88839,40.87656,-73.88366,member,-1
107,1388821,32C357BCB3F87B98,electric_bike,2021-09-25 21:20:57,2021-09-25 21:25:57,Grand Concourse & E 199 St,8703,E Mosholu Pkwy & Van Cortlandt Ave E,8778.0,40.87142,-73.88839,40.87656,-73.88366,member,-1
108,1388979,AC828AFBC701C39A,electric_bike,2021-09-12 22:33:29,2021-09-12 22:37:05,Grand Concourse & E 199 St,8703,E Mosholu Pkwy & Van Cortlandt Ave E,8778.0,40.87142,-73.88839,40.87656,-73.88366,casual,-1
109,1388991,73C80F20BB7CDB0A,electric_bike,2021-09-24 16:38:43,2021-09-24 16:41:22,Grand Concourse & E 199 St,8703,Bainbridge Ave & E 198 St,8649.0,40.87142,-73.88839,40.8684871,-73.8884559781,member,-1
110,1389773,4EF4DB40AA9D4332,classic_bike,2021-09-22 18:07:01,2021-09-22 18:20:23,Grand Concourse & E 199 St,8703,E Mosholu Pkwy & Van Cortlandt Ave E,8778.0,40.87142,-73.88839,40.87656,-73.88366,casual,-1
111,1389807,208E7C349F856AC9,classic_bike,2021-09-28 08:46:22,2021-09-28 08:51:34,Grand Concourse & E 199 St,8703,E Mosholu Pkwy & Van Cortlandt Ave E,8778.0,40.87142,-73.88839,40.87656,-73.88366,casual,-1
112,1390782,57270031DBCE4CC6,electric_bike,2021-09-03 08:33:08,2021-09-03 08:40:48,Grand Concourse & E 199 St,8703,Bainbridge Ave & E 198 St,8649.0,40.87142,-73.88839,40.8684871,-73.8884559781,casual,-1
113,1417811,35949C74ECBFF969,electric_bike,2021-09-27 05:45:10,2021-09-27 05:47:11,Grand Concourse & E 199 St,8703,Bainbridge Ave & E 198 St,8649.0,40.87142,-73.88839,40.8684871,-73.8884559781,casual,-1
114,1442189,EF77BC15B9CFD047,electric_bike,2021-09-02 19:50:45,2021-09-02 20:03:17,Grand Concourse & E 199 St,8703,W 225 St & Exterior St,8711.0,40.87142,-73.88839,40.873265,-73.906646,casual,-1
115,1446229,8F4D33927AD040D6,electric_bike,2021-09-28 13:15:50,2021-09-28 13:23:03,Grand Concourse & E 199 St,8703,W 225 St & Exterior St,8711.0,40.87142,-73.88839,40.873265,-73.906646,casual,-1
116,1447400,530E05C4B13F9212,electric_bike,2021-09-07 15:47:31,2021-09-07 15:58:27,Grand Concourse & E 199 St,8703,W 225 St & Exterior St,8711.0,40.87142,-73.88839,40.873265,-73.906646,casual,-1
117,1456329,324EAFB88AEBBA38,classic_bike,2021-09-18 13:40:30,2021-09-18 13:49:50,Grand Concourse & E 199 St,8703,W 225 St & Exterior St,8711.0,40.87142,-73.88839,40.873265,-73.906646,casual,-1
118,1463271,A6039CD2F1F9C362,electric_bike,2021-09-23 11:19:09,2021-09-23 11:38:07,Grand Concourse & E 199 St,8703,Macombs Rd & Featherbed Ln,8307.0,40.87142,-73.88839,40.84552,-73.91722,member,-1
119,1463272,212F7F4093262575,electric_bike,2021-09-29 17:49:08,2021-09-29 18:02:18,Grand Concourse & E 199 St,8703,W 225 St & Exterior St,8711.0,40.87142,-73.88839,40.873265,-73.906646,casual,-1
120,1483332,66EFB7C9CCC75C86,electric_bike,2021-09-23 16:34:25,2021-09-23 17:11:55,Grand Concourse & E 199 St,8703,Adam Clayton Powell Blvd & W 130 St,7774.0,40.87142,-73.88839,40.812346,-73.946168,member,-1
121,1548546,C8AB36C3B110ABA7,electric_bike,2021-09-19 00:38:54,2021-09-19 00:46:41,Grand Concourse & E 199 St,8703,,,40.87142,-73.88839,40.87,-73.89,member,-1
122,1561515,F9F4A5A36F7C2DCC,electric_bike,2021-09-13 18:27:58,2021-09-13 18:53:30,Grand Concourse & E 199 St,8703,W 148 St & Amsterdam Ave,8033.0,40.87142,-73.88839,40.827075,-73.945909,member,-1
123,1609451,2E568A340C9CAF6C,electric_bike,2021-09-29 15:33:36,2021-09-29 17:36:05,Grand Concourse & E 199 St,8703,Goulden Ave & W 197 St,8707.0,40.87142,-73.88839,40.87156,-73.89714,casual,-1
124,1640284,267616C0585CEB15,electric_bike,2021-09-30 07:12:44,2021-09-30 07:29:09,Grand Concourse & E 199 St,8703,Audubon Ave & Fort George Ave,8491.0,40.87142,-73.88839,40.85715781391904,-73.92717361450195,casual,-1
125,1657823,5CEFEBF1DC13BBF1,electric_bike,2021-09-27 16:16:25,2021-09-27 16:40:31,Grand Concourse & E 199 St,8703,Morris Ave & E 163 St,8036.0,40.87142,-73.88839,40.827230499624726,-73.91765579597632,casual,-1
126,1673984,AE1F91350CC14A25,electric_bike,2021-09-01 05:45:03,2021-09-01 05:46:08,Grand Concourse & E 199 St,8703,Jerome Ave & Bedford Park Blvd E,8734.0,40.87142,-73.88839,40.87307,-73.88971,member,-1
127,1680293,63AB64B4988752E0,electric_bike,2021-09-18 13:33:56,2021-09-18 13:36:09,Grand Concourse & E 199 St,8703,Jerome Ave & Bedford Park Blvd E,8734.0,40.87142,-73.88839,40.87307,-73.88971,casual,-1
128,1682856,3EE4BD92FB83804E,classic_bike,2021-09-11 22:05:06,2021-09-11 22:10:09,Grand Concourse & E 199 St,8703,Jerome Ave & Bedford Park Blvd E,8734.0,40.87142,-73.88839,40.87307,-73.88971,casual,-1
129,1682858,7C44AEAED924E678,classic_bike,2021-09-07 19:42:19,2021-09-07 20:01:06,Grand Concourse & E 199 St,8703,Jerome Ave & Bedford Park Blvd E,8734.0,40.87142,-73.88839,40.87307,-73.88971,casual,-1
130,1693557,40B26699128463F0,classic_bike,2021-09-07 06:04:04,2021-09-07 06:05:57,Grand Concourse & E 199 St,8703,Jerome Ave & Bedford Park Blvd E,8734.0,40.87142,-73.88839,40.87307,-73.88971,member,-1
131,1693737,2747519671203311,classic_bike,2021-09-07 19:35:40,2021-09-07 20:00:51,Grand Concourse & E 199 St,8703,Jerome Ave & Bedford Park Blvd E,8734.0,40.87142,-73.88839,40.87307,-73.88971,casual,-1
132,1693754,7DE6171A20837F77,classic_bike,2021-09-14 05:44:19,2021-09-14 05:46:23,Grand Concourse & E 199 St,8703,Jerome Ave & Bedford Park Blvd E,8734.0,40.87142,-73.88839,40.87307,-73.88971,member,-1
133,1721297,08F6BFAD137D1FCF,electric_bike,2021-09-03 20:47:55,2021-09-03 21:04:23,Grand Concourse & E 199 St,8703,Plaza Dr & W 170 St,8213.0,40.87142,-73.88839,40.840484,-73.917946,member,-1
134,1722050,B6F23F4E2F51F543,classic_bike,2021-09-03 02:35:13,2021-09-03 02:37:38,Grand Concourse & E 199 St,8703,Decatur Ave & Bedford Park Blvd,8664.0,40.87142,-73.88839,40.86813,-73.88412,member,-1
135,1725575,8EF9BE7A96078B91,classic_bike,2021-09-08 01:28:10,2021-09-08 01:30:47,Grand Concourse & E 199 St,8703,Decatur Ave & Bedford Park Blvd,8664.0,40.87142,-73.88839,40.86813,-73.88412,member,-1
136,1725654,9914427844B98FC6,classic_bike,2021-09-04 20:43:42,2021-09-04 20:46:25,Grand Concourse & E 199 St,8703,Decatur Ave & Bedford Park Blvd,8664.0,40.87142,-73.88839,40.86813,-73.88412,member,-1
137,1729831,6D4BEA23419A2E62,classic_bike,2021-09-14 13:31:58,2021-09-14 13:36:53,Grand Concourse & E 199 St,8703,Decatur Ave & Bedford Park Blvd,8664.0,40.87142,-73.88839,40.86813,-73.88412,casual,-1
138,1733648,A21F7E3FB93FFFF3,classic_bike,2021-09-17 18:09:17,2021-09-17 18:11:30,Grand Concourse & E 199 St,8703,Decatur Ave & Bedford Park Blvd,8664.0,40.87142,-73.88839,40.86813,-73.88412,member,-1
139,1733649,1DB230E212874649,classic_bike,2021-09-06 01:07:39,2021-09-06 01:11:41,Grand Concourse & E 199 St,8703,Decatur Ave & Bedford Park Blvd,8664.0,40.87142,-73.88839,40.86813,-73.88412,member,-1
140,1733659,5936B455C926D1E5,electric_bike,2021-09-20 18:01:47,2021-09-20 19:03:19,Grand Concourse & E 199 St,8703,Decatur Ave & Bedford Park Blvd,8664.0,40.87142,-73.88839,40.86813,-73.88412,casual,-1
141,1733731,9F0BA82E5F34E2FA,classic_bike,2021-09-16 16:26:39,2021-09-16 16:30:17,Grand Concourse & E 199 St,8703,Decatur Ave & Bedford Park Blvd,8664.0,40.87142,-73.88839,40.86813,-73.88412,member,-1
142,1733740,14E8CE16CD88410C,electric_bike,2021-09-06 17:44:53,2021-09-06 17:48:11,Grand Concourse & E 199 St,8703,Decatur Ave & Bedford Park Blvd,8664.0,40.87142,-73.88839,40.86813,-73.88412,casual,-1
143,1733746,7260A348A0969155,classic_bike,2021-09-08 00:14:51,2021-09-08 00:18:22,Grand Concourse & E 199 St,8703,Decatur Ave & Bedford Park Blvd,8664.0,40.87142,-73.88839,40.86813,-73.88412,casual,-1
144,1733748,41922072EC429150,electric_bike,2021-09-23 09:15:41,2021-09-23 09:17:51,Grand Concourse & E 199 St,8703,Decatur Ave & Bedford Park Blvd,8664.0,40.87142,-73.88839,40.86813,-73.88412,member,-1
145,1733812,A8F564F9D1D5691B,electric_bike,2021-09-15 01:57:51,2021-09-15 02:32:36,Grand Concourse & E 199 St,8703,Creston Ave & E 181 St,8456.0,40.87142,-73.88839,40.8549,-73.90281,member,-1
146,1735309,5DC04F1FD8173787,classic_bike,2021-09-01 01:51:48,2021-09-01 01:54:17,Grand Concourse & E 199 St,8703,Decatur Ave & Bedford Park Blvd,8664.0,40.87142,-73.88839,40.86813,-73.88412,member,-1
147,1735310,6A8CFDE0EF9B9DEF,classic_bike,2021-09-12 01:11:07,2021-09-12 01:14:27,Grand Concourse & E 199 St,8703,Decatur Ave & Bedford Park Blvd,8664.0,40.87142,-73.88839,40.86813,-73.88412,member,-1
148,1761202,6ECF1D0E9916C506,electric_bike,2021-09-21 19:41:22,2021-09-21 20:00:07,Grand Concourse & E 199 St,8703,Decatur Ave & E 197 St,8597.0,40.87142,-73.88839,40.86557,-73.88807,member,-1
149,1766268,1903F3CC0D3E1EB5,electric_bike,2021-09-10 15:27:57,2021-09-10 15:38:37,Grand Concourse & E 199 St,8703,Jerome Ave & E Mosholu Parkway S,8795.0,40.87142,-73.88839,40.87935,-73.88534,member,-1
150,1769847,E8A642762926CDA6,electric_bike,2021-09-12 00:28:30,2021-09-12 00:31:50,Grand Concourse & E 199 St,8703,Jerome Ave & E Mosholu Parkway S,8795.0,40.87142,-73.88839,40.87935,-73.88534,member,-1
151,1770194,792F74A693C81D88,electric_bike,2021-09-06 13:56:57,2021-09-06 14:00:33,Grand Concourse & E 199 St,8703,Jerome Ave & E Mosholu Parkway S,8795.0,40.87142,-73.88839,40.87935,-73.88534,casual,-1
152,1851294,3C60C8122FC8FD52,electric_bike,2021-09-06 00:59:11,2021-09-06 01:02:18,Grand Concourse & E 199 St,8703,Bainbridge Ave & E 196 St,8615.0,40.87142,-73.88839,40.86648,-73.89042,member,-1
153,1987025,E113848FBE90A26D,electric_bike,2021-09-10 01:46:04,2021-09-10 01:47:12,Grand Concourse & E 199 St,8703,Bainbridge Ave & Bedford Park Blvd,8682.0,40.87142,-73.88839,40.87002,-73.88565,member,-1
154,1987331,878D39D20679E214,classic_bike,2021-09-29 18:10:15,2021-09-29 18:11:23,Grand Concourse & E 199 St,8703,Bainbridge Ave & Bedford Park Blvd,8682.0,40.87142,-73.88839,40.87002,-73.88565,member,-1
155,1988185,029F9229018116E7,classic_bike,2021-09-26 01:14:51,2021-09-26 01:17:11,Grand Concourse & E 199 St,8703,Bainbridge Ave & Bedford Park Blvd,8682.0,40.87142,-73.88839,40.87002,-73.88565,member,-1
156,2060644,7551718F34A44891,electric_bike,2021-09-22 17:22:38,2021-09-22 17:48:15,Grand Concourse & E 199 St,8703,Boston Rd & E 167 St,8048.0,40.87142,-73.88839,40.828199,-73.903719,member,-1
157,2060734,2DD522CD4EA4A7CE,classic_bike,2021-09-06 16:37:03,2021-09-06 17:07:53,Grand Concourse & E 199 St,8703,Gerard Ave & E 164 St,8077.0,40.87142,-73.88839,40.830262,-73.923391,member,-1
158,2205685,C5849E9F84036D8E,electric_bike,2021-09-02 17:48:54,2021-09-02 18:06:46,Grand Concourse & E 199 St,8703,Paul Ave & Mosholu Pkwy,8811.0,40.87142,-73.88839,40.8802945,-73.8860653648,casual,-1
159,2219848,93A6E3CD24A59F99,electric_bike,2021-09-02 17:49:59,2021-09-02 18:06:54,Grand Concourse & E 199 St,8703,Paul Ave & Mosholu Pkwy,8811.0,40.87142,-73.88839,40.8802945,-73.8860653648,casual,-1
160,2233457,D131ABD5172C8C6D,classic_bike,2021-09-17 09:38:40,2021-09-17 09:42:22,Grand Concourse & E 199 St,8703,Botanical Sq & Webster Ave,8646.0,40.87142,-73.88839,40.86814,-73.88145,member,-1
161,2233513,33D3B9C5B8789778,electric_bike,2021-09-26 01:01:58,2021-09-26 01:07:18,Grand Concourse & E 199 St,8703,Botanical Sq & Webster Ave,8646.0,40.87142,-73.88839,40.86814,-73.88145,casual,-1
162,2234417,F2636692FD24189E,classic_bike,2021-09-29 07:07:57,2021-09-29 07:12:27,Grand Concourse & E 199 St,8703,Botanical Sq & Webster Ave,8646.0,40.87142,-73.88839,40.86814,-73.88145,member,-1
163,2249123,FD48F185F6F95F97,electric_bike,2021-09-04 16:20:03,2021-09-04 17:36:48,Grand Concourse & E 199 St,8703,Botanical Sq & Webster Ave,8646.0,40.87142,-73.88839,40.86814,-73.88145,member,-1
164,2249248,547FB16B17F4960F,classic_bike,2021-09-13 09:15:34,2021-09-13 09:19:03,Grand Concourse & E 199 St,8703,Botanical Sq & Webster Ave,8646.0,40.87142,-73.88839,40.86814,-73.88145,member,-1
165,2250856,A671C39F186C9A06,electric_bike,2021-09-28 00:25:39,2021-09-28 00:29:31,Grand Concourse & E 199 St,8703,Botanical Sq & Webster Ave,8646.0,40.87142,-73.88839,40.86814,-73.88145,member,-1
166,2250857,742E6203086D287E,electric_bike,2021-09-06 03:21:45,2021-09-06 03:41:47,Grand Concourse & E 199 St,8703,Fort Washington Ave & W 173 St,8320.0,40.87142,-73.88839,40.84522,-73.940493,member,-1
167,2263692,8E27E7E4C809A6EF,classic_bike,2021-09-01 00:24:16,2021-09-01 00:27:57,Grand Concourse & E 199 St,8703,Botanical Sq & Webster Ave,8646.0,40.87142,-73.88839,40.86814,-73.88145,member,-1
168,2263694,37B137C614F9A2B3,classic_bike,2021-09-28 08:45:24,2021-09-28 08:49:02,Grand Concourse & E 199 St,8703,Botanical Sq & Webster Ave,8646.0,40.87142,-73.88839,40.86814,-73.88145,member,-1
169,2263730,5033D3E74DB2832E,classic_bike,2021-09-14 10:11:18,2021-09-14 10:17:22,Grand Concourse & E 199 St,8703,Botanical Sq & Webster Ave,8646.0,40.87142,-73.88839,40.86814,-73.88145,casual,-1
170,2265281,B9CDDCB5C02EB432,electric_bike,2021-09-12 15:06:07,2021-09-12 15:16:20,Grand Concourse & E 199 St,8703,Botanical Sq & Webster Ave,8646.0,40.87142,-73.88839,40.86814,-73.88145,casual,-1
171,2313321,A3CBC0B4442D526E,classic_bike,2021-09-29 09:35:25,2021-09-29 09:45:19,Grand Concourse & E 199 St,8703,E Fordham Rd & Webster Ave,8582.0,40.87142,-73.88839,40.861748,-73.89105,member,-1
172,2313342,5B3C62B424A0F974,electric_bike,2021-09-29 22:03:12,2021-09-29 22:10:37,Grand Concourse & E 199 St,8703,E Fordham Rd & Webster Ave,8582.0,40.87142,-73.88839,40.861748,-73.89105,casual,-1
173,2328899,6B1C34D1812F81F1,electric_bike,2021-09-23 07:25:43,2021-09-23 07:32:54,Grand Concourse & E 199 St,8703,E Fordham Rd & Webster Ave,8582.0,40.87142,-73.88839,40.861748,-73.89105,member,-1
174,2328901,19665483ED6DED94,electric_bike,2021-09-06 18:35:10,2021-09-06 18:40:11,Grand Concourse & E 199 St,8703,E Fordham Rd & Webster Ave,8582.0,40.87142,-73.88839,40.861748,-73.89105,member,-1
175,2328924,A00FE9EBB1633359,electric_bike,2021-09-25 14:02:58,2021-09-25 14:08:57,Grand Concourse & E 199 St,8703,E Fordham Rd & Webster Ave,8582.0,40.87142,-73.88839,40.861748,-73.89105,casual,-1
176,2328958,4DD14B84B85509A4,electric_bike,2021-09-22 07:34:21,2021-09-22 08:04:54,Grand Concourse & E 199 St,8703,E Fordham Rd & Webster Ave,8582.0,40.87142,-73.88839,40.861748,-73.89105,member,-1
177,2328973,03C3118D46E540A8,electric_bike,2021-09-17 04:01:21,2021-09-17 04:38:06,Grand Concourse & E 199 St,8703,E Fordham Rd & Webster Ave,8582.0,40.87142,-73.88839,40.861748,-73.89105,member,-1
178,2328975,54BE618415B1ED2F,electric_bike,2021-09-24 16:42:01,2021-09-24 17:50:24,Grand Concourse & E 199 St,8703,River Ave & E 153 St,8005.0,40.87142,-73.88839,40.82441,-73.92818,casual,-1
179,2328980,7702AECAF9D2ED55,classic_bike,2021-09-29 17:34:55,2021-09-29 17:41:20,Grand Concourse & E 199 St,8703,E Fordham Rd & Webster Ave,8582.0,40.87142,-73.88839,40.861748,-73.89105,member,-1
180,2328987,A7AA5676D32C160F,electric_bike,2021-09-11 18:30:08,2021-09-11 18:37:12,Grand Concourse & E 199 St,8703,E Fordham Rd & Webster Ave,8582.0,40.87142,-73.88839,40.861748,-73.89105,casual,-1
181,2328992,51EA001E8496F20A,classic_bike,2021-09-27 22:11:50,2021-09-27 22:20:43,Grand Concourse & E 199 St,8703,E Fordham Rd & Webster Ave,8582.0,40.87142,-73.88839,40.861748,-73.89105,casual,-1
182,2329628,E73409B8F3527868,electric_bike,2021-09-21 16:26:23,2021-09-21 16:31:49,Grand Concourse & E 199 St,8703,E Fordham Rd & Webster Ave,8582.0,40.87142,-73.88839,40.861748,-73.89105,casual,-1
183,2329631,7278B2F77A5428F9,electric_bike,2021-09-10 22:02:23,2021-09-10 22:09:47,Grand Concourse & E 199 St,8703,E Fordham Rd & Webster Ave,8582.0,40.87142,-73.88839,40.861748,-73.89105,casual,-1
184,2329634,A39B0DC68686E13F,classic_bike,2021-09-06 05:11:24,2021-09-06 05:22:15,Grand Concourse & E 199 St,8703,E Fordham Rd & Webster Ave,8582.0,40.87142,-73.88839,40.861748,-73.89105,casual,-1
185,2365539,75EC6979D70BC5B3,electric_bike,2021-09-30 11:37:11,2021-09-30 13:13:44,Grand Concourse & E 199 St,8703,Little West St & 1 Pl,5001.0,40.87142,-73.88839,40.70569254,-74.01677685,casual,-1
186,2406387,D89B112AB31017A2,electric_bike,2021-09-08 10:31:54,2021-09-08 10:52:24,Grand Concourse & E 199 St,8703,W 204 St & Vermilyea Ave,8632.0,40.87142,-73.88839,40.866141,-73.922648,casual,-1
187,2406390,C5EF68C1EEFC175B,electric_bike,2021-09-07 10:01:50,2021-09-07 10:19:41,Grand Concourse & E 199 St,8703,W 204 St & Vermilyea Ave,8632.0,40.87142,-73.88839,40.866141,-73.922648,casual,-1
188,2417810,047761E7E5B40CBC,electric_bike,2021-09-03 11:38:09,2021-09-03 11:55:54,Grand Concourse & E 199 St,8703,W 204 St & Vermilyea Ave,8632.0,40.87142,-73.88839,40.866141,-73.922648,casual,-1
189,2529827,96268A3EE983A83A,electric_bike,2021-09-29 17:35:14,2021-09-29 18:24:27,Grand Concourse & E 199 St,8703,3 Ave & E 172 St,8205.0,40.87142,-73.88839,40.839586,-73.900277,casual,-1
190,2536114,1C250D4F887209EA,classic_bike,2021-09-26 12:49:35,2021-09-26 12:59:36,Grand Concourse & E 199 St,8703,Morris Ave & E 184 St,8550.0,40.87142,-73.88839,40.86008,-73.90079,casual,-1
191,2552329,7C56BE5701B4BA15,electric_bike,2021-09-11 11:39:04,2021-09-11 11:57:32,Grand Concourse & E 199 St,8703,Isham St & Broadway,8665.0,40.87142,-73.88839,40.86788,-73.919685,casual,-1
192,2559814,92F46F95E9FEFBA9,electric_bike,2021-09-12 12:14:19,2021-09-12 12:22:21,Grand Concourse & E 199 St,8703,Jerome Ave & W Fordham Rd,8586.0,40.87142,-73.88839,40.86294,-73.90108,member,-1
193,2617423,853B91844F8BAA70,electric_bike,2021-09-19 17:06:40,2021-09-19 17:11:37,Grand Concourse & E 199 St,8703,W Mosholu Pkwy S & Sedgwick Ave,8841.0,40.87142,-73.88839,40.88226,-73.88702,member,-1
194,2628626,1785D5FB14E63926,electric_bike,2021-09-13 15:42:40,2021-09-13 15:57:06,Grand Concourse & E 199 St,8703,W Mosholu Pkwy S & Sedgwick Ave,8841.0,40.87142,-73.88839,40.88226,-73.88702,casual,-1
195,2652457,1E2F41E921737BE6,electric_bike,2021-09-26 02:43:13,2021-09-26 03:15:46,Grand Concourse & E 199 St,8703,Grand Concourse & E 175 St,8303.0,40.87142,-73.88839,40.846221,-73.909232,casual,-1
196,2669335,834F2A8C1868503F,classic_bike,2021-09-22 17:42:19,2021-09-22 17:47:08,Grand Concourse & E 199 St,8703,Goulden Ave & Bedford Park Blvd W,8738.0,40.87142,-73.88839,40.87387,-73.89533,casual,-1
197,2669786,C83FE7821C31E8C0,electric_bike,2021-09-29 17:37:46,2021-09-29 17:51:49,Grand Concourse & E 199 St,8703,Goulden Ave & Bedford Park Blvd W,8738.0,40.87142,-73.88839,40.87387,-73.89533,casual,-1
198,2673001,E3EA1A702F1AFF05,electric_bike,2021-09-30 07:56:27,2021-09-30 08:00:32,Grand Concourse & E 199 St,8703,Goulden Ave & Bedford Park Blvd W,8738.0,40.87142,-73.88839,40.87387,-73.89533,member,-1
199,2676232,83164FFBD9A4EB4E,electric_bike,2021-09-28 03:11:17,2021-09-28 03:49:40,Grand Concourse & E 199 St,8703,Grand Concourse & E 205 St,8766.0,40.87142,-73.88839,40.875531,-73.8863864831,member,-1
200,2795958,9349D65A5352218A,classic_bike,2021-09-30 17:40:42,2021-09-30 18:10:36,Grand Concourse & E 199 St,8703,Shakespeare Ave & W 169 St,8198.0,40.87142,-73.88839,40.839312,-73.922423,casual,-1
201,2808991,530E1E7EBDD3EB31,classic_bike,2021-09-24 13:35:31,2021-09-24 13:36:37,Grand Concourse & E 199 St,8703,Grand Concourse & E 203 St,8734.0,40.87142,-73.88839,40.87382,-73.88661,member,-1
202,2817277,58DEC643BDD2F8B9,electric_bike,2021-09-17 16:38:36,2021-09-17 17:03:15,Grand Concourse & E 199 St,8703,Wilkins Ave & Crotona Park E,8167.0,40.87142,-73.88839,40.835302,-73.895133,casual,-1
203,2859816,4BC2B3DCE82F7E68,electric_bike,2021-09-15 12:16:12,2021-09-15 12:21:22,Grand Concourse & E 199 St,8703,Tiebout Ave & E Fordham Road,8546.0,40.87142,-73.88839,40.861915,-73.894831,member,-1
204,2859844,AC729642C671B385,electric_bike,2021-09-09 19:32:23,2021-09-09 19:37:48,Grand Concourse & E 199 St,8703,Tiebout Ave & E Fordham Road,8546.0,40.87142,-73.88839,40.861915,-73.894831,casual,-1
205,2902543,F44A20B5AF46A0E3,electric_bike,2021-09-27 07:39:32,2021-09-27 07:53:23,Grand Concourse & E 199 St,8703,E 174 St & Longfellow Ave,8144.0,40.87142,-73.88839,40.836274,-73.884308,member,-1
206,3001148,145EFE9E7B85EEFE,classic_bike,2021-09-30 15:16:26,2021-09-30 15:34:16,Grand Concourse & E 199 St,8703,Nagle Ave & Thayer St,8563.0,40.87142,-73.88839,40.861382,-73.925591,member,-1
207,3001720,A8863DB28A6DCC1A,classic_bike,2021-09-03 15:09:56,2021-09-03 15:38:31,Grand Concourse & E 199 St,8703,Nagle Ave & Thayer St,8563.0,40.87142,-73.88839,40.861382,-73.925591,casual,-1
208,3029315,BACD5DAB8F1834C6,classic_bike,2021-09-30 09:54:23,2021-09-30 10:03:57,Grand Concourse & E 199 St,8703,Jerome Ave & W 195 St,8653.0,40.87142,-73.88839,40.86874,-73.89657,member,-1
209,3029316,9183575A77C6F49D,classic_bike,2021-09-30 12:02:16,2021-09-30 12:10:01,Grand Concourse & E 199 St,8703,Jerome Ave & W 195 St,8653.0,40.87142,-73.88839,40.86874,-73.89657,member,-1
210,3053161,EBCEB99C4FA5BE02,classic_bike,2021-09-18 08:41:45,2021-09-18 08:45:48,Grand Concourse & E 199 St,8703,Jerome Ave & W 195 St,8653.0,40.87142,-73.88839,40.86874,-73.89657,casual,-1
211,3070325,AD32AA4E615B4C5C,classic_bike,2021-09-02 20:03:28,2021-09-02 20:08:14,Grand Concourse & E 199 St,8703,Grand Concourse & E 196 St,8635.0,40.87142,-73.88839,40.86767,-73.89286,member,-1
212,3070337,147DDA150C68C884,classic_bike,2021-09-13 20:44:49,2021-09-13 20:59:38,Grand Concourse & E 199 St,8703,Grand Concourse & E 196 St,8635.0,40.87142,-73.88839,40.86767,-73.89286,member,-1
213,3070338,D5C85A2A26E47F9A,electric_bike,2021-09-04 09:04:09,2021-09-04 09:06:13,Grand Concourse & E 199 St,8703,Grand Concourse & E 196 St,8635.0,40.87142,-73.88839,40.86767,-73.89286,casual,-1
214,3078827,A0A704254C46ED87,classic_bike,2021-09-07 22:39:58,2021-09-07 22:43:49,Grand Concourse & E 199 St,8703,Grand Concourse & E 196 St,8635.0,40.87142,-73.88839,40.86767,-73.89286,casual,-1
215,3078834,C91B439F2F3A9E7A,electric_bike,2021-09-08 20:33:42,2021-09-08 20:54:10,Grand Concourse & E 199 St,8703,Grand Concourse & E 196 St,8635.0,40.87142,-73.88839,40.86767,-73.89286,casual,-1
216,3084024,BF740F70CA5A9C8B,electric_bike,2021-09-17 19:23:34,2021-09-17 19:25:26,Grand Concourse & E 199 St,8703,Grand Concourse & E 196 St,8635.0,40.87142,-73.88839,40.86767,-73.89286,member,-1
217,3110164,D4D1224A480A31DE,electric_bike,2021-09-03 17:23:20,2021-09-03 17:30:29,Grand Concourse & E 199 St,8703,E 188 St & Creston Ave,8566.0,40.87142,-73.88839,40.861669,-73.898589,casual,-1
218,3126950,850A8BF3CD0082B8,electric_bike,2021-09-09 18:59:48,2021-09-09 19:06:21,Grand Concourse & E 199 St,8703,E 188 St & Creston Ave,8566.0,40.87142,-73.88839,40.861669,-73.898589,member,-1
219,3126983,3118897CA21FC79D,electric_bike,2021-09-14 18:33:09,2021-09-14 18:54:50,Grand Concourse & E 199 St,8703,E 188 St & Creston Ave,8566.0,40.87142,-73.88839,40.861669,-73.898589,casual,-1
220,3186683,765AE64515C5E2B7,classic_bike,2021-09-12 17:33:02,2021-09-12 17:42:39,Decatur Ave & Bedford Park Blvd,8664,Grand Concourse & E 199 St,8703.0,40.86813,-73.88412,40.87142,-73.88839,member,1
221,3187162,C033AD51FC4DAC43,electric_bike,2021-09-30 02:09:11,2021-09-30 02:13:30,Decatur Ave & Bedford Park Blvd,8664,Grand Concourse & E 199 St,8703.0,40.86813,-73.88412,40.87142,-73.88839,member,1
222,3187198,997711C3F64B1021,electric_bike,2021-09-19 04:26:38,2021-09-19 04:32:27,W Mosholu Pkwy S & Sedgwick Ave,8841,Grand Concourse & E 199 St,8703.0,40.88226,-73.88702,40.87142,-73.88839,member,1
223,3187739,D65F1F57708BA30C,electric_bike,2021-09-20 17:09:22,2021-09-20 17:15:57,Decatur Ave & Bedford Park Blvd,8664,Grand Concourse & E 199 St,8703.0,40.86813,-73.88412,40.87142,-73.88839,member,1
224,3187817,3AF80B2164BFAAEE,classic_bike,2021-09-27 01:50:21,2021-09-27 01:52:07,Grand Concourse & E 203 St,8734,Grand Concourse & E 199 St,8703.0,40.87382,-73.88661,40.87142,-73.88839,member,1
225,3187916,AE42E896B7582222,electric_bike,2021-09-17 14:59:36,2021-09-17 15:03:20,Grand Concourse & E 192 St,8601,Grand Concourse & E 199 St,8703.0,40.86448,-73.89522,40.87142,-73.88839,casual,1
226,3188121,809F3F21C6C19185,electric_bike,2021-09-08 20:10:01,2021-09-08 20:23:15,10 Ave & W 207 St,8613,Grand Concourse & E 199 St,8703.0,40.864632,-73.918598,40.87142,-73.88839,casual,1
227,3188122,000EA415B492D33C,electric_bike,2021-09-09 17:40:14,2021-09-09 18:01:42,10 Ave & W 207 St,8613,Grand Concourse & E 199 St,8703.0,40.864632,-73.918598,40.87142,-73.88839,casual,1
228,3188184,ED6187C4D0234A97,classic_bike,2021-09-30 20:42:05,2021-09-30 21:05:03,E Fordham Rd & Webster Ave,8582,Grand Concourse & E 199 St,8703.0,40.861748,-73.89105,40.87142,-73.88839,member,1
229,3188348,8E8B61F1A8BD3718,electric_bike,2021-09-02 09:53:27,2021-09-02 10:29:07,River Ave & E 151 St,7967,Grand Concourse & E 199 St,8703.0,40.822217,-73.928939,40.87142,-73.88839,casual,1
230,3188527,72C1F4B095E16465,electric_bike,2021-09-29 14:44:23,2021-09-29 15:01:36,E 171 St & Webster Ave,8190,Grand Concourse & E 199 St,8703.0,40.838379,-73.905838,40.87142,-73.88839,casual,1
231,3189003,AA910397A2D8A7AA,electric_bike,2021-09-25 18:12:27,2021-09-25 18:35:38,Tiebout Ave & E Fordham Road,8546,Grand Concourse & E 199 St,8703.0,40.861915,-73.894831,40.87142,-73.88839,member,1
232,3189528,279CF059FDCD3FA6,electric_bike,2021-09-20 03:10:01,2021-09-20 03:14:39,Grand Concourse & E 199 St,8703,Grand Concourse & E 199 St,8703.0,40.87142,-73.88839,40.87142,-73.88839,casual,0
233,3189554,F7A816EFD0B9B851,electric_bike,2021-09-03 22:58:55,2021-09-03 23:09:02,Webster Ave & Ford St,8472,Grand Concourse & E 199 St,8703.0,40.85556,-73.89615,40.87142,-73.88839,member,1
234,3189764,A8155CACB47DF28A,classic_bike,2021-09-16 15:07:24,2021-09-16 15:16:54,Grand Concourse & E 196 St,8635,Grand Concourse & E 199 St,8703.0,40.86767,-73.89286,40.87142,-73.88839,member,1
235,3189839,5AA533C4251453C8,classic_bike,2021-09-02 18:47:23,2021-09-02 19:05:41,Folin St & E 181 St,8435,Grand Concourse & E 199 St,8703.0,40.853929,-73.898385,40.87142,-73.88839,casual,1
236,3189886,02C2744E0DEC89F7,classic_bike,2021-09-28 01:36:29,2021-09-28 01:40:57,Bedford Park Blvd & Paul Ave,8752,Grand Concourse & E 199 St,8703.0,40.87444,-73.89186,40.87142,-73.88839,member,1
237,3190124,3E9C1F65EC4F3643,electric_bike,2021-09-22 00:37:48,2021-09-22 00:40:20,Grand Concourse & E 199 St,8703,Grand Concourse & E 199 St,8703.0,40.87142,-73.88839,40.87142,-73.88839,casual,0
238,3190137,A528EF910D92CE94,classic_bike,2021-09-13 15:27:54,2021-09-13 15:58:51,Grand Concourse & E 199 St,8703,Grand Concourse & E 199 St,8703.0,40.87142,-73.88839,40.87142,-73.88839,casual,0
239,3190216,89100823EA227FCD,electric_bike,2021-09-02 20:01:45,2021-09-02 20:01:52,Grand Concourse & E 199 St,8703,Grand Concourse & E 199 St,8703.0,40.87142,-73.88839,40.87142,-73.88839,member,0
240,3190278,7E5A1E2773BAC2C3,electric_bike,2021-09-09 16:14:14,2021-09-09 16:19:45,Grand Concourse & E 199 St,8703,Grand Concourse & E 199 St,8703.0,40.87142,-73.88839,40.87142,-73.88839,member,0
241,3190312,5427A153FCCE8668,electric_bike,2021-09-01 02:59:37,2021-09-01 03:20:10,Grand Concourse & E 199 St,8703,Grand Concourse & E 199 St,8703.0,40.87142,-73.88839,40.87142,-73.88839,casual,0
242,3190394,82ECC8CA4CC992D6,electric_bike,2021-09-04 03:57:29,2021-09-04 04:08:19,Grand Concourse & E 175 St,8303,Grand Concourse & E 199 St,8703.0,40.846221,-73.909232,40.87142,-73.88839,member,1
243,3190427,9519A97BBBBB8F32,classic_bike,2021-09-05 01:26:17,2021-09-05 01:44:15,Bedford Park Blvd & Paul Ave,8752,Grand Concourse & E 199 St,8703.0,40.87444,-73.89186,40.87142,-73.88839,casual,1
244,3190558,5EC0EF3129C4FF8E,electric_bike,2021-09-25 21:16:42,2021-09-25 21:20:25,Grand Concourse & E 197 St,8667,Grand Concourse & E 199 St,8703.0,40.86945,-73.89148,40.87142,-73.88839,member,1
245,3190606,3A7E6CEEB1556CD6,classic_bike,2021-09-04 16:17:55,2021-09-04 16:19:45,Grand Concourse & E 197 St,8667,Grand Concourse & E 199 St,8703.0,40.86945,-73.89148,40.87142,-73.88839,member,1
246,3190631,AD4D379D771DA913,electric_bike,2021-09-16 19:17:33,2021-09-16 19:27:38,Paul Ave & W 205 St,8782,Grand Concourse & E 199 St,8703.0,40.87704,-73.88943,40.87142,-73.88839,member,1
247,3190637,36CD04ACCDA46347,electric_bike,2021-09-21 20:58:29,2021-09-21 21:09:10,Grand Concourse & E 197 St,8667,Grand Concourse & E 199 St,8703.0,40.86945,-73.89148,40.87142,-73.88839,member,1
248,3190666,72A22005870F53B6,electric_bike,2021-09-24 22:25:11,2021-09-24 22:47:06,Clay Ave & E 173 St,8281,Grand Concourse & E 199 St,8703.0,40.843264,-73.904867,40.87142,-73.88839,casual,1
249,3190778,352C619145D5EA45,electric_bike,2021-09-18 16:42:47,2021-09-18 16:48:30,E 188 St & Creston Ave,8566,Grand Concourse & E 199 St,8703.0,40.861669,-73.898589,40.87142,-73.88839,casual,1
250,3190796,C03883DDDAB2C9A9,classic_bike,2021-09-03 14:01:11,2021-09-03 14:05:37,Paul Ave & W 205 St,8782,Grand Concourse & E 199 St,8703.0,40.87704,-73.88943,40.87142,-73.88839,member,1
251,3190880,7DF59020AB89369D,electric_bike,2021-09-15 08:43:05,2021-09-15 09:08:37,River Ave & E 151 St,7967,Grand Concourse & E 199 St,8703.0,40.822217,-73.928939,40.87142,-73.88839,casual,1
252,3191001,8183738A87C97851,electric_bike,2021-09-21 21:16:04,2021-09-21 21:44:02,Anderson Ave & W 164 St,8096,Grand Concourse & E 199 St,8703.0,40.832057,-73.927421,40.87142,-73.88839,casual,1
253,3191010,375B710919DE55C6,electric_bike,2021-09-18 12:34:14,2021-09-18 12:37:00,Decatur Ave & Bedford Park Blvd,8664,Grand Concourse & E 199 St,8703.0,40.86813,-73.88412,40.87142,-73.88839,member,1
254,3191532,7069A85673F7843E,electric_bike,2021-09-21 23:25:12,2021-09-21 23:30:57,E Fordham Rd & Webster Ave,8582,Grand Concourse & E 199 St,8703.0,40.861748,-73.89105,40.87142,-73.88839,casual,1
255,3191619,85EDA471E82B4F7D,classic_bike,2021-09-12 00:24:56,2021-09-12 00:27:57,Grand Concourse & E 197 St,8667,Grand Concourse & E 199 St,8703.0,40.86945,-73.89148,40.87142,-73.88839,member,1
256,3191668,F251CF15EF95E655,classic_bike,2021-09-24 23:45:53,2021-09-24 23:48:17,Grand Concourse & E 197 St,8667,Grand Concourse & E 199 St,8703.0,40.86945,-73.89148,40.87142,-73.88839,casual,1
257,3191685,392306AC356DC7CA,classic_bike,2021-09-07 12:02:49,2021-09-07 12:04:54,Grand Concourse & E 197 St,8667,Grand Concourse & E 199 St,8703.0,40.86945,-73.89148,40.87142,-73.88839,member,1
258,3191689,5677E15C75AEFE69,classic_bike,2021-09-30 16:56:33,2021-09-30 16:59:47,Grand Concourse & E 197 St,8667,Grand Concourse & E 199 St,8703.0,40.86945,-73.89148,40.87142,-73.88839,member,1
259,3191798,EE5573C4AB726545,electric_bike,2021-09-26 11:04:29,2021-09-26 11:13:37,W Fordham Rd & Loring Pl N,8590,Grand Concourse & E 199 St,8703.0,40.86295,-73.90741,40.87142,-73.88839,casual,1
260,3192008,02190EBD3179190F,electric_bike,2021-09-03 19:11:49,2021-09-03 19:43:57,Grand Concourse & E 199 St,8703,Grand Concourse & E 199 St,8703.0,40.87142,-73.88839,40.87142,-73.88839,casual,0
261,3192022,409F24372BEA860B,classic_bike,2021-09-30 13:15:56,2021-09-30 13:38:38,Grand Concourse & E 199 St,8703,Grand Concourse & E 199 St,8703.0,40.87142,-73.88839,40.87142,-73.88839,casual,0
262,3192305,4773E942C5C58E40,electric_bike,2021-09-14 17:39:25,2021-09-14 18:27:55,Grand Concourse & E 197 St,8667,Grand Concourse & E 199 St,8703.0,40.86945,-73.89148,40.87142,-73.88839,member,1
263,3192464,C74BF0F6E41E1AF5,electric_bike,2021-09-17 14:40:40,2021-09-17 15:12:08,Grand Concourse & E 205 St,8766,Grand Concourse & E 199 St,8703.0,40.875531,-73.8863864831,40.87142,-73.88839,casual,1
264,3192495,DB6948DE112254CE,classic_bike,2021-09-30 11:38:31,2021-09-30 11:49:37,E Fordham Rd & Webster Ave,8582,Grand Concourse & E 199 St,8703.0,40.861748,-73.89105,40.87142,-73.88839,casual,1
265,3192631,090898030E74B4C7,electric_bike,2021-09-03 18:52:54,2021-09-03 18:56:57,Grand Concourse & E 196 St,8635,Grand Concourse & E 199 St,8703.0,40.86767,-73.89286,40.87142,-73.88839,casual,1
266,3192632,184BCCD0ECD3992C,electric_bike,2021-09-24 12:57:31,2021-09-24 13:00:11,Grand Concourse & E 196 St,8635,Grand Concourse & E 199 St,8703.0,40.86767,-73.89286,40.87142,-73.88839,casual,1
267,3192648,29214B815B13DC1B,classic_bike,2021-09-29 15:47:41,2021-09-29 15:51:19,Grand Concourse & E 196 St,8635,Grand Concourse & E 199 St,8703.0,40.86767,-73.89286,40.87142,-73.88839,member,1
268,3192674,3872231D3B33D24B,electric_bike,2021-09-27 02:34:45,2021-09-27 03:07:56,W 171 St & St. Nicholas Ave,8262,Grand Concourse & E 199 St,8703.0,40.842941,-73.938631,40.87142,-73.88839,member,1
269,3192895,95C48AE077F22301,electric_bike,2021-09-07 19:26:42,2021-09-07 19:57:23,W 204 St & Vermilyea Ave,8632,Grand Concourse & E 199 St,8703.0,40.866141,-73.922648,40.87142,-73.88839,casual,1
270,3193368,CE6403375DADE134,classic_bike,2021-09-13 07:32:49,2021-09-13 07:36:55,Bainbridge Ave & E 198 St,8649,Grand Concourse & E 199 St,8703.0,40.8684871,-73.8884559781,40.87142,-73.88839,casual,1
271,3193372,B7279D3B3E4B3421,classic_bike,2021-09-29 18:43:47,2021-09-29 19:09:24,E Mosholu Pkwy & Van Cortlandt Ave E,8778,Grand Concourse & E 199 St,8703.0,40.87656,-73.88366,40.87142,-73.88839,casual,1
272,3193575,664FCFFFE6445B82,electric_bike,2021-09-25 23:16:08,2021-09-25 23:20:59,E Fordham Rd & Webster Ave,8582,Grand Concourse & E 199 St,8703.0,40.861748,-73.89105,40.87142,-73.88839,casual,1
273,3193695,25D8038BFC7024D4,electric_bike,2021-09-03 21:32:43,2021-09-03 21:35:20,Paul Ave & W 205 St,8782,Grand Concourse & E 199 St,8703.0,40.87704,-73.88943,40.87142,-73.88839,member,1
274,3193829,84A567C7467F9A96,classic_bike,2021-09-19 14:20:22,2021-09-19 14:37:19,Grand Concourse & E 203 St,8734,Grand Concourse & E 199 St,8703.0,40.87382,-73.88661,40.87142,-73.88839,member,1
275,3194254,43755ABD22867894,electric_bike,2021-09-09 16:18:17,2021-09-09 16:40:05,Decatur Ave & Oliver Pl,8631,Grand Concourse & E 199 St,8703.0,40.867,-73.8857764,40.87142,-73.88839,casual,1
276,3194363,C17A4712CA4FA698,electric_bike,2021-09-19 18:09:41,2021-09-19 18:43:55,E 85 St & 3 Ave,7212,Grand Concourse & E 199 St,8703.0,40.77801203,-73.95407149,40.87142,-73.88839,member,1
277,3194396,A13E917AF0681BCB,classic_bike,2021-09-29 01:45:12,2021-09-29 01:52:19,Botanical Sq & Webster Ave,8646,Grand Concourse & E 199 St,8703.0,40.86814,-73.88145,40.87142,-73.88839,member,1
278,3194408,6EB29EF054692DDC,electric_bike,2021-09-01 01:48:22,2021-09-01 01:53:21,Botanical Sq & Webster Ave,8646,Grand Concourse & E 199 St,8703.0,40.86814,-73.88145,40.87142,-73.88839,member,1
279,3194865,F64CD5B7A0C73B75,electric_bike,2021-09-29 21:48:23,2021-09-29 21:53:39,W Mosholu Pkwy S & Sedgwick Ave,8841,Grand Concourse & E 199 St,8703.0,40.88226,-73.88702,40.87142,-73.88839,member,1
280,3194873,FB013CC80EB06EC8,electric_bike,2021-09-19 21:43:19,2021-09-19 21:47:52,W Mosholu Pkwy S & Sedgwick Ave,8841,Grand Concourse & E 199 St,8703.0,40.88226,-73.88702,40.87142,-73.88839,member,1
281,3195222,6048681EE293900B,classic_bike,2021-09-14 16:07:07,2021-09-14 16:09:28,Grand Concourse & E 199 St,8703,Grand Concourse & E 199 St,8703.0,40.87142,-73.88839,40.87142,-73.88839,casual,0
282,3195394,42FA006AFE95E20C,classic_bike,2021-09-17 21:40:00,2021-09-17 23:15:08,Grand Concourse & E 199 St,8703,Grand Concourse & E 199 St,8703.0,40.87142,-73.88839,40.87142,-73.88839,casual,0
283,3195467,0A9052283BA589A4,classic_bike,2021-09-14 17:57:39,2021-09-14 18:24:12,Grand Concourse & E 199 St,8703,Grand Concourse & E 199 St,8703.0,40.87142,-73.88839,40.87142,-73.88839,casual,0
284,3195721,5B962A1EE73A99F8,electric_bike,2021-09-21 14:22:02,2021-09-21 14:43:43,Grand Concourse & E 199 St,8703,Grand Concourse & E 199 St,8703.0,40.87142,-73.88839,40.87142,-73.88839,member,0
285,3195765,646BBC82D5C77BC2,classic_bike,2021-09-03 14:39:55,2021-09-03 14:40:32,Grand Concourse & E 199 St,8703,Grand Concourse & E 199 St,8703.0,40.87142,-73.88839,40.87142,-73.88839,casual,0
286,3195866,DE8CBCF740EEA826,electric_bike,2021-09-17 02:18:40,2021-09-17 02:30:28,Grand Concourse & E 199 St,8703,Grand Concourse & E 199 St,8703.0,40.87142,-73.88839,40.87142,-73.88839,member,0
287,3195905,E3538D751AD15188,electric_bike,2021-09-05 10:52:49,2021-09-05 11:26:20,Grand Concourse & E 199 St,8703,Grand Concourse & E 199 St,8703.0,40.87142,-73.88839,40.87142,-73.88839,casual,0
288,3196684,64F1C60FC9EDBC93,classic_bike,2021-09-16 20:09:34,2021-09-16 20:14:04,E Mosholu Pkwy & E 204 St,8748,Grand Concourse & E 199 St,8703.0,40.8740704,-73.8833650931,40.87142,-73.88839,casual,1
289,3196991,EA3C15D2805B4F43,electric_bike,2021-09-18 11:43:59,2021-09-18 11:49:39,Aqueduct Ave & W 190 St,8605,Grand Concourse & E 199 St,8703.0,40.8649213,-73.9024238,40.87142,-73.88839,casual,1
290,3197021,1B42219D38F3B2E6,classic_bike,2021-09-02 09:35:34,2021-09-02 09:41:07,Jerome Ave & E Mosholu Parkway S,8795,Grand Concourse & E 199 St,8703.0,40.87935,-73.88534,40.87142,-73.88839,member,1
291,3197259,597A959722EF877C,electric_bike,2021-09-14 21:10:58,2021-09-14 21:41:50,W 155 St & Frederick Douglass Blvd,8065,Grand Concourse & E 199 St,8703.0,40.82923,-73.936996,40.87142,-73.88839,casual,1
292,3197738,3EC19619F8C90DC2,electric_bike,2021-09-12 18:45:16,2021-09-12 18:50:02,Decatur Ave & Bedford Park Blvd,8664,Grand Concourse & E 199 St,8703.0,40.86813,-73.88412,40.87142,-73.88839,casual,1
293,3197766,B3E80BB5CF5FFF29,electric_bike,2021-09-23 18:30:22,2021-09-23 18:42:56,Decatur Ave & Bedford Park Blvd,8664,Grand Concourse & E 199 St,8703.0,40.86813,-73.88412,40.87142,-73.88839,member,1
294,3197822,C12BCBEACCEC167E,classic_bike,2021-09-15 18:40:25,2021-09-15 18:44:27,Decatur Ave & Bedford Park Blvd,8664,Grand Concourse & E 199 St,8703.0,40.86813,-73.88412,40.87142,-73.88839,member,1
295,3197830,3B5A95639CF97129,electric_bike,2021-09-01 05:02:04,2021-09-01 05:04:23,Decatur Ave & Bedford Park Blvd,8664,Grand Concourse & E 199 St,8703.0,40.86813,-73.88412,40.87142,-73.88839,member,1
296,3197863,DE6EB6A1DED242D0,electric_bike,2021-09-23 02:03:54,2021-09-23 02:07:33,Decatur Ave & Bedford Park Blvd,8664,Grand Concourse & E 199 St,8703.0,40.86813,-73.88412,40.87142,-73.88839,member,1
297,3198000,9F36D7E595BC3E2F,electric_bike,2021-09-17 23:58:19,2021-09-18 00:30:31,Paul Ave & W 205 St,8782,Grand Concourse & E 199 St,8703.0,40.87704,-73.88943,40.87142,-73.88839,casual,1
298,3198059,356568B36E9B24CB,electric_bike,2021-09-02 17:08:32,2021-09-02 17:11:30,Marion Ave & Mosholu Pkwy,8699,Grand Concourse & E 199 St,8703.0,40.8704956,-73.8818756582,40.87142,-73.88839,member,1
299,3198104,C1AEFDB0303A6152,electric_bike,2021-09-21 22:11:05,2021-09-21 22:13:56,Bedford Park Blvd & Paul Ave,8752,Grand Concourse & E 199 St,8703.0,40.87444,-73.89186,40.87142,-73.88839,casual,1
300,3198115,BAD8C24C2C14E457,electric_bike,2021-09-23 15:46:49,2021-09-23 15:50:03,Bedford Park Blvd & Paul Ave,8752,Grand Concourse & E 199 St,8703.0,40.87444,-73.89186,40.87142,-73.88839,member,1
301,3198172,511866001504062B,electric_bike,2021-09-18 16:49:36,2021-09-18 16:51:45,Bedford Park Blvd & Paul Ave,8752,Grand Concourse & E 199 St,8703.0,40.87444,-73.89186,40.87142,-73.88839,member,1
302,3198386,BD18C6F379505C51,electric_bike,2021-09-26 23:05:51,2021-09-26 23:33:27,Isham St & Broadway,8665,Grand Concourse & E 199 St,8703.0,40.86788,-73.919685,40.87142,-73.88839,casual,1
303,3198490,A793FE6925AA4D20,classic_bike,2021-09-29 19:03:01,2021-09-29 19:24:42,Jerome Ave & Bedford Park Blvd E,8734,Grand Concourse & E 199 St,8703.0,40.87307,-73.88971,40.87142,-73.88839,casual,1
304,3198809,E583E4054E959B2B,electric_bike,2021-09-12 07:58:46,2021-09-12 08:58:35,3 Ave & E 62 St,6762,Grand Concourse & E 199 St,8703.0,40.76312584,-73.96526895,40.87142,-73.88839,casual,1
305,3198928,11AA43B0FDDE04FB,electric_bike,2021-09-18 01:58:29,2021-09-18 03:01:33,W 190 St & Broadway,8474,Grand Concourse & E 199 St,8703.0,40.85648733523576,-73.93296986818314,40.87142,-73.88839,casual,1
306,3199177,709B0C567241480E,electric_bike,2021-09-23 10:08:20,2021-09-23 10:12:30,Goulden Ave & W 205 St,8799,Grand Concourse & E 199 St,8703.0,40.87812,-73.89192,40.87142,-73.88839,member,1
307,3199178,5B7DF7C9DC2B0024,classic_bike,2021-09-26 03:53:31,2021-09-26 03:58:44,Goulden Ave & W 205 St,8799,Grand Concourse & E 199 St,8703.0,40.87812,-73.89192,40.87142,-73.88839,member,1
308,3199218,F2D6877D026CF7C1,classic_bike,2021-09-27 21:32:33,2021-09-27 21:38:49,Goulden Ave & W 205 St,8799,Grand Concourse & E 199 St,8703.0,40.87812,-73.89192,40.87142,-73.88839,casual,1
309,3199375,93EC16E64C1A30E3,electric_bike,2021-09-26 22:23:32,2021-09-26 22:30:04,E Fordham Rd & Webster Ave,8582,Grand Concourse & E 199 St,8703.0,40.861748,-73.89105,40.87142,-73.88839,casual,1
310,3199379,8AC08928DB773490,classic_bike,2021-09-17 05:42:44,2021-09-17 05:54:43,E Fordham Rd & Webster Ave,8582,Grand Concourse & E 199 St,8703.0,40.861748,-73.89105,40.87142,-73.88839,casual,1
311,3199444,AD719D7A7B0F7338,electric_bike,2021-09-15 09:48:19,2021-09-15 09:52:21,Grand Concourse & E Mosholu Pkwy S,8795,Grand Concourse & E 199 St,8703.0,40.877964,-73.8847550291,40.87142,-73.88839,casual,1
312,3199472,41CF01F9944510F1,electric_bike,2021-09-23 15:44:22,2021-09-23 15:50:42,E Fordham Rd & Webster Ave,8582,Grand Concourse & E 199 St,8703.0,40.861748,-73.89105,40.87142,-73.88839,casual,1
313,3199500,F412F18779E2407E,electric_bike,2021-09-29 21:31:07,2021-09-29 21:34:16,Grand Concourse & E Mosholu Pkwy S,8795,Grand Concourse & E 199 St,8703.0,40.877964,-73.8847550291,40.87142,-73.88839,casual,1
314,3199827,C241D0352E3627BC,electric_bike,2021-09-11 22:40:50,2021-09-11 23:08:02,Amsterdam Ave & W 186 St,8394,Grand Concourse & E 199 St,8703.0,40.851113,-73.928808,40.87142,-73.88839,casual,1
315,3199848,96976ABBF72E63A9,electric_bike,2021-09-27 23:13:50,2021-09-27 23:35:23,River Ave & McClellan St,8111,Grand Concourse & E 199 St,8703.0,40.83406,-73.92243,40.87142,-73.88839,casual,1
316,3199880,E71A1D5E90FE448B,classic_bike,2021-09-04 05:02:56,2021-09-04 05:17:30,Grand Concourse & E 175 St,8303,Grand Concourse & E 199 St,8703.0,40.846221,-73.909232,40.87142,-73.88839,casual,1
317,3200228,3ACC79245BA8B269,electric_bike,2021-09-06 02:31:17,2021-09-06 02:57:39,Jerome Ave & Bedford Park Blvd E,8734,Grand Concourse & E 199 St,8703.0,40.87307,-73.88971,40.87142,-73.88839,casual,1
318,3200334,778608E393A22C5A,electric_bike,2021-09-24 15:10:06,2021-09-24 15:45:52,E Mosholu Pkwy & Van Cortlandt Ave E,8778,Grand Concourse & E 199 St,8703.0,40.87656,-73.88366,40.87142,-73.88839,member,1
319,3200377,509BFDA7C2E37028,classic_bike,2021-09-06 02:58:02,2021-09-06 03:04:57,Goulden Ave & W 205 St,8799,Grand Concourse & E 199 St,8703.0,40.87812,-73.89192,40.87142,-73.88839,member,1
320,3200746,052E9792DD7342FC,electric_bike,2021-09-19 16:34:44,2021-09-19 16:53:15,Fulton Ave & E 172 St,8186,Grand Concourse & E 199 St,8703.0,40.839229,-73.899047,40.87142,-73.88839,member,1
321,3200795,38599368810EE93A,classic_bike,2021-09-11 16:38:31,2021-09-11 16:44:01,Jerome Ave & W 195 St,8653,Grand Concourse & E 199 St,8703.0,40.86874,-73.89657,40.87142,-73.88839,member,1
322,3200798,7DDC1F74C1129B93,electric_bike,2021-09-20 08:36:32,2021-09-20 09:30:47,Jerome Ave & W 195 St,8653,Grand Concourse & E 199 St,8703.0,40.86874,-73.89657,40.87142,-73.88839,casual,1
323,3201038,4031202DE9C150A4,classic_bike,2021-09-04 17:54:10,2021-09-04 17:58:14,Decatur Ave & Bedford Park Blvd,8664,Grand Concourse & E 199 St,8703.0,40.86813,-73.88412,40.87142,-73.88839,member,1
324,3201046,DC3BF608C9589545,classic_bike,2021-09-12 17:34:25,2021-09-12 17:42:45,Decatur Ave & Bedford Park Blvd,8664,Grand Concourse & E 199 St,8703.0,40.86813,-73.88412,40.87142,-73.88839,casual,1
325,3201595,50A28A4AAD05CAC8,electric_bike,2021-09-29 17:42:44,2021-09-29 17:48:11,Bainbridge Ave & E 196 St,8615,Grand Concourse & E 199 St,8703.0,40.86648,-73.89042,40.87142,-73.88839,casual,1
326,3201786,48BE4A40E516A253,classic_bike,2021-09-10 20:58:34,2021-09-10 20:58:37,Grand Concourse & E 199 St,8703,Grand Concourse & E 199 St,8703.0,40.87142,-73.88839,40.87142,-73.88839,casual,0
327,3201796,72A4EBB2EA132190,electric_bike,2021-09-02 22:37:17,2021-09-02 23:40:07,Grand Concourse & E 199 St,8703,Grand Concourse & E 199 St,8703.0,40.87142,-73.88839,40.87142,-73.88839,casual,0
328,3201911,883CF6A7A8047B06,electric_bike,2021-09-09 19:56:17,2021-09-09 20:06:35,Grand Concourse & E 199 St,8703,Grand Concourse & E 199 St,8703.0,40.87142,-73.88839,40.87142,-73.88839,casual,0
329,3201977,E4BD82395168EE45,electric_bike,2021-09-15 01:07:13,2021-09-15 01:57:08,Grand Concourse & E 199 St,8703,Grand Concourse & E 199 St,8703.0,40.87142,-73.88839,40.87142,-73.88839,member,0
330,3202020,C8C3C09C4CED6EEB,electric_bike,2021-09-02 17:47:52,2021-09-02 17:49:20,Grand Concourse & E 199 St,8703,Grand Concourse & E 199 St,8703.0,40.87142,-73.88839,40.87142,-73.88839,casual,0
331,3202208,874370D87A0A178F,classic_bike,2021-09-26 17:03:09,2021-09-26 17:19:28,Bainbridge Ave & E 198 St,8649,Grand Concourse & E 199 St,8703.0,40.8684871,-73.8884559781,40.87142,-73.88839,member,1
332,3202716,D9BC3AC5FA7376CF,electric_bike,2021-09-30 10:23:54,2021-09-30 10:28:43,Jerome Ave & W 195 St,8653,Grand Concourse & E 199 St,8703.0,40.86874,-73.89657,40.87142,-73.88839,member,1
333,3202733,D49FCF962F7C3012,classic_bike,2021-09-04 15:08:30,2021-09-04 15:13:48,W Mosholu Pkwy S & Sedgwick Ave,8841,Grand Concourse & E 199 St,8703.0,40.88226,-73.88702,40.87142,-73.88839,member,1
334,3202796,A7AF22AE1DE7D7D1,classic_bike,2021-09-15 18:51:36,2021-09-15 19:14:58,W Mosholu Pkwy S & Sedgwick Ave,8841,Grand Concourse & E 199 St,8703.0,40.88226,-73.88702,40.87142,-73.88839,member,1
335,3203120,3AD3364008EE9F0D,electric_bike,2021-09-09 23:55:12,2021-09-10 00:08:47,Featherbed Ln & Jerome Ave,8285,Grand Concourse & E 199 St,8703.0,40.845505,-73.914311,40.87142,-73.88839,casual,1
336,3203344,F635EB0353AE1211,electric_bike,2021-09-09 18:55:02,2021-09-09 18:59:13,Marion Ave & Mosholu Pkwy,8699,Grand Concourse & E 199 St,8703.0,40.8704956,-73.8818756582,40.87142,-73.88839,member,1
337,3203353,E3C5DBE04032193E,electric_bike,2021-09-18 11:25:21,2021-09-18 11:34:11,Valentine Ave & E 183 St,8472,Grand Concourse & E 199 St,8703.0,40.856987,-73.898237,40.87142,-73.88839,casual,1
338,3203475,86337B8663FF0C74,electric_bike,2021-09-06 07:26:38,2021-09-06 08:37:10,Queens Plaza North & Crescent St,6429,Grand Concourse & E 199 St,8703.0,40.75110165,-73.94073717,40.87142,-73.88839,casual,1
339,3203811,398E5B272A3A38F2,classic_bike,2021-09-17 18:28:03,2021-09-17 18:32:33,Decatur Ave & Bedford Park Blvd,8664,Grand Concourse & E 199 St,8703.0,40.86813,-73.88412,40.87142,-73.88839,member,1
340,3204315,468E445A540ADEF6,electric_bike,2021-09-10 14:43:19,2021-09-10 15:27:29,W 100 St & Broadway,7580,Grand Concourse & E 199 St,8703.0,40.7973721,-73.97041192,40.87142,-73.88839,member,1
341,3204678,DFCE072454AF1B26,electric_bike,2021-09-09 16:07:48,2021-09-09 16:09:42,Jerome Ave & Bedford Park Blvd E,8734,Grand Concourse & E 199 St,8703.0,40.87307,-73.88971,40.87142,-73.88839,member,1
342,3204681,CFD18508829C1096,classic_bike,2021-09-23 23:23:01,2021-09-23 23:25:17,Jerome Ave & Bedford Park Blvd E,8734,Grand Concourse & E 199 St,8703.0,40.87307,-73.88971,40.87142,-73.88839,casual,1
343,3204736,8F2B2FAA798D9ED5,classic_bike,2021-09-13 00:12:36,2021-09-13 00:22:48,Jerome Ave & Bedford Park Blvd E,8734,Grand Concourse & E 199 St,8703.0,40.87307,-73.88971,40.87142,-73.88839,casual,1
344,3204737,A3EBE8C5C4BD3E9B,classic_bike,2021-09-01 01:06:58,2021-09-01 01:09:21,Jerome Ave & Bedford Park Blvd E,8734,Grand Concourse & E 199 St,8703.0,40.87307,-73.88971,40.87142,-73.88839,member,1
345,3204768,75D2064260EED755,classic_bike,2021-09-19 02:35:59,2021-09-19 02:38:58,Jerome Ave & Bedford Park Blvd E,8734,Grand Concourse & E 199 St,8703.0,40.87307,-73.88971,40.87142,-73.88839,casual,1
346,3204770,D1D6C8372B3A4C6C,electric_bike,2021-09-05 22:57:06,2021-09-05 23:01:39,Jerome Ave & Bedford Park Blvd E,8734,Grand Concourse & E 199 St,8703.0,40.87307,-73.88971,40.87142,-73.88839,casual,1
347,3205108,F7CCCB27E9B44E7C,classic_bike,2021-09-04 15:25:00,2021-09-04 15:34:48,Goulden Ave & W 197 St,8707,Grand Concourse & E 199 St,8703.0,40.87156,-73.89714,40.87142,-73.88839,member,1
348,3205355,C09AF2D12D26CC1F,electric_bike,2021-09-26 02:17:05,2021-09-26 02:20:41,Goulden Ave & W 205 St,8799,Grand Concourse & E 199 St,8703.0,40.87812,-73.89192,40.87142,-73.88839,casual,1
349,3205832,572252D25F96CCC0,electric_bike,2021-09-09 16:41:08,2021-09-09 17:23:41,Jerome Ave & Bedford Park Blvd E,8734,Grand Concourse & E 199 St,8703.0,40.87307,-73.88971,40.87142,-73.88839,member,1
350,3205895,B7013F6BA31B067A,classic_bike,2021-09-25 01:17:35,2021-09-25 01:20:18,Jerome Ave & Bedford Park Blvd E,8734,Grand Concourse & E 199 St,8703.0,40.87307,-73.88971,40.87142,-73.88839,casual,1
351,3205926,58B8ADD04D343B86,classic_bike,2021-09-05 22:56:45,2021-09-05 23:01:17,Jerome Ave & Bedford Park Blvd E,8734,Grand Concourse & E 199 St,8703.0,40.87307,-73.88971,40.87142,-73.88839,casual,1
352,3206183,068272FF7C2D5DFF,classic_bike,2021-09-06 17:09:17,2021-09-06 17:37:01,Gerard Ave & E 164 St,8077,Grand Concourse & E 199 St,8703.0,40.830262,-73.923391,40.87142,-73.88839,member,1
353,3206419,635799409E1A9D76,classic_bike,2021-09-10 17:18:29,2021-09-10 17:56:58,Grand Concourse & E 196 St,8635,Grand Concourse & E 199 St,8703.0,40.86767,-73.89286,40.87142,-73.88839,casual,1
354,3206836,10DB75B2D42EF191,electric_bike,2021-09-18 23:23:12,2021-09-18 23:28:00,E Fordham Rd & Webster Ave,8582,Grand Concourse & E 199 St,8703.0,40.861748,-73.89105,40.87142,-73.88839,casual,1
355,3206951,8C21F471E2E501CF,classic_bike,2021-09-25 20:48:19,2021-09-25 21:07:09,Grand Concourse & E 175 St,8303,Grand Concourse & E 199 St,8703.0,40.846221,-73.909232,40.87142,-73.88839,casual,1
356,3207182,E0462D556FC6BF41,electric_bike,2021-09-27 13:46:59,2021-09-27 13:53:45,E 188 St & Creston Ave,8566,Grand Concourse & E 199 St,8703.0,40.861669,-73.898589,40.87142,-73.88839,casual,1
357,3207485,F1D3CAD9DBEBFBEE,classic_bike,2021-09-30 09:07:54,2021-09-30 09:13:58,Goulden Ave & W 205 St,8799,Grand Concourse & E 199 St,8703.0,40.87812,-73.89192,40.87142,-73.88839,member,1
358,3207736,4346795DBA5E9B54,electric_bike,2021-09-18 10:49:22,2021-09-18 11:23:17,Grand Concourse & E 203 St,8734,Grand Concourse & E 199 St,8703.0,40.87382,-73.88661,40.87142,-73.88839,member,1
359,3207916,8A7F46202FE14EC9,classic_bike,2021-09-22 13:44:13,2021-09-22 13:46:33,Bainbridge Ave & E 198 St,8649,Grand Concourse & E 199 St,8703.0,40.8684871,-73.8884559781,40.87142,-73.88839,member,1
360,3208034,E66FF30BF1157B43,electric_bike,2021-09-17 17:14:00,2021-09-17 17:18:48,E Mosholu Pkwy & Van Cortlandt Ave E,8778,Grand Concourse & E 199 St,8703.0,40.87656,-73.88366,40.87142,-73.88839,member,1
361,3208197,BA73EA2CC76C818D,electric_bike,2021-09-13 13:06:46,2021-09-13 13:13:54,E Fordham Rd & Webster Ave,8582,Grand Concourse & E 199 St,8703.0,40.861748,-73.89105,40.87142,-73.88839,casual,1
362,3208213,4FDFD3CC2980F1B8,electric_bike,2021-09-16 21:39:15,2021-09-16 22:10:09,E 201 St & Briggs Ave,8717,Grand Concourse & E 199 St,8703.0,40.87207,-73.88459,40.87142,-73.88839,casual,1
363,3208244,6B4DC71F64108B4A,electric_bike,2021-09-06 23:36:54,2021-09-07 00:18:53,E 201 St & Briggs Ave,8717,Grand Concourse & E 199 St,8703.0,40.87207,-73.88459,40.87142,-73.88839,casual,1
364,3208476,976949D20EB6D076,classic_bike,2021-09-02 11:37:59,2021-09-02 11:42:02,Grand Concourse & E 196 St,8635,Grand Concourse & E 199 St,8703.0,40.86767,-73.89286,40.87142,-73.88839,casual,1
365,3208582,4F53EDCF3B207D13,electric_bike,2021-09-29 17:01:14,2021-09-29 17:07:18,Bainbridge Ave & Bedford Park Blvd,8682,Grand Concourse & E 199 St,8703.0,40.87002,-73.88565,40.87142,-73.88839,member,1
366,3208747,F636BE350FA6CD19,electric_bike,2021-09-08 13:18:11,2021-09-08 13:22:38,Grand Concourse & E 192 St,8601,Grand Concourse & E 199 St,8703.0,40.86448,-73.89522,40.87142,-73.88839,casual,1
367,3208781,DA7BF97308C14580,classic_bike,2021-09-27 18:59:10,2021-09-27 19:03:42,Grand Concourse & E 192 St,8601,Grand Concourse & E 199 St,8703.0,40.86448,-73.89522,40.87142,-73.88839,casual,1
368,3208784,2DC0111E08AC9ED9,classic_bike,2021-09-27 18:59:01,2021-09-27 19:03:36,Grand Concourse & E 192 St,8601,Grand Concourse & E 199 St,8703.0,40.86448,-73.89522,40.87142,-73.88839,casual,1
369,3208790,30FFB88E95E04B19,electric_bike,2021-09-01 13:15:26,2021-09-01 13:19:20,Grand Concourse & E 192 St,8601,Grand Concourse & E 199 St,8703.0,40.86448,-73.89522,40.87142,-73.88839,casual,1
370,3208791,E23C0D509FFD83C2,classic_bike,2021-09-29 21:33:40,2021-09-29 21:38:25,Grand Concourse & E 192 St,8601,Grand Concourse & E 199 St,8703.0,40.86448,-73.89522,40.87142,-73.88839,member,1
371,3208826,FEB97625401E7477,electric_bike,2021-09-02 16:41:30,2021-09-02 16:45:30,Grand Concourse & E 192 St,8601,Grand Concourse & E 199 St,8703.0,40.86448,-73.89522,40.87142,-73.88839,casual,1
372,3208847,D62801AD00449403,electric_bike,2021-09-13 14:22:36,2021-09-13 14:27:05,Grand Concourse & E 192 St,8601,Grand Concourse & E 199 St,8703.0,40.86448,-73.89522,40.87142,-73.88839,casual,1
373,3208860,167E652C4CE23C32,electric_bike,2021-09-29 13:14:05,2021-09-29 13:17:21,Grand Concourse & E 192 St,8601,Grand Concourse & E 199 St,8703.0,40.86448,-73.89522,40.87142,-73.88839,casual,1
374,3208872,C2D75F8E7C6BA66C,electric_bike,2021-09-22 14:41:12,2021-09-22 14:45:42,Grand Concourse & E 192 St,8601,Grand Concourse & E 199 St,8703.0,40.86448,-73.89522,40.87142,-73.88839,casual,1
375,3208913,8F9312557324AEAD,electric_bike,2021-09-03 14:39:07,2021-09-03 14:44:34,Grand Concourse & E 192 St,8601,Grand Concourse & E 199 St,8703.0,40.86448,-73.89522,40.87142,-73.88839,casual,1
376,3209350,297CF4C0C25E54C4,electric_bike,2021-09-23 05:00:34,2021-09-23 05:03:48,Decatur Ave & Oliver Pl,8631,Grand Concourse & E 199 St,8703.0,40.867,-73.8857764,40.87142,-73.88839,member,1
377,3209868,05A2CE20CE9AB758,electric_bike,2021-09-19 23:20:15,2021-09-20 00:04:40,Seaman Ave & Beak St,8650,Grand Concourse & E 199 St,8703.0,40.867505,-73.926363,40.87142,-73.88839,casual,1
378,3209887,476323BD212A840A,classic_bike,2021-09-28 22:23:11,2021-09-28 22:32:43,Botanical Sq & Webster Ave,8646,Grand Concourse & E 199 St,8703.0,40.86814,-73.88145,40.87142,-73.88839,casual,1
379,3210020,ED0EC36ED6798AD4,electric_bike,2021-09-01 01:35:35,2021-09-01 01:39:23,Botanical Sq & Webster Ave,8646,Grand Concourse & E 199 St,8703.0,40.86814,-73.88145,40.87142,-73.88839,member,1
380,3210281,37A8BFBB1EBA9B58,electric_bike,2021-09-28 21:35:03,2021-09-28 21:38:26,E Mosholu Pkwy & Van Cortlandt Ave E,8778,Grand Concourse & E 199 St,8703.0,40.87656,-73.88366,40.87142,-73.88839,casual,1
381,3210383,4A7D8BD475A8D5FA,electric_bike,2021-09-03 07:28:33,2021-09-03 07:38:21,W Mosholu Pkwy S & Sedgwick Ave,8841,Grand Concourse & E 199 St,8703.0,40.88226,-73.88702,40.87142,-73.88839,member,1
382,3210392,BFA79E0819F18C69,classic_bike,2021-09-07 19:41:56,2021-09-07 20:06:46,W Mosholu Pkwy S & Sedgwick Ave,8841,Grand Concourse & E 199 St,8703.0,40.88226,-73.88702,40.87142,-73.88839,casual,1
383,3210551,A5232955E1740D33,electric_bike,2021-09-15 01:03:47,2021-09-15 01:06:53,Grand Concourse & E 192 St,8601,Grand Concourse & E 199 St,8703.0,40.86448,-73.89522,40.87142,-73.88839,member,1
384,3210727,B70FFA3CC0F9DA03,electric_bike,2021-09-02 15:04:30,2021-09-02 15:08:42,Paul Ave & Mosholu Pkwy,8811,Grand Concourse & E 199 St,8703.0,40.8802945,-73.8860653648,40.87142,-73.88839,member,1
385,3211134,80DF91E510DD930E,electric_bike,2021-09-24 15:55:18,2021-09-24 16:14:30,E Burnside Ave & Ryer Ave,8397,Grand Concourse & E 199 St,8703.0,40.850535,-73.901318,40.87142,-73.88839,casual,1
386,3211138,421BD0B4D91786A8,classic_bike,2021-09-29 15:31:27,2021-09-29 16:07:11,E 149 St & Park Ave,7884,Grand Concourse & E 199 St,8703.0,40.818154,-73.925294,40.87142,-73.88839,member,1
387,3211609,B84733FAD38618FE,electric_bike,2021-09-23 07:30:29,2021-09-23 08:38:16,Queens Plaza North & Crescent St,6429,Grand Concourse & E 199 St,8703.0,40.75110165,-73.94073717,40.87142,-73.88839,casual,1
388,3211695,D2F503902907FAF6,electric_bike,2021-09-25 23:19:34,2021-09-25 23:44:57,Seaman Ave & Beak St,8650,Grand Concourse & E 199 St,8703.0,40.867505,-73.926363,40.87142,-73.88839,casual,1
389,3211779,79B841A6013765B1,electric_bike,2021-09-28 01:46:18,2021-09-28 01:51:55,Botanical Sq & Webster Ave,8646,Grand Concourse & E 199 St,8703.0,40.86814,-73.88145,40.87142,-73.88839,member,1
390,3212109,5C910D7DBD2CB94E,electric_bike,2021-09-30 23:36:14,2021-10-01 00:00:38,Grand Concourse & E 156 St,7984,Grand Concourse & E 199 St,8703.0,40.823429,-73.924689,40.87142,-73.88839,casual,1
391,3212489,C08518A42AC119F9,electric_bike,2021-09-02 21:06:55,2021-09-02 21:27:39,Boone Ave & E 172 St,8110,Grand Concourse & E 199 St,8703.0,40.832649,-73.885272,40.87142,-73.88839,casual,1
392,3212593,5296948B88CBF31A,electric_bike,2021-09-11 20:04:15,2021-09-11 20:17:03,E Burnside Ave & Ryer Ave,8397,Grand Concourse & E 199 St,8703.0,40.850535,-73.901318,40.87142,-73.88839,casual,1
393,3212659,A1BD1EAD95AE5EB1,electric_bike,2021-09-17 18:46:53,2021-09-17 18:50:22,Jerome Ave & E Mosholu Parkway S,8795,Grand Concourse & E 199 St,8703.0,40.87935,-73.88534,40.87142,-73.88839,casual,1
394,3212664,538D9600BC38B355,classic_bike,2021-09-17 09:50:43,2021-09-17 09:56:46,Jerome Ave & E Mosholu Parkway S,8795,Grand Concourse & E 199 St,8703.0,40.87935,-73.88534,40.87142,-73.88839,member,1
395,3212666,2F7454CCFA0D489D,electric_bike,2021-09-16 07:29:56,2021-09-16 08:31:33,28 St & 41 Ave,6462,Grand Concourse & E 199 St,8703.0,40.751047,-73.93797,40.87142,-73.88839,casual,1
396,3212850,5B4EFA9EF9D100A2,electric_bike,2021-09-20 00:25:48,2021-09-20 00:31:31,Goulden Ave & W 197 St,8707,Grand Concourse & E 199 St,8703.0,40.87156,-73.89714,40.87142,-73.88839,casual,1
397,3212854,A57D433C7A66C3E9,classic_bike,2021-09-11 22:43:47,2021-09-11 22:49:12,Goulden Ave & W 205 St,8799,Grand Concourse & E 199 St,8703.0,40.87812,-73.89192,40.87142,-73.88839,member,1
398,3213021,E220C90568639465,classic_bike,2021-09-22 10:42:52,2021-09-22 10:47:11,Bedford Park Blvd & Paul Ave,8752,Grand Concourse & E 199 St,8703.0,40.87444,-73.89186,40.87142,-73.88839,member,1
399,3213173,2776C83ADCFED136,electric_bike,2021-09-16 20:42:44,2021-09-16 20:48:36,Jerome Ave & E Mosholu Parkway S,8795,Grand Concourse & E 199 St,8703.0,40.87935,-73.88534,40.87142,-73.88839,member,1
400,3213202,1F70E0E28998A6B7,electric_bike,2021-09-17 15:20:49,2021-09-17 15:26:47,Decatur Ave & E 197 St,8597,Grand Concourse & E 199 St,8703.0,40.86557,-73.88807,40.87142,-73.88839,member,1
401,3213576,DC616C7B8CDA45A5,electric_bike,2021-09-22 12:00:56,2021-09-22 12:24:51,Andrew Ave N & Hall of Fame Tce,8520,Grand Concourse & E 199 St,8703.0,40.85834,-73.91008,40.87142,-73.88839,casual,1
402,3213587,331D680983512DF9,electric_bike,2021-09-05 10:07:18,2021-09-05 10:32:40,River Ave & E 153 St,8005,Grand Concourse & E 199 St,8703.0,40.82441,-73.92818,40.87142,-73.88839,casual,1
403,3213589,D826ABF409B0F998,electric_bike,2021-09-07 04:59:43,2021-09-07 05:08:51,Grand Ave & W 181 St,8500,Grand Concourse & E 199 St,8703.0,40.856302,-73.907302,40.87142,-73.88839,casual,1
404,3213590,D8EA495AD2450091,electric_bike,2021-09-10 19:12:27,2021-09-10 19:23:57,E Fordham Rd & Webster Ave,8582,Grand Concourse & E 199 St,8703.0,40.861748,-73.89105,40.87142,-73.88839,casual,1
405,3213593,8B147C4CD20BF70C,electric_bike,2021-09-27 15:26:06,2021-09-27 15:33:20,E Fordham Rd & Webster Ave,8582,Grand Concourse & E 199 St,8703.0,40.861748,-73.89105,40.87142,-73.88839,member,1
406,3213598,94AE1263B2D21620,electric_bike,2021-09-13 15:26:12,2021-09-13 15:34:28,E Fordham Rd & Webster Ave,8582,Grand Concourse & E 199 St,8703.0,40.861748,-73.89105,40.87142,-73.88839,casual,1
407,3214124,794EC246E74EB46F,classic_bike,2021-09-05 01:23:24,2021-09-05 01:44:23,Bedford Park Blvd & Paul Ave,8752,Grand Concourse & E 199 St,8703.0,40.87444,-73.89186,40.87142,-73.88839,casual,1
408,3214387,D6B34E502C1AD685,electric_bike,2021-09-02 19:45:48,2021-09-02 19:49:23,Bainbridge Ave & Bedford Park Blvd,8682,Grand Concourse & E 199 St,8703.0,40.87002,-73.88565,40.87142,-73.88839,casual,1
409,3214686,7F4375CA5FD3A1B2,electric_bike,2021-09-13 18:08:50,2021-09-13 18:16:56,E 188 St & Creston Ave,8566,Grand Concourse & E 199 St,8703.0,40.861669,-73.898589,40.87142,-73.88839,casual,1
410,3214921,C56A8FD42748495C,classic_bike,2021-09-24 21:19:57,2021-09-24 21:27:11,E 188 St & Creston Ave,8566,Grand Concourse & E 199 St,8703.0,40.861669,-73.898589,40.87142,-73.88839,member,1
411,3214948,3B0F33B445A772A6,electric_bike,2021-09-03 18:42:12,2021-09-03 18:55:37,E 188 St & Creston Ave,8566,Grand Concourse & E 199 St,8703.0,40.861669,-73.898589,40.87142,-73.88839,casual,1
412,3214965,14A27A1A3E27DB40,electric_bike,2021-09-07 16:43:24,2021-09-07 18:22:49,E 188 St & Creston Ave,8566,Grand Concourse & E 199 St,8703.0,40.861669,-73.898589,40.87142,-73.88839,casual,1
413,3215151,C4ECD67CCC229B8E,electric_bike,2021-09-28 12:25:56,2021-09-28 12:33:03,W 225 St & Exterior St,8711,Grand Concourse & E 199 St,8703.0,40.873265,-73.906646,40.87142,-73.88839,casual,1
414,3215325,9A9739B672CEFCEB,electric_bike,2021-09-10 01:50:51,2021-09-10 01:55:31,Botanical Sq & Webster Ave,8646,Grand Concourse & E 199 St,8703.0,40.86814,-73.88145,40.87142,-73.88839,member,1
415,3215346,1478FB7F37AF3FE5,electric_bike,2021-09-11 17:37:06,2021-09-11 17:40:46,Botanical Sq & Webster Ave,8646,Grand Concourse & E 199 St,8703.0,40.86814,-73.88145,40.87142,-73.88839,casual,1
416,3215371,91F919164C70411E,classic_bike,2021-09-05 17:16:28,2021-09-05 17:23:16,Jerome Ave & E Mosholu Parkway S,8795,Grand Concourse & E 199 St,8703.0,40.87935,-73.88534,40.87142,-73.88839,casual,1
417,3215372,6E2663A7A4D90BC9,electric_bike,2021-09-11 08:55:19,2021-09-11 10:45:23,28 St & 41 Ave,6462,Grand Concourse & E 199 St,8703.0,40.751047,-73.93797,40.87142,-73.88839,casual,1
418,3215447,37F60E9AE963AF82,classic_bike,2021-09-16 18:54:21,2021-09-16 19:07:39,Marion Ave & Mosholu Pkwy,8699,Grand Concourse & E 199 St,8703.0,40.8704956,-73.8818756582,40.87142,-73.88839,casual,1
419,3215597,B1C0AE890B37172B,classic_bike,2021-09-05 18:11:30,2021-09-05 18:32:42,Goulden Ave & W 205 St,8799,Grand Concourse & E 199 St,8703.0,40.87812,-73.89192,40.87142,-73.88839,member,1
420,3215604,2720FAFA4BE20EEF,electric_bike,2021-09-08 19:04:42,2021-09-08 19:07:10,Bedford Park Blvd & Paul Ave,8752,Grand Concourse & E 199 St,8703.0,40.87444,-73.89186,40.87142,-73.88839,member,1
421,3215605,CC60EA05B5D7B1B3,electric_bike,2021-09-21 14:12:56,2021-09-21 14:15:08,Bedford Park Blvd & Paul Ave,8752,Grand Concourse & E 199 St,8703.0,40.87444,-73.89186,40.87142,-73.88839,member,1
422,3215881,1A935FC60517F9BC,classic_bike,2021-09-16 18:58:46,2021-09-16 19:07:49,Marion Ave & Mosholu Pkwy,8699,Grand Concourse & E 199 St,8703.0,40.8704956,-73.8818756582,40.87142,-73.88839,casual,1
423,3215901,93FD43C35149DC5E,electric_bike,2021-09-06 15:26:38,2021-09-06 15:34:33,Tiebout Ave & E Fordham Road,8546,Grand Concourse & E 199 St,8703.0,40.861915,-73.894831,40.87142,-73.88839,casual,1
424,3215923,D2CC9B3E007F71EA,electric_bike,2021-09-02 22:24:08,2021-09-02 22:39:33,University Ave & Brandt Pl,8366,Grand Concourse & E 199 St,8703.0,40.848354,-73.918389,40.87142,-73.88839,member,1
425,3216064,F13665CB2D8E0F38,electric_bike,2021-09-26 19:38:56,2021-09-26 19:46:58,Botanical Sq & Webster Ave,8646,Grand Concourse & E 199 St,8703.0,40.86814,-73.88145,40.87142,-73.88839,member,1
426,3216297,35C88E57C30F521A,classic_bike,2021-09-07 12:28:58,2021-09-07 12:36:52,Jerome Ave & E Mosholu Parkway S,8795,Grand Concourse & E 199 St,8703.0,40.87935,-73.88534,40.87142,-73.88839,member,1
427,3216303,C38ECEF6A4F6D8DC,electric_bike,2021-09-24 15:52:49,2021-09-24 15:56:18,Decatur Ave & E 197 St,8597,Grand Concourse & E 199 St,8703.0,40.86557,-73.88807,40.87142,-73.88839,member,1
428,3216323,D41FD87F1B9EB4B4,electric_bike,2021-09-07 08:34:51,2021-09-07 09:42:46,28 St & 41 Ave,6462,Grand Concourse & E 199 St,8703.0,40.751047,-73.93797,40.87142,-73.88839,casual,1
429,3216360,91CF00864523038F,electric_bike,2021-09-21 20:12:27,2021-09-21 20:37:01,Jerome Ave & E Mosholu Parkway S,8795,Grand Concourse & E 199 St,8703.0,40.87935,-73.88534,40.87142,-73.88839,casual,1
430,3216562,64EB7912D0904FF0,classic_bike,2021-09-17 19:19:47,2021-09-17 19:22:59,Jerome Ave & E 198 St,8720,Grand Concourse & E 199 St,8703.0,40.87144520687118,-73.89289632439613,40.87142,-73.88839,member,1
431,3216589,E2819ABC34EB10C1,classic_bike,2021-09-21 22:17:39,2021-09-21 22:25:34,E 188 St & Creston Ave,8566,Grand Concourse & E 199 St,8703.0,40.861669,-73.898589,40.87142,-73.88839,casual,1
432,3216931,0BA4D0D1377DAACF,electric_bike,2021-09-18 21:38:48,2021-09-18 22:12:27,Grand Concourse & E 203 St,8734,Grand Concourse & E 199 St,8703.0,40.87382,-73.88661,40.87142,-73.88839,casual,1
433,3216945,54AC26419559D083,electric_bike,2021-09-08 21:53:19,2021-09-08 21:59:11,Jerome Ave & W 193 St,8619,Grand Concourse & E 199 St,8703.0,40.86659,-73.89794,40.87142,-73.88839,casual,1
434,3216946,9D9B285554F014B7,electric_bike,2021-09-04 14:32:10,2021-09-04 14:36:01,Jerome Ave & W 193 St,8619,Grand Concourse & E 199 St,8703.0,40.86659,-73.89794,40.87142,-73.88839,casual,1
435,3217267,C253DF21A9F9FA19,electric_bike,2021-09-08 01:46:23,2021-09-08 01:51:34,Botanical Sq & Webster Ave,8646,Grand Concourse & E 199 St,8703.0,40.86814,-73.88145,40.87142,-73.88839,member,1
436,3218737,D6B196359A63E173,electric_bike,2021-09-23 07:06:18,2021-09-23 07:10:33,Grand Concourse & E 199 St,8703,Goulden Ave & W 205 St,8799.0,40.87142,-73.88839,40.87812,-73.89192,member,-1
437,3218829,3A2427EE73A5DA94,classic_bike,2021-09-30 09:12:02,2021-09-30 09:15:43,Grand Concourse & E 199 St,8703,Goulden Ave & W 205 St,8799.0,40.87142,-73.88839,40.87812,-73.89192,member,-1
438,3220336,FC1052D9FCEF8F52,classic_bike,2021-09-15 19:23:11,2021-09-15 19:27:03,Grand Concourse & E 199 St,8703,Goulden Ave & W 205 St,8799.0,40.87142,-73.88839,40.87812,-73.89192,member,-1
439,3236495,A7DED251BC7F3292,electric_bike,2021-09-20 10:10:45,2021-09-20 10:14:47,Grand Concourse & E 199 St,8703,Goulden Ave & W 205 St,8799.0,40.87142,-73.88839,40.87812,-73.89192,member,-1
440,3236560,297530F5FD83D0A8,electric_bike,2021-09-18 16:54:57,2021-09-18 16:59:41,Grand Concourse & E 199 St,8703,Goulden Ave & W 205 St,8799.0,40.87142,-73.88839,40.87812,-73.89192,member,-1
441,3236572,6E812B8B4F170CC1,electric_bike,2021-09-26 10:09:23,2021-09-26 10:14:03,Grand Concourse & E 199 St,8703,Goulden Ave & W 205 St,8799.0,40.87142,-73.88839,40.87812,-73.89192,casual,-1
442,3238716,DDD7C45A046E2F99,classic_bike,2021-09-02 06:13:06,2021-09-02 06:21:52,Grand Concourse & E 199 St,8703,Goulden Ave & W 205 St,8799.0,40.87142,-73.88839,40.87812,-73.89192,member,-1
443,3238946,C097ED3FD33CACB3,classic_bike,2021-09-11 21:33:57,2021-09-11 21:52:43,Grand Concourse & E 199 St,8703,Goulden Ave & W 205 St,8799.0,40.87142,-73.88839,40.87812,-73.89192,member,-1
444,3240866,923A165AFFEDCCF9,classic_bike,2021-09-17 08:14:36,2021-09-17 08:18:23,Grand Concourse & E 199 St,8703,Goulden Ave & W 205 St,8799.0,40.87142,-73.88839,40.87812,-73.89192,member,-1
0,252897,1DE3BB890E9A3089,electric_bike,2021-10-29 15:51:31,2021-10-29 16:11:04,Grand Concourse & E 199 St,8703,W 212 St & 10 Ave,8647.0,40.87142,-73.88839,40.8676583895191,-73.91675725579262,member,-1
1,287625,DA2720B955A5A630,classic_bike,2021-10-13 12:05:34,2021-10-13 13:03:37,Grand Concourse & E 199 St,8703,5 Ave & W 126 St,7701.0,40.87142,-73.88839,40.80722,-73.9418,casual,-1
2,367783,120DA5E546D12719,electric_bike,2021-10-01 01:48:21,2021-10-01 01:53:55,Grand Concourse & E 199 St,8703,W 192 St & University Ave,8639.0,40.87142,-73.88839,40.866899,-73.901942,member,-1
3,367884,291277C1086162BA,electric_bike,2021-10-16 18:45:31,2021-10-16 19:04:28,Grand Concourse & E 199 St,8703,W 192 St & University Ave,8639.0,40.87142,-73.88839,40.866899,-73.901942,casual,-1
4,411200,4F8F3EB9913EC55F,electric_bike,2021-10-17 00:38:57,2021-10-17 01:00:59,Grand Concourse & E 199 St,8703,E 161 St & Park Ave,7979.0,40.87142,-73.88839,40.824811,-73.916407,casual,-1
5,424340,E20CA8950AED9E4C,classic_bike,2021-10-15 18:06:50,2021-10-15 18:08:19,Grand Concourse & E 199 St,8703,Bainbridge Ave & Bedford Park Blvd,8682.0,40.87142,-73.88839,40.87002,-73.88565,member,-1
6,424402,90F3A79E98C39861,electric_bike,2021-10-13 07:03:33,2021-10-13 07:07:03,Grand Concourse & E 199 St,8703,Bainbridge Ave & Bedford Park Blvd,8682.0,40.87142,-73.88839,40.87002,-73.88565,member,-1
7,424535,70E70A6ECCF155A5,electric_bike,2021-10-22 02:32:58,2021-10-22 02:36:28,Grand Concourse & E 199 St,8703,Bainbridge Ave & Bedford Park Blvd,8682.0,40.87142,-73.88839,40.87002,-73.88565,member,-1
8,424649,96C84DF80BAB869F,classic_bike,2021-10-08 02:57:47,2021-10-08 02:59:25,Grand Concourse & E 199 St,8703,Bainbridge Ave & Bedford Park Blvd,8682.0,40.87142,-73.88839,40.87002,-73.88565,member,-1
9,424650,F022D1CABDD169FA,classic_bike,2021-10-11 01:29:28,2021-10-11 01:31:06,Grand Concourse & E 199 St,8703,Bainbridge Ave & Bedford Park Blvd,8682.0,40.87142,-73.88839,40.87002,-73.88565,member,-1
10,424667,3AC04B2B47750C65,classic_bike,2021-10-16 08:23:40,2021-10-16 08:25:14,Grand Concourse & E 199 St,8703,Bainbridge Ave & Bedford Park Blvd,8682.0,40.87142,-73.88839,40.87002,-73.88565,member,-1
11,424668,B004E448308062FF,classic_bike,2021-10-13 02:21:02,2021-10-13 02:22:45,Grand Concourse & E 199 St,8703,Bainbridge Ave & Bedford Park Blvd,8682.0,40.87142,-73.88839,40.87002,-73.88565,member,-1
12,449699,8176DBDB8900570C,electric_bike,2021-10-08 03:53:55,2021-10-08 04:08:09,Grand Concourse & E 199 St,8703,Jerome Ave & E 198 St,8720.0,40.87142,-73.88839,40.87144520687118,-73.89289632439613,member,-1
13,461905,3F0A0340FCD61E5A,electric_bike,2021-10-15 22:07:16,2021-10-15 22:13:34,Grand Concourse & E 199 St,8703,Jerome Ave & W 193 St,8619.0,40.87142,-73.88839,40.86659,-73.89794,member,-1
14,461906,4C43D313428A100F,electric_bike,2021-10-29 17:56:08,2021-10-29 18:24:59,Grand Concourse & E 199 St,8703,Jerome Ave & W 193 St,8619.0,40.87142,-73.88839,40.86659,-73.89794,member,-1
15,461994,8494CAC9B3C3FEBD,classic_bike,2021-10-03 20:37:47,2021-10-03 20:47:46,Grand Concourse & E 199 St,8703,Jerome Ave & W 193 St,8619.0,40.87142,-73.88839,40.86659,-73.89794,member,-1
16,462009,BA5F1F5C064D83FA,electric_bike,2021-10-27 06:17:34,2021-10-27 06:36:42,Grand Concourse & E 199 St,8703,Southern Blvd & E 175 St,8196.0,40.87142,-73.88839,40.839335,-73.886445,casual,-1
17,462010,6CBB48696AA4384B,classic_bike,2021-10-12 20:51:23,2021-10-12 20:57:25,Grand Concourse & E 199 St,8703,Jerome Ave & W 193 St,8619.0,40.87142,-73.88839,40.86659,-73.89794,casual,-1
18,462011,10CBCBB0952ADE2C,electric_bike,2021-10-20 18:46:32,2021-10-20 18:58:30,Grand Concourse & E 199 St,8703,Southern Blvd & E 175 St,8196.0,40.87142,-73.88839,40.839335,-73.886445,casual,-1
19,462032,8B1E786957E69825,classic_bike,2021-10-03 14:18:37,2021-10-03 14:24:39,Grand Concourse & E 199 St,8703,Jerome Ave & W 193 St,8619.0,40.87142,-73.88839,40.86659,-73.89794,casual,-1
20,462605,39D4119DE9CB2935,electric_bike,2021-10-20 07:56:12,2021-10-20 08:00:58,Grand Concourse & E 199 St,8703,Jerome Ave & W 193 St,8619.0,40.87142,-73.88839,40.86659,-73.89794,casual,-1
21,479067,9E5D446BDE77FEF2,electric_bike,2021-10-10 02:55:06,2021-10-10 03:10:39,Grand Concourse & E 199 St,8703,Morris Ave & McClellan St,8107.0,40.87142,-73.88839,40.831584,-73.9149,casual,-1
22,479100,0529AFDE9A76C7D4,electric_bike,2021-10-26 14:14:58,2021-10-26 14:29:52,Grand Concourse & E 199 St,8703,W 204 St & Vermilyea Ave,8632.0,40.87142,-73.88839,40.866141,-73.922648,casual,-1
23,479539,E1C65AF4823A1ADD,classic_bike,2021-10-28 23:40:25,2021-10-29 00:04:45,Grand Concourse & E 199 St,8703,Morris Ave & McClellan St,8107.0,40.87142,-73.88839,40.831584,-73.9149,member,-1
24,480912,CB72E8F2D04CA92E,electric_bike,2021-10-23 19:35:56,2021-10-23 19:53:45,Grand Concourse & E 199 St,8703,Morris Ave & McClellan St,8107.0,40.87142,-73.88839,40.831584,-73.9149,member,-1
25,481741,8F44387C5BFCDD3F,electric_bike,2021-10-15 14:06:41,2021-10-15 14:23:34,Grand Concourse & E 199 St,8703,W 204 St & Vermilyea Ave,8632.0,40.87142,-73.88839,40.866141,-73.922648,casual,-1
26,560302,AC3FEE50F100DD21,electric_bike,2021-10-10 07:48:59,2021-10-10 08:14:58,Grand Concourse & E 199 St,8703,Bainbridge Ave & E 193 St,8582.0,40.87142,-73.88839,40.86389,-73.89246,casual,-1
27,598623,3F43BD5B022B9707,electric_bike,2021-10-08 07:38:50,2021-10-08 07:52:44,Grand Concourse & E 199 St,8703,E 174 St & Longfellow Ave,8144.0,40.87142,-73.88839,40.836274,-73.884308,member,-1
28,598625,5143F6E0BDA4EAE2,electric_bike,2021-10-07 07:39:47,2021-10-07 07:53:24,Grand Concourse & E 199 St,8703,E 174 St & Longfellow Ave,8144.0,40.87142,-73.88839,40.836274,-73.884308,member,-1
29,599383,3934DCE805A17C1D,electric_bike,2021-10-27 07:41:23,2021-10-27 07:55:30,Grand Concourse & E 199 St,8703,E 174 St & Longfellow Ave,8144.0,40.87142,-73.88839,40.836274,-73.884308,member,-1
30,601157,548AAD9F2FAAED43,electric_bike,2021-10-21 18:34:44,2021-10-21 18:53:59,Grand Concourse & E Mosholu Pkwy S,8795,Grand Concourse & E 199 St,8703.0,40.877964,-73.8847550291,40.87142,-73.88839,member,1
31,601370,852A6A052693008B,electric_bike,2021-10-13 01:37:50,2021-10-13 01:43:36,E 188 St & Creston Ave,8566,Grand Concourse & E 199 St,8703.0,40.861669,-73.898589,40.87142,-73.88839,casual,1
32,601804,BEE174BA324C1740,electric_bike,2021-10-15 15:08:37,2021-10-15 15:13:15,Grand Concourse & E 192 St,8601,Grand Concourse & E 199 St,8703.0,40.86448,-73.89522,40.87142,-73.88839,casual,1
33,602543,F7D6298E6AE35FC4,electric_bike,2021-10-07 19:53:15,2021-10-07 19:57:42,Decatur Ave & Oliver Pl,8631,Grand Concourse & E 199 St,8703.0,40.867,-73.8857764,40.87142,-73.88839,member,1
34,602562,815BB345DB61EA63,electric_bike,2021-10-09 07:03:53,2021-10-09 07:07:16,Decatur Ave & Oliver Pl,8631,Grand Concourse & E 199 St,8703.0,40.867,-73.8857764,40.87142,-73.88839,member,1
35,602824,5A40CC7CD497C941,electric_bike,2021-10-31 01:42:44,2021-10-31 02:13:46,Morris Ave & E 184 St,8550,Grand Concourse & E 199 St,8703.0,40.86008,-73.90079,40.87142,-73.88839,member,1
36,603108,1EE8DDB64CC34B71,electric_bike,2021-10-20 01:21:19,2021-10-20 01:46:58,E 188 St & Creston Ave,8566,Grand Concourse & E 199 St,8703.0,40.861669,-73.898589,40.87142,-73.88839,member,1
37,603127,3630CE23E2C47544,electric_bike,2021-10-30 17:36:42,2021-10-30 17:47:17,E 188 St & Creston Ave,8566,Grand Concourse & E 199 St,8703.0,40.861669,-73.898589,40.87142,-73.88839,member,1
38,603189,1D7F9BA9F91D66DE,electric_bike,2021-10-23 01:57:44,2021-10-23 02:25:02,E 188 St & Creston Ave,8566,Grand Concourse & E 199 St,8703.0,40.861669,-73.898589,40.87142,-73.88839,member,1
39,603364,74F4B43506D1B141,electric_bike,2021-10-27 14:59:16,2021-10-27 15:13:20,E 188 St & Creston Ave,8566,Grand Concourse & E 199 St,8703.0,40.861669,-73.898589,40.87142,-73.88839,member,1
40,603441,C2B0E1841079F2E7,electric_bike,2021-10-04 14:54:51,2021-10-04 15:01:50,E 188 St & Creston Ave,8566,Grand Concourse & E 199 St,8703.0,40.861669,-73.898589,40.87142,-73.88839,casual,1
41,603805,BD1E71FDD8C02F26,electric_bike,2021-10-06 13:18:29,2021-10-06 13:23:59,Jerome Ave & W 195 St,8653,Grand Concourse & E 199 St,8703.0,40.86874,-73.89657,40.87142,-73.88839,member,1
42,603953,4997C69C2655B16D,classic_bike,2021-10-24 23:55:17,2021-10-25 00:45:18,Jerome Ave & W 195 St,8653,Grand Concourse & E 199 St,8703.0,40.86874,-73.89657,40.87142,-73.88839,casual,1
43,603967,805D4E2BBB15D479,electric_bike,2021-10-11 23:28:49,2021-10-11 23:44:41,Jerome Ave & W 195 St,8653,Grand Concourse & E 199 St,8703.0,40.86874,-73.89657,40.87142,-73.88839,casual,1
44,603998,B37E6F57BE772F1B,electric_bike,2021-10-22 18:51:20,2021-10-22 18:55:34,Goulden Ave & W 205 St,8799,Grand Concourse & E 199 St,8703.0,40.87812,-73.89192,40.87142,-73.88839,member,1
45,604021,D71B52BE270FF082,classic_bike,2021-10-07 20:57:13,2021-10-07 21:09:28,Goulden Ave & W 205 St,8799,Grand Concourse & E 199 St,8703.0,40.87812,-73.89192,40.87142,-73.88839,casual,1
46,604095,C846FEA88479E92C,classic_bike,2021-10-24 20:09:41,2021-10-24 20:15:35,Goulden Ave & W 205 St,8799,Grand Concourse & E 199 St,8703.0,40.87812,-73.89192,40.87142,-73.88839,member,1
47,604241,3E7C738488DD811C,electric_bike,2021-10-17 02:55:11,2021-10-17 03:40:23,Grand Concourse & E 199 St,8703,Grand Concourse & E 199 St,8703.0,40.87142,-73.88839,40.87142,-73.88839,member,0
48,604262,FDCD64A34C52FB31,electric_bike,2021-10-24 02:22:35,2021-10-24 02:26:38,Goulden Ave & W 205 St,8799,Grand Concourse & E 199 St,8703.0,40.87812,-73.89192,40.87142,-73.88839,member,1
49,604263,D075368565AC195D,electric_bike,2021-10-23 20:33:41,2021-10-23 20:38:32,Goulden Ave & W 205 St,8799,Grand Concourse & E 199 St,8703.0,40.87812,-73.89192,40.87142,-73.88839,member,1
50,604273,E911DB5EE7551654,classic_bike,2021-10-07 17:36:39,2021-10-07 17:36:48,Grand Concourse & E 199 St,8703,Grand Concourse & E 199 St,8703.0,40.87142,-73.88839,40.87142,-73.88839,member,0
51,604281,D418F6FAAAB4D09A,classic_bike,2021-10-13 21:00:12,2021-10-13 21:15:16,Grand Concourse & E 199 St,8703,Grand Concourse & E 199 St,8703.0,40.87142,-73.88839,40.87142,-73.88839,member,0
52,604288,241C4968F5A33B73,electric_bike,2021-10-12 19:16:56,2021-10-12 19:22:48,Grand Concourse & E 199 St,8703,Grand Concourse & E 199 St,8703.0,40.87142,-73.88839,40.87142,-73.88839,member,0
53,604376,E90CA96842239294,electric_bike,2021-10-07 20:02:42,2021-10-07 20:31:37,Grand Concourse & E 199 St,8703,Grand Concourse & E 199 St,8703.0,40.87142,-73.88839,40.87142,-73.88839,member,0
54,604428,8BBA5D764A3183FA,electric_bike,2021-10-16 10:43:09,2021-10-16 10:44:12,Grand Concourse & E 199 St,8703,Grand Concourse & E 199 St,8703.0,40.87142,-73.88839,40.87142,-73.88839,member,0
55,604429,EED31B32385CE684,electric_bike,2021-10-15 21:00:18,2021-10-15 21:08:24,Grand Concourse & E 199 St,8703,Grand Concourse & E 199 St,8703.0,40.87142,-73.88839,40.87142,-73.88839,member,0
56,604784,AFD5414C8202BF16,classic_bike,2021-10-29 15:34:22,2021-10-29 15:37:47,Grand Concourse & E 199 St,8703,Grand Concourse & E 199 St,8703.0,40.87142,-73.88839,40.87142,-73.88839,casual,0
57,604801,58065040EEF6893B,electric_bike,2021-10-16 10:51:22,2021-10-16 11:10:57,Grand Concourse & E 199 St,8703,Grand Concourse & E 199 St,8703.0,40.87142,-73.88839,40.87142,-73.88839,casual,0
58,604940,C372797436485F7A,classic_bike,2021-10-07 22:58:53,2021-10-07 23:26:40,Grand Concourse & E 199 St,8703,Grand Concourse & E 199 St,8703.0,40.87142,-73.88839,40.87142,-73.88839,casual,0
59,604981,D37C493759B769CC,electric_bike,2021-10-12 13:13:16,2021-10-12 13:48:13,Grand Concourse & E 199 St,8703,Grand Concourse & E 199 St,8703.0,40.87142,-73.88839,40.87142,-73.88839,casual,0
60,605116,E1B48CEED5EE6F2A,classic_bike,2021-10-15 21:55:02,2021-10-15 22:06:24,Grand Concourse & E 199 St,8703,Grand Concourse & E 199 St,8703.0,40.87142,-73.88839,40.87142,-73.88839,member,0
61,605118,FEDCEB847B042B60,classic_bike,2021-10-04 16:35:07,2021-10-04 16:47:25,Grand Concourse & E 199 St,8703,Grand Concourse & E 199 St,8703.0,40.87142,-73.88839,40.87142,-73.88839,member,0
62,605249,09D5AC52A9DB3AD0,electric_bike,2021-10-26 21:11:08,2021-10-26 21:29:20,Grand Concourse & E 199 St,8703,Grand Concourse & E 199 St,8703.0,40.87142,-73.88839,40.87142,-73.88839,member,0
63,605298,BD5943858E57CBE6,electric_bike,2021-10-20 06:38:35,2021-10-20 06:38:42,Grand Concourse & E 199 St,8703,Grand Concourse & E 199 St,8703.0,40.87142,-73.88839,40.87142,-73.88839,casual,0
64,605515,8CB55D66B9352FA7,electric_bike,2021-10-22 16:31:45,2021-10-22 17:19:46,Grand Concourse & E 199 St,8703,Grand Concourse & E 199 St,8703.0,40.87142,-73.88839,40.87142,-73.88839,member,0
65,605567,B471B3104FCB4DC9,electric_bike,2021-10-15 02:33:06,2021-10-15 03:30:34,Grand Concourse & E 199 St,8703,Grand Concourse & E 199 St,8703.0,40.87142,-73.88839,40.87142,-73.88839,member,0
66,605679,1F4B7E632B712B88,electric_bike,2021-10-11 15:35:23,2021-10-11 15:47:58,Grand Concourse & E 199 St,8703,Grand Concourse & E 199 St,8703.0,40.87142,-73.88839,40.87142,-73.88839,casual,0
67,605717,3E5F00A26AD33429,classic_bike,2021-10-14 16:31:48,2021-10-14 16:38:49,Grand Concourse & E 199 St,8703,Grand Concourse & E 199 St,8703.0,40.87142,-73.88839,40.87142,-73.88839,member,0
68,605912,A0FF9FE6E66B102D,electric_bike,2021-10-27 20:58:09,2021-10-27 20:58:11,Grand Concourse & E 199 St,8703,Grand Concourse & E 199 St,8703.0,40.87142,-73.88839,40.87142,-73.88839,casual,0
69,606042,8E0399E6801E7409,electric_bike,2021-10-02 14:59:34,2021-10-02 15:10:56,Bailey Ave & W 193 St,8676,Grand Concourse & E 199 St,8703.0,40.87069,-73.90678,40.87142,-73.88839,casual,1
70,606421,E8532842C5250C2D,electric_bike,2021-10-29 14:50:09,2021-10-29 14:51:01,Grand Concourse & E 199 St,8703,Grand Concourse & E 199 St,8703.0,40.87142,-73.88839,40.87142,-73.88839,member,0
71,607081,5668BA9019DFD30B,electric_bike,2021-10-15 02:31:20,2021-10-15 02:48:59,Jerome Ave & E 181 St,8478,Grand Concourse & E 199 St,8703.0,40.855653,-73.905528,40.87142,-73.88839,member,1
72,607142,06F4D8E672A28852,classic_bike,2021-10-21 17:50:14,2021-10-21 17:58:16,Goulden Ave & W 205 St,8799,Grand Concourse & E 199 St,8703.0,40.87812,-73.89192,40.87142,-73.88839,member,1
73,607143,61387DE62104648E,classic_bike,2021-10-02 02:03:32,2021-10-02 02:09:25,Goulden Ave & W 205 St,8799,Grand Concourse & E 199 St,8703.0,40.87812,-73.89192,40.87142,-73.88839,member,1
74,607159,07E74E5B619425A1,electric_bike,2021-10-09 14:04:39,2021-10-09 14:28:08,Jerome Ave & Anderson Ave,8061,Grand Concourse & E 199 St,8703.0,40.830179,-73.928747,40.87142,-73.88839,casual,1
75,607291,57BFD12BC74BCF56,electric_bike,2021-10-25 00:45:00,2021-10-25 00:54:01,W 225 St & Exterior St,8711,Grand Concourse & E 199 St,8703.0,40.873265,-73.906646,40.87142,-73.88839,member,1
76,607305,9148BA4F5FC78150,classic_bike,2021-10-03 17:29:04,2021-10-03 17:51:52,Grand Concourse & E 161 St,8021,Grand Concourse & E 199 St,8703.0,40.82713380423556,-73.9227358996868,40.87142,-73.88839,member,1
77,607327,C3AC6C1D05541CE3,electric_bike,2021-10-26 18:51:02,2021-10-26 18:58:59,W 225 St & Exterior St,8711,Grand Concourse & E 199 St,8703.0,40.873265,-73.906646,40.87142,-73.88839,member,1
78,608990,96EF697A0288EE2C,electric_bike,2021-10-13 23:14:27,2021-10-13 23:43:26,W 225 St & Exterior St,8711,Grand Concourse & E 199 St,8703.0,40.873265,-73.906646,40.87142,-73.88839,member,1
79,609375,10EF292A8A9292B6,classic_bike,2021-10-17 11:03:02,2021-10-17 11:10:05,Paul Ave & Mosholu Pkwy,8811,Grand Concourse & E 199 St,8703.0,40.8802945,-73.8860653648,40.87142,-73.88839,casual,1
80,609525,5AF8012F3ABA8A9C,electric_bike,2021-10-02 16:02:58,2021-10-02 16:25:12,Walton Ave & E 168 St,8179,Grand Concourse & E 199 St,8703.0,40.83649,-73.918316,40.87142,-73.88839,casual,1
81,610882,984AE2D9CB1CFFB0,electric_bike,2021-10-06 01:11:11,2021-10-06 01:32:22,Morris Ave & E 163 St,8036,Grand Concourse & E 199 St,8703.0,40.827230499624726,-73.91765579597632,40.87142,-73.88839,casual,1
82,610940,FCC14E654B440EDD,electric_bike,2021-10-29 08:26:18,2021-10-29 09:25:05,Seaman Ave & Isham St,8665,Grand Concourse & E 199 St,8703.0,40.86989866194045,-73.92076313495636,40.87142,-73.88839,member,1
83,611101,F9835B90D5216B74,electric_bike,2021-10-28 07:39:06,2021-10-28 08:01:04,Seaman Ave & Isham St,8665,Grand Concourse & E 199 St,8703.0,40.86989866194045,-73.92076313495636,40.87142,-73.88839,member,1
84,611143,F2759F39CC577ED2,classic_bike,2021-10-13 14:56:12,2021-10-13 14:59:08,E 201 St & Briggs Ave,8717,Grand Concourse & E 199 St,8703.0,40.87207,-73.88459,40.87142,-73.88839,member,1
85,611292,50AAE7442CF6B9E0,electric_bike,2021-10-13 15:03:15,2021-10-13 15:17:44,E Tremont Ave & E 176 St,8356,Grand Concourse & E 199 St,8703.0,40.847798,-73.901883,40.87142,-73.88839,member,1
86,611400,B4139FD4AE82FD9A,classic_bike,2021-10-19 06:11:01,2021-10-19 06:24:57,Jerome Ave & W 177 St,8362,Grand Concourse & E 199 St,8703.0,40.850121,-73.910765,40.87142,-73.88839,casual,1
87,611408,F42CE8170E282878,electric_bike,2021-10-24 01:32:08,2021-10-24 01:59:22,Aqueduct Ave & W 190 St,8605,Grand Concourse & E 199 St,8703.0,40.8649213,-73.9024238,40.87142,-73.88839,member,1
88,611502,5BD3F45A8E5C1C8F,electric_bike,2021-10-06 02:40:11,2021-10-06 02:50:43,Aqueduct Ave & W 190 St,8605,Grand Concourse & E 199 St,8703.0,40.8649213,-73.9024238,40.87142,-73.88839,member,1
89,611512,DBDF29EF3D8CEDEC,electric_bike,2021-10-25 22:00:50,2021-10-25 22:59:01,Aqueduct Ave & W 190 St,8605,Grand Concourse & E 199 St,8703.0,40.8649213,-73.9024238,40.87142,-73.88839,member,1
90,611661,DE607DD49444A5E2,electric_bike,2021-10-17 02:44:28,2021-10-17 02:54:05,Aqueduct Ave & W 190 St,8605,Grand Concourse & E 199 St,8703.0,40.8649213,-73.9024238,40.87142,-73.88839,member,1
91,612117,BC084A997DF0AB7A,electric_bike,2021-10-05 05:53:50,2021-10-05 06:08:37,Walton Ave & E 171 St,8249,Grand Concourse & E 199 St,8703.0,40.840683,-73.915073,40.87142,-73.88839,casual,1
92,612118,0260C4B9918B3B8E,classic_bike,2021-10-21 15:14:47,2021-10-21 15:20:48,Grand Concourse & E Mosholu Pkwy S,8795,Grand Concourse & E 199 St,8703.0,40.877964,-73.8847550291,40.87142,-73.88839,casual,1
93,612201,A830B940F6B35A7E,electric_bike,2021-10-26 23:19:19,2021-10-26 23:36:20,Aqueduct Ave & W 190 St,8605,Grand Concourse & E 199 St,8703.0,40.8649213,-73.9024238,40.87142,-73.88839,member,1
94,612289,5E51AC099E884F53,electric_bike,2021-10-14 19:07:33,2021-10-14 19:28:06,E Tremont Ave & E 176 St,8356,Grand Concourse & E 199 St,8703.0,40.847798,-73.901883,40.87142,-73.88839,casual,1
95,612550,5A5DF0800E914F03,electric_bike,2021-10-22 16:21:39,2021-10-22 16:29:29,Tiebout Ave & E Fordham Road,8546,Grand Concourse & E 199 St,8703.0,40.861915,-73.894831,40.87142,-73.88839,casual,1
96,612838,287048FC163C88AA,electric_bike,2021-10-27 21:58:09,2021-10-27 22:08:25,Tiebout Ave & E Fordham Road,8546,Grand Concourse & E 199 St,8703.0,40.861915,-73.894831,40.87142,-73.88839,casual,1
97,613023,9AB5AACBA571757B,classic_bike,2021-10-09 14:40:37,2021-10-09 14:45:20,Grand Concourse & E Mosholu Pkwy S,8795,Grand Concourse & E 199 St,8703.0,40.877964,-73.8847550291,40.87142,-73.88839,member,1
98,613123,8D709B656CFDA846,classic_bike,2021-10-31 13:33:23,2021-10-31 13:39:13,Tiebout Ave & E Fordham Road,8546,Grand Concourse & E 199 St,8703.0,40.861915,-73.894831,40.87142,-73.88839,casual,1
99,613199,CA65A3771E5A4911,electric_bike,2021-10-22 22:08:21,2021-10-22 22:56:26,W 192 St & University Ave,8639,Grand Concourse & E 199 St,8703.0,40.866899,-73.901942,40.87142,-73.88839,member,1
100,613203,864491B4A9FFA7FE,electric_bike,2021-10-22 19:59:29,2021-10-22 20:18:21,W 192 St & University Ave,8639,Grand Concourse & E 199 St,8703.0,40.866899,-73.901942,40.87142,-73.88839,member,1
101,613204,BDDA2B331A6BE039,electric_bike,2021-10-16 22:20:04,2021-10-16 22:39:42,W 192 St & University Ave,8639,Grand Concourse & E 199 St,8703.0,40.866899,-73.901942,40.87142,-73.88839,casual,1
102,613491,E55B066DF46F094F,electric_bike,2021-10-10 20:30:02,2021-10-10 20:36:11,Tiebout Ave & E Fordham Road,8546,Grand Concourse & E 199 St,8703.0,40.861915,-73.894831,40.87142,-73.88839,casual,1
103,614087,FE81B010E0580B35,classic_bike,2021-10-03 18:59:40,2021-10-03 19:25:11,W Mosholu Pkwy S & Sedgwick Ave,8841,Grand Concourse & E 199 St,8703.0,40.88226,-73.88702,40.87142,-73.88839,casual,1
104,614857,C00D7BB389C6FB79,classic_bike,2021-10-01 20:56:21,2021-10-01 21:07:06,E Fordham Rd & Webster Ave,8582,Grand Concourse & E 199 St,8703.0,40.861748,-73.89105,40.87142,-73.88839,member,1
105,614929,5E6B87EB47C6760E,electric_bike,2021-10-09 23:13:17,2021-10-09 23:18:47,E Fordham Rd & Webster Ave,8582,Grand Concourse & E 199 St,8703.0,40.861748,-73.89105,40.87142,-73.88839,casual,1
106,615030,1C5AA0F268B8A622,electric_bike,2021-10-15 21:43:08,2021-10-15 21:48:40,E Fordham Rd & Webster Ave,8582,Grand Concourse & E 199 St,8703.0,40.861748,-73.89105,40.87142,-73.88839,member,1
107,615043,53D548105FC6A890,classic_bike,2021-10-01 18:21:35,2021-10-01 18:50:40,E Fordham Rd & Webster Ave,8582,Grand Concourse & E 199 St,8703.0,40.861748,-73.89105,40.87142,-73.88839,member,1
108,615067,1ADB440D6924D01A,electric_bike,2021-10-29 06:53:32,2021-10-29 07:00:25,E Fordham Rd & Webster Ave,8582,Grand Concourse & E 199 St,8703.0,40.861748,-73.89105,40.87142,-73.88839,member,1
109,615122,334BDDDC3FB496C5,electric_bike,2021-10-14 15:26:51,2021-10-14 15:32:08,E Fordham Rd & Webster Ave,8582,Grand Concourse & E 199 St,8703.0,40.861748,-73.89105,40.87142,-73.88839,member,1
110,615124,80832D64E96326C1,electric_bike,2021-10-15 14:38:13,2021-10-15 14:44:25,E Fordham Rd & Webster Ave,8582,Grand Concourse & E 199 St,8703.0,40.861748,-73.89105,40.87142,-73.88839,member,1
111,615125,10C485C3E989EDFE,electric_bike,2021-10-14 21:07:18,2021-10-14 21:17:11,E Fordham Rd & Webster Ave,8582,Grand Concourse & E 199 St,8703.0,40.861748,-73.89105,40.87142,-73.88839,member,1
112,615126,243C3151FFE2E3DE,classic_bike,2021-10-02 21:16:37,2021-10-02 21:30:02,E Fordham Rd & Webster Ave,8582,Grand Concourse & E 199 St,8703.0,40.861748,-73.89105,40.87142,-73.88839,member,1
113,615127,7067B78FB8A89FB5,classic_bike,2021-10-03 19:14:39,2021-10-03 19:26:58,E Fordham Rd & Webster Ave,8582,Grand Concourse & E 199 St,8703.0,40.861748,-73.89105,40.87142,-73.88839,member,1
114,615128,E5D1FFE33F7BD988,electric_bike,2021-10-12 19:06:49,2021-10-12 19:15:31,E Fordham Rd & Webster Ave,8582,Grand Concourse & E 199 St,8703.0,40.861748,-73.89105,40.87142,-73.88839,member,1
115,615139,5D7154D76CF884BD,electric_bike,2021-10-20 18:12:55,2021-10-20 18:17:44,E Fordham Rd & Webster Ave,8582,Grand Concourse & E 199 St,8703.0,40.861748,-73.89105,40.87142,-73.88839,member,1
116,615711,4ED4E4B959ACC1B0,electric_bike,2021-10-14 20:18:56,2021-10-14 20:25:45,E Fordham Rd & Webster Ave,8582,Grand Concourse & E 199 St,8703.0,40.861748,-73.89105,40.87142,-73.88839,member,1
117,615728,B43BD3380A5B63F2,electric_bike,2021-10-29 17:03:58,2021-10-29 17:09:17,Bainbridge Ave & Bedford Park Blvd,8682,Grand Concourse & E 199 St,8703.0,40.87002,-73.88565,40.87142,-73.88839,member,1
118,615743,C40F952F977536E4,electric_bike,2021-10-12 18:15:34,2021-10-12 18:20:54,E Fordham Rd & Webster Ave,8582,Grand Concourse & E 199 St,8703.0,40.861748,-73.89105,40.87142,-73.88839,member,1
119,615893,6F9E8CC65298B007,classic_bike,2021-10-15 13:26:56,2021-10-15 13:28:59,Bainbridge Ave & Bedford Park Blvd,8682,Grand Concourse & E 199 St,8703.0,40.87002,-73.88565,40.87142,-73.88839,member,1
120,615977,605ED2CF1AD16493,electric_bike,2021-10-16 19:44:57,2021-10-16 19:51:41,E Fordham Rd & Webster Ave,8582,Grand Concourse & E 199 St,8703.0,40.861748,-73.89105,40.87142,-73.88839,member,1
121,616343,A2C642370BC2978A,classic_bike,2021-10-21 21:54:31,2021-10-21 21:54:36,Grand Concourse & E 199 St,8703,Grand Concourse & E 199 St,8703.0,40.87142,-73.88839,40.87142,-73.88839,member,0
122,616344,93356FDA7CBCB86A,classic_bike,2021-10-22 17:26:11,2021-10-22 17:26:14,Grand Concourse & E 199 St,8703,Grand Concourse & E 199 St,8703.0,40.87142,-73.88839,40.87142,-73.88839,member,0
123,616345,D94007953476B5F5,classic_bike,2021-10-21 21:54:09,2021-10-21 21:54:11,Grand Concourse & E 199 St,8703,Grand Concourse & E 199 St,8703.0,40.87142,-73.88839,40.87142,-73.88839,member,0
124,616350,D132A88473B266AC,electric_bike,2021-10-12 01:14:17,2021-10-12 02:03:28,Grand Concourse & E 199 St,8703,Grand Concourse & E 199 St,8703.0,40.87142,-73.88839,40.87142,-73.88839,member,0
125,616367,1596988C86CB25BF,electric_bike,2021-10-27 22:07:00,2021-10-27 23:33:38,Grand Concourse & E 199 St,8703,Grand Concourse & E 199 St,8703.0,40.87142,-73.88839,40.87142,-73.88839,member,0
126,616500,79DE77A40672561D,electric_bike,2021-10-22 15:30:43,2021-10-22 15:38:11,E Fordham Rd & Webster Ave,8582,Grand Concourse & E 199 St,8703.0,40.861748,-73.89105,40.87142,-73.88839,member,1
127,616816,F65565C7651FA811,electric_bike,2021-10-08 04:23:04,2021-10-08 04:25:17,Jerome Ave & E 198 St,8720,Grand Concourse & E 199 St,8703.0,40.87144520687118,-73.89289632439613,40.87142,-73.88839,member,1
128,617003,3635B20D41B86FC3,classic_bike,2021-10-11 18:19:38,2021-10-11 18:24:24,Grand Concourse & E 203 St,8734,Grand Concourse & E 199 St,8703.0,40.87382,-73.88661,40.87142,-73.88839,member,1
129,617525,729F053048C01B8F,electric_bike,2021-10-01 22:21:40,2021-10-01 22:45:32,Gerard Ave & E 164 St,8077,Grand Concourse & E 199 St,8703.0,40.830262,-73.923391,40.87142,-73.88839,casual,1
130,617667,5E0D12CF9C71DEB4,electric_bike,2021-10-10 02:41:48,2021-10-10 02:44:13,Jerome Ave & E 198 St,8720,Grand Concourse & E 199 St,8703.0,40.87144520687118,-73.89289632439613,40.87142,-73.88839,member,1
131,617725,1022E7527B307655,electric_bike,2021-10-23 15:56:45,2021-10-23 16:03:25,Goulden Ave & W 197 St,8707,Grand Concourse & E 199 St,8703.0,40.87156,-73.89714,40.87142,-73.88839,casual,1
132,617894,B5F16497B0363A66,electric_bike,2021-10-30 10:02:59,2021-10-30 10:08:15,E Mosholu Pkwy & E 204 St,8748,Grand Concourse & E 199 St,8703.0,40.8740704,-73.8833650931,40.87142,-73.88839,casual,1
133,618761,C01FB32D5771FB9A,electric_bike,2021-10-04 20:28:58,2021-10-04 20:35:26,Webb Ave & W 190 St,8624,Grand Concourse & E 199 St,8703.0,40.8660052,-73.904254892,40.87142,-73.88839,casual,1
134,618787,F8EE336970135443,classic_bike,2021-10-03 02:39:02,2021-10-03 02:45:19,Goulden Ave & W 205 St,8799,Grand Concourse & E 199 St,8703.0,40.87812,-73.89192,40.87142,-73.88839,casual,1
135,618821,310C6B6C917A34FC,electric_bike,2021-10-25 15:14:28,2021-10-25 15:25:30,Creston Ave & E 178 St,8379,Grand Concourse & E 199 St,8703.0,40.850885,-73.906469,40.87142,-73.88839,member,1
136,618823,07E9916BD9CE061B,electric_bike,2021-10-28 15:36:56,2021-10-28 15:47:29,Creston Ave & E 178 St,8379,Grand Concourse & E 199 St,8703.0,40.850885,-73.906469,40.87142,-73.88839,member,1
137,618854,F424C9D95B73BE39,electric_bike,2021-10-22 17:45:40,2021-10-22 18:22:19,Melrose Ave & E 150 St,7879,Grand Concourse & E 199 St,8703.0,40.816827,-73.917338,40.87142,-73.88839,casual,1
138,619686,EB3F4BFC565962D7,electric_bike,2021-10-15 22:23:47,2021-10-15 22:31:42,Jerome Ave & W 193 St,8619,Grand Concourse & E 199 St,8703.0,40.86659,-73.89794,40.87142,-73.88839,member,1
139,619687,6B6A6C782B5C01B5,electric_bike,2021-10-29 19:08:16,2021-10-29 19:13:45,Jerome Ave & W 193 St,8619,Grand Concourse & E 199 St,8703.0,40.86659,-73.89794,40.87142,-73.88839,member,1
140,619802,1DE5D46CD7243C34,classic_bike,2021-10-20 21:27:30,2021-10-20 21:37:26,Jerome Ave & W 193 St,8619,Grand Concourse & E 199 St,8703.0,40.86659,-73.89794,40.87142,-73.88839,casual,1
141,620336,574943089E7EC308,classic_bike,2021-10-05 21:58:19,2021-10-05 22:02:16,Grand Concourse & E 205 St,8766,Grand Concourse & E 199 St,8703.0,40.875531,-73.8863864831,40.87142,-73.88839,casual,1
142,620494,45AADC5DD418F820,electric_bike,2021-10-27 12:18:46,2021-10-27 12:26:49,E Fordham Rd & Webster Ave,8582,Grand Concourse & E 199 St,8703.0,40.861748,-73.89105,40.87142,-73.88839,member,1
143,620542,F41D6F1750AF85AC,electric_bike,2021-10-22 15:21:19,2021-10-22 16:15:40,Bainbridge Ave & E 193 St,8582,Grand Concourse & E 199 St,8703.0,40.86389,-73.89246,40.87142,-73.88839,member,1
144,620928,CA5C8A7C45FA8961,electric_bike,2021-10-19 19:29:47,2021-10-19 19:40:54,Jerome Ave & W 193 St,8619,Grand Concourse & E 199 St,8703.0,40.86659,-73.89794,40.87142,-73.88839,member,1
145,621331,D68F49519ECA0074,classic_bike,2021-10-05 17:57:18,2021-10-05 18:00:48,Grand Concourse & E 196 St,8635,Grand Concourse & E 199 St,8703.0,40.86767,-73.89286,40.87142,-73.88839,casual,1
146,621631,62E6BA5B607DE7BD,electric_bike,2021-10-16 18:08:44,2021-10-16 18:33:00,Wadsworth Ave & W 179 St,8336,Grand Concourse & E 199 St,8703.0,40.848467,-73.936064,40.87142,-73.88839,member,1
147,621699,720BAE2F8A7B176D,classic_bike,2021-10-18 19:48:56,2021-10-18 19:53:21,Goulden Ave & Bedford Park Blvd W,8738,Grand Concourse & E 199 St,8703.0,40.87387,-73.89533,40.87142,-73.88839,casual,1
148,621718,DF4A6CA9DAEA0FC6,classic_bike,2021-10-28 13:51:30,2021-10-28 13:55:05,Grand Concourse & E 196 St,8635,Grand Concourse & E 199 St,8703.0,40.86767,-73.89286,40.87142,-73.88839,casual,1
149,621788,24759C162E3DE575,electric_bike,2021-10-25 17:00:11,2021-10-25 17:09:33,Botanical Sq & Webster Ave,8646,Grand Concourse & E 199 St,8703.0,40.86814,-73.88145,40.87142,-73.88839,member,1
150,621818,5556F2BB194A5B0A,classic_bike,2021-10-17 15:10:13,2021-10-17 15:13:26,Grand Concourse & E 205 St,8766,Grand Concourse & E 199 St,8703.0,40.875531,-73.8863864831,40.87142,-73.88839,member,1
151,621823,C0CEA45A70767EB9,docked_bike,2021-10-07 20:15:54,2021-10-07 20:26:43,Grand Concourse & E 205 St,8766,Grand Concourse & E 199 St,8703.0,40.875531,-73.886386,40.87142,-73.88839,casual,1
152,621998,1C5F1421B7A0B3E8,classic_bike,2021-10-13 12:35:24,2021-10-13 12:38:23,Grand Concourse & E 196 St,8635,Grand Concourse & E 199 St,8703.0,40.86767,-73.89286,40.87142,-73.88839,member,1
153,622071,36D08466CD7DA374,electric_bike,2021-10-23 23:42:44,2021-10-24 00:30:38,Grand Concourse & E 196 St,8635,Grand Concourse & E 199 St,8703.0,40.86767,-73.89286,40.87142,-73.88839,member,1
154,751027,114AB2047585D519,electric_bike,2021-10-22 17:26:38,2021-10-22 17:48:24,Grand Concourse & E 199 St,8703,W 148 St & Amsterdam Ave,8033.0,40.87142,-73.88839,40.827075,-73.945909,member,-1
155,752005,DBE22D129C252CF9,electric_bike,2021-10-28 17:54:29,2021-10-29 18:54:22,Grand Concourse & E 199 St,8703,,,40.87142,-73.88839,,,member,-1
156,754425,AE628ABB47149F3F,electric_bike,2021-10-19 13:20:20,2021-10-20 14:20:16,Grand Concourse & E 199 St,8703,,,40.87142,-73.88839,,,member,-1
157,754447,6A40A2362252F102,electric_bike,2021-10-20 06:39:02,2021-10-21 07:38:58,Grand Concourse & E 199 St,8703,,,40.87142,-73.88839,,,casual,-1
158,754448,9BDB513FA2BDA483,classic_bike,2021-10-25 18:06:34,2021-10-26 19:06:28,Grand Concourse & E 199 St,8703,,,40.87142,-73.88839,40.88,-73.89,casual,-1
159,766888,AB7A8B2361629AA7,electric_bike,2021-10-05 01:33:34,2021-10-05 01:36:36,Grand Concourse & E 199 St,8703,Marion Ave & Mosholu Pkwy,8699.0,40.87142,-73.88839,40.8704956,-73.8818756582,casual,-1
160,766902,23366552D596C0B3,electric_bike,2021-10-06 22:16:15,2021-10-06 22:25:51,Grand Concourse & E 199 St,8703,Valentine Ave & E 183 St,8472.0,40.87142,-73.88839,40.856987,-73.898237,casual,-1
161,767676,46CDE919BC717BA0,electric_bike,2021-10-07 22:12:21,2021-10-07 22:56:37,Grand Concourse & E 199 St,8703,Marion Ave & Mosholu Pkwy,8699.0,40.87142,-73.88839,40.8704956,-73.8818756582,member,-1
162,767730,454E59E5ED805A46,electric_bike,2021-10-24 19:15:32,2021-10-24 20:24:51,Grand Concourse & E 199 St,8703,Marion Ave & Mosholu Pkwy,8699.0,40.87142,-73.88839,40.8704956,-73.8818756582,casual,-1
163,767735,7589A879A37320B6,electric_bike,2021-10-07 22:12:50,2021-10-07 22:56:23,Grand Concourse & E 199 St,8703,Marion Ave & Mosholu Pkwy,8699.0,40.87142,-73.88839,40.8704956,-73.8818756582,member,-1
164,767856,5CC8E353816ECA15,electric_bike,2021-10-14 16:37:02,2021-10-14 17:06:12,Grand Concourse & E 199 St,8703,E 171 St & 3 Ave,8171.0,40.87142,-73.88839,40.837119,-73.902185,casual,-1
165,804103,F8138F2032A4E43C,electric_bike,2021-10-30 19:21:20,2021-10-30 19:41:58,Grand Concourse & E 199 St,8703,Grand Concourse & E 171 St,8194.0,40.87142,-73.88839,40.839549,-73.913004,casual,-1
166,840185,546DDF47E239F28F,electric_bike,2021-10-24 11:13:32,2021-10-24 11:56:21,Grand Concourse & E 199 St,8703,31 St & Hoyt Ave N,7018.0,40.87142,-73.88839,40.7711528,-73.9170074,member,-1
167,840815,82F3283E36FD6EE6,electric_bike,2021-10-02 10:53:22,2021-10-02 11:36:14,Grand Concourse & E 199 St,8703,31 St & Hoyt Ave N,7018.0,40.87142,-73.88839,40.7711528,-73.9170074,member,-1
168,869578,BF61B0801186BFF0,electric_bike,2021-10-12 21:00:58,2021-10-12 21:12:20,Grand Concourse & E 199 St,8703,10 Ave & W 207 St,8613.0,40.87142,-73.88839,40.864632,-73.918598,casual,-1
169,869586,990ED9482C57405D,electric_bike,2021-10-21 14:20:07,2021-10-21 14:31:54,Grand Concourse & E 199 St,8703,10 Ave & W 207 St,8613.0,40.87142,-73.88839,40.864632,-73.918598,casual,-1
170,931808,C3FC2D94EB7DC9C4,electric_bike,2021-10-15 14:02:07,2021-10-15 14:08:34,Grand Concourse & E 199 St,8703,Tiebout Ave & E Fordham Road,8546.0,40.87142,-73.88839,40.861915,-73.894831,member,-1
171,933366,F422AD8088372867,classic_bike,2021-10-09 10:00:37,2021-10-09 10:07:12,Grand Concourse & E 199 St,8703,Tiebout Ave & E Fordham Road,8546.0,40.87142,-73.88839,40.861915,-73.894831,casual,-1
172,933371,CF751C698E709F0A,electric_bike,2021-10-10 23:26:03,2021-10-10 23:32:34,Grand Concourse & E 199 St,8703,Tiebout Ave & E Fordham Road,8546.0,40.87142,-73.88839,40.861915,-73.894831,casual,-1
173,933395,22215E2638DED0E8,classic_bike,2021-10-14 06:57:30,2021-10-14 07:03:05,Grand Concourse & E 199 St,8703,Tiebout Ave & E Fordham Road,8546.0,40.87142,-73.88839,40.861915,-73.894831,casual,-1
174,934904,50BFB085160A615F,electric_bike,2021-10-27 18:07:50,2021-10-27 18:14:09,Grand Concourse & E 199 St,8703,Tiebout Ave & E Fordham Road,8546.0,40.87142,-73.88839,40.861915,-73.894831,casual,-1
175,934934,E5FA2E82CDAAA3FD,classic_bike,2021-10-19 06:44:30,2021-10-19 06:50:30,Grand Concourse & E 199 St,8703,Tiebout Ave & E Fordham Road,8546.0,40.87142,-73.88839,40.861915,-73.894831,casual,-1
176,934941,8650D91789ABF26A,classic_bike,2021-10-20 18:56:45,2021-10-20 19:01:43,Grand Concourse & E 199 St,8703,Tiebout Ave & E Fordham Road,8546.0,40.87142,-73.88839,40.861915,-73.894831,member,-1
177,935263,61CB18B41291C4E9,electric_bike,2021-10-13 14:59:39,2021-10-13 15:19:10,Grand Concourse & E 199 St,8703,E 165 St & Clay Ave,8052.0,40.87142,-73.88839,40.82809,-73.91288,member,-1
178,969830,3ABA46A5C7E1BE35,electric_bike,2021-10-21 21:55:27,2021-10-21 22:24:28,Grand Concourse & E 199 St,8703,W 186 St & St. Nicholas Ave,8416.0,40.87142,-73.88839,40.852253,-73.931308,member,-1
179,1009869,6F20C4986B83A27C,classic_bike,2021-10-03 01:24:30,2021-10-03 01:26:54,Grand Concourse & E 199 St,8703,Decatur Ave & Bedford Park Blvd,8664.0,40.87142,-73.88839,40.86813,-73.88412,member,-1
180,1009966,A6B791AD4BF28B2D,classic_bike,2021-10-11 07:15:52,2021-10-11 07:17:53,Grand Concourse & E 199 St,8703,Decatur Ave & Bedford Park Blvd,8664.0,40.87142,-73.88839,40.86813,-73.88412,member,-1
181,1009969,FE594FC3AA179985,classic_bike,2021-10-08 19:16:56,2021-10-08 19:18:55,Grand Concourse & E 199 St,8703,Decatur Ave & Bedford Park Blvd,8664.0,40.87142,-73.88839,40.86813,-73.88412,member,-1
182,1009970,D2A59244C7B5A327,electric_bike,2021-10-04 07:00:02,2021-10-04 07:01:58,Grand Concourse & E 199 St,8703,Decatur Ave & Bedford Park Blvd,8664.0,40.87142,-73.88839,40.86813,-73.88412,member,-1
183,1009971,FF815A7B7821BF1B,classic_bike,2021-10-14 07:03:21,2021-10-14 07:05:23,Grand Concourse & E 199 St,8703,Decatur Ave & Bedford Park Blvd,8664.0,40.87142,-73.88839,40.86813,-73.88412,member,-1
184,1009979,54BE9F0FF5B4A752,electric_bike,2021-10-05 07:02:39,2021-10-05 07:04:27,Grand Concourse & E 199 St,8703,Decatur Ave & Bedford Park Blvd,8664.0,40.87142,-73.88839,40.86813,-73.88412,member,-1
185,1009998,9B81D1DB00FC1CC7,classic_bike,2021-10-03 20:04:49,2021-10-03 20:08:03,Grand Concourse & E 199 St,8703,Decatur Ave & Bedford Park Blvd,8664.0,40.87142,-73.88839,40.86813,-73.88412,member,-1
186,1010032,9F277C8E1AB4F45C,electric_bike,2021-10-12 07:34:12,2021-10-12 07:35:45,Grand Concourse & E 199 St,8703,Decatur Ave & Bedford Park Blvd,8664.0,40.87142,-73.88839,40.86813,-73.88412,member,-1
187,1010046,B734A0AE125578E4,electric_bike,2021-10-27 13:47:46,2021-10-27 14:17:23,Grand Concourse & E 199 St,8703,Decatur Ave & Bedford Park Blvd,8664.0,40.87142,-73.88839,40.86813,-73.88412,member,-1
188,1010061,52DB9A4CFC8D076F,classic_bike,2021-10-14 18:22:47,2021-10-14 18:33:51,Grand Concourse & E 199 St,8703,Decatur Ave & Bedford Park Blvd,8664.0,40.87142,-73.88839,40.86813,-73.88412,casual,-1
189,1010063,FC27FC4763325746,electric_bike,2021-10-29 15:38:10,2021-10-29 15:53:09,Grand Concourse & E 199 St,8703,Creston Ave & E 181 St,8456.0,40.87142,-73.88839,40.8549,-73.90281,casual,-1
190,1010067,7117A4EB4FC3E7A8,classic_bike,2021-10-22 11:40:36,2021-10-22 11:46:43,Grand Concourse & E 199 St,8703,Decatur Ave & Bedford Park Blvd,8664.0,40.87142,-73.88839,40.86813,-73.88412,member,-1
191,1010114,57E0C4FE64D07752,electric_bike,2021-10-23 16:10:20,2021-10-23 16:26:54,Grand Concourse & E 199 St,8703,Decatur Ave & Bedford Park Blvd,8664.0,40.87142,-73.88839,40.86813,-73.88412,member,-1
192,1010136,BEBDAE38031B6E94,classic_bike,2021-10-10 02:11:48,2021-10-10 02:14:21,Grand Concourse & E 199 St,8703,Decatur Ave & Bedford Park Blvd,8664.0,40.87142,-73.88839,40.86813,-73.88412,member,-1
193,1010212,17EAFF4EAFCB32E7,classic_bike,2021-10-15 02:39:30,2021-10-15 02:41:50,Grand Concourse & E 199 St,8703,Decatur Ave & Bedford Park Blvd,8664.0,40.87142,-73.88839,40.86813,-73.88412,member,-1
194,1011353,D231BD6CF3F4DBE5,classic_bike,2021-10-14 18:22:40,2021-10-14 18:33:14,Grand Concourse & E 199 St,8703,Decatur Ave & Bedford Park Blvd,8664.0,40.87142,-73.88839,40.86813,-73.88412,casual,-1
195,1012304,2F4468A706FA0F30,classic_bike,2021-10-18 07:28:37,2021-10-18 07:30:41,Grand Concourse & E 199 St,8703,Decatur Ave & Bedford Park Blvd,8664.0,40.87142,-73.88839,40.86813,-73.88412,member,-1
196,1102441,86597997A8559582,electric_bike,2021-10-17 06:09:12,2021-10-17 06:28:04,Grand Concourse & E 199 St,8703,W 180 St & Ft Washington Ave,8358.0,40.87142,-73.88839,40.849972,-73.938423,casual,-1
197,1130572,8FF5349AAE1E2BB5,electric_bike,2021-10-26 15:43:58,2021-10-26 15:47:02,Grand Concourse & E 199 St,8703,Jerome Ave & W 195 St,8653.0,40.87142,-73.88839,40.86874,-73.89657,member,-1
198,1130612,D57C28C39DDD82B5,classic_bike,2021-10-22 09:21:50,2021-10-22 09:26:29,Grand Concourse & E 199 St,8703,Jerome Ave & W 195 St,8653.0,40.87142,-73.88839,40.86874,-73.89657,casual,-1
199,1130697,E74FC54615238A4C,electric_bike,2021-10-01 11:45:45,2021-10-01 11:51:41,Grand Concourse & E 199 St,8703,Jerome Ave & W 195 St,8653.0,40.87142,-73.88839,40.86874,-73.89657,member,-1
200,1156931,72A3F956AF981C6D,classic_bike,2021-10-02 17:08:27,2021-10-02 17:13:41,Grand Concourse & E 199 St,8703,Grand Concourse & E Mosholu Pkwy S,8795.0,40.87142,-73.88839,40.877964,-73.8847550291,casual,-1
201,1282658,4B3F700317FD68BD,classic_bike,2021-10-11 18:24:34,2021-10-11 18:28:25,Grand Concourse & E 199 St,8703,E 201 St & Briggs Ave,8717.0,40.87142,-73.88839,40.87207,-73.88459,member,-1
202,1282691,346E0C5B9A777915,classic_bike,2021-10-24 20:33:52,2021-10-24 20:40:07,Grand Concourse & E 199 St,8703,E 201 St & Briggs Ave,8717.0,40.87142,-73.88839,40.87207,-73.88459,member,-1
203,1324265,53C4B1D8F8DC498B,electric_bike,2021-10-31 23:01:33,2021-10-31 23:04:31,Bainbridge Ave & E 198 St,8649,Grand Concourse & E 199 St,8703.0,40.8684871,-73.8884559781,40.87142,-73.88839,casual,1
204,1324377,7B274726D564F99A,classic_bike,2021-10-24 09:07:14,2021-10-24 09:10:54,E Mosholu Pkwy & Van Cortlandt Ave E,8778,Grand Concourse & E 199 St,8703.0,40.87656,-73.88366,40.87142,-73.88839,casual,1
205,1324384,391DDABE655D80A3,electric_bike,2021-10-05 02:11:07,2021-10-05 02:12:13,Jerome Ave & Bedford Park Blvd E,8734,Grand Concourse & E 199 St,8703.0,40.87307,-73.88971,40.87142,-73.88839,casual,1
206,1324423,64AB3059E9BD58D7,electric_bike,2021-10-16 04:30:58,2021-10-16 04:45:02,Jerome Ave & Bedford Park Blvd E,8734,Grand Concourse & E 199 St,8703.0,40.87307,-73.88971,40.87142,-73.88839,member,1
207,1324706,A00704D2F59B02E7,electric_bike,2021-10-15 20:49:11,2021-10-15 20:52:25,Botanical Sq & Webster Ave,8646,Grand Concourse & E 199 St,8703.0,40.86814,-73.88145,40.87142,-73.88839,member,1
208,1324792,D919681D799F4DB9,electric_bike,2021-10-22 01:47:09,2021-10-22 01:51:33,Botanical Sq & Webster Ave,8646,Grand Concourse & E 199 St,8703.0,40.86814,-73.88145,40.87142,-73.88839,member,1
209,1324829,B327697542AE4A58,electric_bike,2021-10-24 18:45:11,2021-10-24 18:51:51,Botanical Sq & Webster Ave,8646,Grand Concourse & E 199 St,8703.0,40.86814,-73.88145,40.87142,-73.88839,member,1
210,1324951,0A1A7BA1F260C54F,classic_bike,2021-10-11 20:45:26,2021-10-11 20:52:57,Jerome Ave & Bedford Park Blvd E,8734,Grand Concourse & E 199 St,8703.0,40.87307,-73.88971,40.87142,-73.88839,member,1
211,1324983,FE9DEA4A1E9337E7,electric_bike,2021-10-21 20:07:34,2021-10-21 20:30:25,Jerome Ave & Bedford Park Blvd E,8734,Grand Concourse & E 199 St,8703.0,40.87307,-73.88971,40.87142,-73.88839,member,1
212,1325008,E3282C5B70F1C516,classic_bike,2021-10-24 19:53:57,2021-10-24 19:57:06,Jerome Ave & Bedford Park Blvd E,8734,Grand Concourse & E 199 St,8703.0,40.87307,-73.88971,40.87142,-73.88839,member,1
213,1325223,9365443F41304DE4,electric_bike,2021-10-15 01:03:59,2021-10-15 01:08:37,Botanical Sq & Webster Ave,8646,Grand Concourse & E 199 St,8703.0,40.86814,-73.88145,40.87142,-73.88839,member,1
214,1325252,1405B00A66900FD1,electric_bike,2021-10-25 21:07:50,2021-10-25 21:13:49,E Fordham Rd & Webster Ave,8582,Grand Concourse & E 199 St,8703.0,40.861748,-73.89105,40.87142,-73.88839,member,1
215,1325429,FA29199E54ADDAFF,classic_bike,2021-10-28 17:47:31,2021-10-28 17:53:27,Botanical Sq & Webster Ave,8646,Grand Concourse & E 199 St,8703.0,40.86814,-73.88145,40.87142,-73.88839,member,1
216,1325623,9C02BCB15D0417D7,electric_bike,2021-10-06 23:29:49,2021-10-06 23:49:10,Anthony Ave & E 175 St,8319,Grand Concourse & E 199 St,8703.0,40.846465,-73.903869,40.87142,-73.88839,casual,1
217,1325784,00B6611D9AC18AE4,electric_bike,2021-10-21 17:12:13,2021-10-21 17:15:37,Bainbridge Ave & E 196 St,8615,Grand Concourse & E 199 St,8703.0,40.86648,-73.89042,40.87142,-73.88839,casual,1
218,1325851,C16A0B1E85BCC581,classic_bike,2021-10-18 18:38:07,2021-10-18 19:16:21,Jerome Ave & Bedford Park Blvd E,8734,Grand Concourse & E 199 St,8703.0,40.87307,-73.88971,40.87142,-73.88839,casual,1
219,1326130,952C226A85FA3D2A,classic_bike,2021-10-29 15:32:37,2021-10-29 15:43:07,Botanical Sq & Webster Ave,8646,Grand Concourse & E 199 St,8703.0,40.86814,-73.88145,40.87142,-73.88839,casual,1
220,1326475,E5B241C2D780B2D3,classic_bike,2021-10-04 16:06:34,2021-10-04 16:11:10,Grand Concourse & E 192 St,8601,Grand Concourse & E 199 St,8703.0,40.86448,-73.89522,40.87142,-73.88839,member,1
221,1326532,FA2A95045605F600,electric_bike,2021-10-07 10:41:28,2021-10-07 10:44:45,Grand Concourse & E 192 St,8601,Grand Concourse & E 199 St,8703.0,40.86448,-73.89522,40.87142,-73.88839,member,1
222,1326645,3A3767ED619A1DED,electric_bike,2021-10-21 02:22:48,2021-10-21 02:38:50,Grand Concourse & E 192 St,8601,Grand Concourse & E 199 St,8703.0,40.86448,-73.89522,40.87142,-73.88839,member,1
223,1326652,D094765A43EE89E9,classic_bike,2021-10-10 05:49:26,2021-10-10 05:54:35,Grand Concourse & E 192 St,8601,Grand Concourse & E 199 St,8703.0,40.86448,-73.89522,40.87142,-73.88839,member,1
224,1326656,5771CBCD0F77E503,electric_bike,2021-10-29 14:41:47,2021-10-29 14:45:53,Grand Concourse & E 192 St,8601,Grand Concourse & E 199 St,8703.0,40.86448,-73.89522,40.87142,-73.88839,casual,1
225,1326679,0EFF91558629CA2C,electric_bike,2021-10-29 14:23:21,2021-10-29 14:27:19,Grand Concourse & E 192 St,8601,Grand Concourse & E 199 St,8703.0,40.86448,-73.89522,40.87142,-73.88839,casual,1
226,1327149,E33537C7A30BF537,classic_bike,2021-10-07 13:11:32,2021-10-07 13:30:34,Grand Concourse & E 166 St,8092,Grand Concourse & E 199 St,8703.0,40.83196,-73.91956,40.87142,-73.88839,member,1
227,1327949,2025CDB16C58640C,electric_bike,2021-10-15 07:09:13,2021-10-15 07:11:47,Bainbridge Ave & E 198 St,8649,Grand Concourse & E 199 St,8703.0,40.8684871,-73.8884559781,40.87142,-73.88839,member,1
228,1327972,5C11128AF66C8A2A,electric_bike,2021-10-27 05:14:42,2021-10-27 05:17:01,Bainbridge Ave & E 198 St,8649,Grand Concourse & E 199 St,8703.0,40.8684871,-73.8884559781,40.87142,-73.88839,member,1
229,1327978,D9E19A276D9E462A,electric_bike,2021-10-21 21:51:19,2021-10-21 21:53:54,Bainbridge Ave & E 198 St,8649,Grand Concourse & E 199 St,8703.0,40.8684871,-73.8884559781,40.87142,-73.88839,member,1
230,1328022,CA9C5C1C34CA004C,electric_bike,2021-10-23 16:34:38,2021-10-23 16:37:13,Decatur Ave & Bedford Park Blvd,8664,Grand Concourse & E 199 St,8703.0,40.86813,-73.88412,40.87142,-73.88839,member,1
231,1328196,2D5E1166563712E5,electric_bike,2021-10-18 18:29:42,2021-10-19 08:48:28,Grand Concourse & E 161 St,8021,Grand Concourse & E 199 St,8703.0,40.82713380423556,-73.9227358996868,40.87142,-73.88839,casual,1
232,1329313,ED071884E7530E7B,electric_bike,2021-10-12 02:02:34,2021-10-12 02:06:30,Decatur Ave & Bedford Park Blvd,8664,Grand Concourse & E 199 St,8703.0,40.86813,-73.88412,40.87142,-73.88839,member,1
233,1329960,01A545506D24289C,electric_bike,2021-10-08 01:59:50,2021-10-08 02:04:05,Decatur Ave & Bedford Park Blvd,8664,Grand Concourse & E 199 St,8703.0,40.86813,-73.88412,40.87142,-73.88839,member,1
234,1329962,E7937CC5DC75D7FB,classic_bike,2021-10-13 17:30:07,2021-10-13 17:34:21,Decatur Ave & Bedford Park Blvd,8664,Grand Concourse & E 199 St,8703.0,40.86813,-73.88412,40.87142,-73.88839,member,1
235,1329967,694340B292D4BEE3,electric_bike,2021-10-27 16:58:53,2021-10-27 17:01:25,Decatur Ave & Bedford Park Blvd,8664,Grand Concourse & E 199 St,8703.0,40.86813,-73.88412,40.87142,-73.88839,member,1
236,1329968,07F3076B5342AAC7,electric_bike,2021-10-11 19:19:59,2021-10-11 19:25:10,Decatur Ave & Bedford Park Blvd,8664,Grand Concourse & E 199 St,8703.0,40.86813,-73.88412,40.87142,-73.88839,member,1
237,1330382,F44E82C4CD44B8B7,classic_bike,2021-10-08 19:27:27,2021-10-08 19:30:52,Decatur Ave & Bedford Park Blvd,8664,Grand Concourse & E 199 St,8703.0,40.86813,-73.88412,40.87142,-73.88839,member,1
238,1330467,3BC24AB347F094AA,electric_bike,2021-10-20 15:49:28,2021-10-20 16:32:35,Jerome Ave & W Fordham Rd,8586,Grand Concourse & E 199 St,8703.0,40.86294,-73.90108,40.87142,-73.88839,casual,1
239,1330477,96AF577177CBC374,electric_bike,2021-10-04 13:47:30,2021-10-04 13:55:49,Jerome Ave & W Fordham Rd,8586,Grand Concourse & E 199 St,8703.0,40.86294,-73.90108,40.87142,-73.88839,member,1
240,1330482,FD8981779D5A2205,classic_bike,2021-10-04 16:33:51,2021-10-04 16:42:21,Jerome Ave & W Fordham Rd,8586,Grand Concourse & E 199 St,8703.0,40.86294,-73.90108,40.87142,-73.88839,casual,1
241,1330674,60356A5695623FF4,electric_bike,2021-10-23 16:34:17,2021-10-23 16:37:22,Decatur Ave & Bedford Park Blvd,8664,Grand Concourse & E 199 St,8703.0,40.86813,-73.88412,40.87142,-73.88839,casual,1
242,1330700,B4E0D3D35F31298F,electric_bike,2021-10-07 01:48:42,2021-10-07 01:52:19,Decatur Ave & Bedford Park Blvd,8664,Grand Concourse & E 199 St,8703.0,40.86813,-73.88412,40.87142,-73.88839,member,1
243,1330714,6D5FCACD22EE57C0,electric_bike,2021-10-29 00:53:33,2021-10-29 01:05:38,Weeks Ave & E 175 St,8340,Grand Concourse & E 199 St,8703.0,40.846879,-73.907342,40.87142,-73.88839,member,1
244,1330736,4382F700A55C6DB8,electric_bike,2021-10-25 12:40:22,2021-10-25 13:50:28,Jerome Ave & E Mosholu Parkway S,8795,Grand Concourse & E 199 St,8703.0,40.87935,-73.88534,40.87142,-73.88839,member,1
245,1330815,3614F799732EDEB0,electric_bike,2021-10-20 05:55:05,2021-10-20 05:58:53,Decatur Ave & E 197 St,8597,Grand Concourse & E 199 St,8703.0,40.86557,-73.88807,40.87142,-73.88839,member,1
246,1330890,91A6580663C40EC1,electric_bike,2021-10-30 23:48:56,2021-10-30 23:59:59,Grand Concourse & East Mount Eden Ave,8265,Grand Concourse & E 199 St,8703.0,40.84301,-73.91172,40.87142,-73.88839,member,1
247,1331061,4F58E363AF434591,electric_bike,2021-10-18 13:46:08,2021-10-18 13:55:03,Jerome Ave & W Fordham Rd,8586,Grand Concourse & E 199 St,8703.0,40.86294,-73.90108,40.87142,-73.88839,member,1
248,1331130,0E9BBF83F9B0629B,electric_bike,2021-10-14 16:25:43,2021-10-14 16:30:24,Jerome Ave & E Mosholu Parkway S,8795,Grand Concourse & E 199 St,8703.0,40.87935,-73.88534,40.87142,-73.88839,casual,1
249,1331134,68F200982348D24F,electric_bike,2021-10-12 10:49:04,2021-10-12 11:24:56,Jerome Ave & E Mosholu Parkway S,8795,Grand Concourse & E 199 St,8703.0,40.87935,-73.88534,40.87142,-73.88839,casual,1
250,1331159,BECB760C078D357F,classic_bike,2021-10-19 20:30:48,2021-10-19 21:03:48,W 190 St & Broadway,8474,Grand Concourse & E 199 St,8703.0,40.85648733523576,-73.93296986818314,40.87142,-73.88839,casual,1
251,1331215,1F920402364CCDC6,classic_bike,2021-10-24 19:18:02,2021-10-24 19:27:09,Jerome Ave & E Mosholu Parkway S,8795,Grand Concourse & E 199 St,8703.0,40.87935,-73.88534,40.87142,-73.88839,casual,1
252,1331232,47DA31C284E254B5,classic_bike,2021-10-20 19:25:43,2021-10-20 19:29:53,Jerome Ave & E Mosholu Parkway S,8795,Grand Concourse & E 199 St,8703.0,40.87935,-73.88534,40.87142,-73.88839,member,1
253,1331291,2F97F859328507A1,electric_bike,2021-10-14 16:26:17,2021-10-14 16:30:34,Jerome Ave & E Mosholu Parkway S,8795,Grand Concourse & E 199 St,8703.0,40.87935,-73.88534,40.87142,-73.88839,member,1
254,1331532,2B107BF5E1896285,classic_bike,2021-10-15 21:32:04,2021-10-15 21:38:13,Paul Ave & W 205 St,8782,Grand Concourse & E 199 St,8703.0,40.87704,-73.88943,40.87142,-73.88839,member,1
255,1331534,2C46DE51113C0024,electric_bike,2021-10-27 20:27:47,2021-10-27 20:31:12,Paul Ave & W 205 St,8782,Grand Concourse & E 199 St,8703.0,40.87704,-73.88943,40.87142,-73.88839,member,1
256,1331543,917ADB1E355B301E,classic_bike,2021-10-11 07:07:12,2021-10-11 07:11:01,Jerome Ave & E Mosholu Parkway S,8795,Grand Concourse & E 199 St,8703.0,40.87935,-73.88534,40.87142,-73.88839,member,1
257,1331549,1AA94908AFC28BA9,electric_bike,2021-10-05 10:49:32,2021-10-05 10:53:15,Decatur Ave & E 197 St,8597,Grand Concourse & E 199 St,8703.0,40.86557,-73.88807,40.87142,-73.88839,member,1
258,1331550,ACC5B181F50CCBC9,electric_bike,2021-10-29 07:45:45,2021-10-29 07:49:43,Decatur Ave & E 197 St,8597,Grand Concourse & E 199 St,8703.0,40.86557,-73.88807,40.87142,-73.88839,member,1
259,1331670,D0B534857D1A7B57,electric_bike,2021-10-09 01:53:29,2021-10-09 02:13:27,Walton Ave & E 183 St,8514,Grand Concourse & E 199 St,8703.0,40.858472,-73.90266,40.87142,-73.88839,member,1
260,1331820,C0880CDD8440A440,classic_bike,2021-10-13 11:21:28,2021-10-13 11:25:58,Bedford Park Blvd & Paul Ave,8752,Grand Concourse & E 199 St,8703.0,40.87444,-73.89186,40.87142,-73.88839,member,1
261,1331928,796A476C6BFE1729,electric_bike,2021-10-25 18:49:47,2021-10-25 18:53:08,Paul Ave & W 205 St,8782,Grand Concourse & E 199 St,8703.0,40.87704,-73.88943,40.87142,-73.88839,member,1
262,1331950,F49F85708481960D,electric_bike,2021-10-26 14:51:51,2021-10-26 15:40:27,Bedford Park Blvd & Paul Ave,8752,Grand Concourse & E 199 St,8703.0,40.87444,-73.89186,40.87142,-73.88839,member,1
263,1331971,1874C6A5C524CA19,electric_bike,2021-10-15 10:50:23,2021-10-15 10:59:11,Bedford Park Blvd & Paul Ave,8752,Grand Concourse & E 199 St,8703.0,40.87444,-73.89186,40.87142,-73.88839,member,1
264,1331974,5F5C055E1BE2B0BF,classic_bike,2021-10-28 20:15:05,2021-10-28 20:19:47,Bedford Park Blvd & Paul Ave,8752,Grand Concourse & E 199 St,8703.0,40.87444,-73.89186,40.87142,-73.88839,member,1
265,1332139,5FEDDC41DEFA5BD3,electric_bike,2021-10-07 23:51:19,2021-10-08 00:17:52,E 161 St & River Ave,8041,Grand Concourse & E 199 St,8703.0,40.827883,-73.927111,40.87142,-73.88839,casual,1
266,1332204,CDABB23D52A73DE4,electric_bike,2021-10-21 11:53:43,2021-10-21 12:23:49,Paul Ave & W 205 St,8782,Grand Concourse & E 199 St,8703.0,40.87704,-73.88943,40.87142,-73.88839,casual,1
267,1332221,BE8125E6A452E071,classic_bike,2021-10-13 17:44:49,2021-10-13 20:53:55,Bedford Park Blvd & Paul Ave,8752,Grand Concourse & E 199 St,8703.0,40.87444,-73.89186,40.87142,-73.88839,member,1
268,1332271,007B3840DCF6FCF0,electric_bike,2021-10-07 19:42:54,2021-10-07 19:47:22,Jerome Ave & E Mosholu Parkway S,8795,Grand Concourse & E 199 St,8703.0,40.87935,-73.88534,40.87142,-73.88839,member,1
269,1332293,290885C38FD13932,electric_bike,2021-10-04 05:38:40,2021-10-04 05:53:10,Grand Concourse & East Mount Eden Ave,8265,Grand Concourse & E 199 St,8703.0,40.84301,-73.91172,40.87142,-73.88839,casual,1
270,1332612,23520152F97CA562,classic_bike,2021-10-22 17:23:58,2021-10-22 17:25:31,Grand Concourse & E 197 St,8667,Grand Concourse & E 199 St,8703.0,40.86945,-73.89148,40.87142,-73.88839,member,1
271,1332613,1B5F2CFDDFA4928D,electric_bike,2021-10-29 08:25:05,2021-10-29 08:26:54,Grand Concourse & E 197 St,8667,Grand Concourse & E 199 St,8703.0,40.86945,-73.89148,40.87142,-73.88839,member,1
272,1332725,B09EBD10777BCB93,classic_bike,2021-10-21 07:21:31,2021-10-21 07:27:51,Decatur Ave & Bedford Park Blvd,8664,Grand Concourse & E 199 St,8703.0,40.86813,-73.88412,40.87142,-73.88839,member,1
273,1332891,1260E0D30C9E5E9A,electric_bike,2021-10-26 22:34:12,2021-10-27 00:06:37,Bedford Park Blvd & Paul Ave,8752,Grand Concourse & E 199 St,8703.0,40.87444,-73.89186,40.87142,-73.88839,member,1
274,1332907,8623234CDC01CFE1,electric_bike,2021-10-28 17:33:44,2021-10-28 17:37:36,Bedford Park Blvd & Paul Ave,8752,Grand Concourse & E 199 St,8703.0,40.87444,-73.89186,40.87142,-73.88839,member,1
275,1332955,77C6D96524BA63F9,electric_bike,2021-10-16 22:20:33,2021-10-16 22:25:28,Grand Concourse & E 197 St,8667,Grand Concourse & E 199 St,8703.0,40.86945,-73.89148,40.87142,-73.88839,member,1
276,1332956,F82331C77004B156,classic_bike,2021-10-24 20:33:48,2021-10-24 20:35:55,Grand Concourse & E 197 St,8667,Grand Concourse & E 199 St,8703.0,40.86945,-73.89148,40.87142,-73.88839,member,1
277,1333068,126F7935EE74A623,electric_bike,2021-10-27 01:30:21,2021-10-27 01:47:47,Grand Concourse & E 167 St,8126,Grand Concourse & E 199 St,8703.0,40.834263,-73.917641,40.87142,-73.88839,casual,1
278,1333073,E4DDB2E6B671125B,electric_bike,2021-10-27 19:58:23,2021-10-27 20:27:17,Grand Concourse & E 197 St,8667,Grand Concourse & E 199 St,8703.0,40.86945,-73.89148,40.87142,-73.88839,member,1
279,1333093,A4096DCFFDD3C23C,electric_bike,2021-10-11 14:32:47,2021-10-11 14:39:34,Jerome Ave & W Fordham Rd,8586,Grand Concourse & E 199 St,8703.0,40.86294,-73.90108,40.87142,-73.88839,member,1
280,1333295,DC6E9C86766CBED3,electric_bike,2021-10-13 10:51:20,2021-10-13 11:00:04,Decatur Ave & Bedford Park Blvd,8664,Grand Concourse & E 199 St,8703.0,40.86813,-73.88412,40.87142,-73.88839,member,1
281,1333358,AF3493B95BED9A36,classic_bike,2021-10-24 19:11:43,2021-10-24 19:15:02,Grand Concourse & E 197 St,8667,Grand Concourse & E 199 St,8703.0,40.86945,-73.89148,40.87142,-73.88839,casual,1
282,1334941,9351D282308F7503,electric_bike,2021-10-13 00:45:32,2021-10-13 00:48:08,Grand Concourse & E 197 St,8667,Grand Concourse & E 199 St,8703.0,40.86945,-73.89148,40.87142,-73.88839,member,1
283,1335459,65D124A7D7E93DDD,electric_bike,2021-10-20 15:49:03,2021-10-20 16:32:42,Jerome Ave & W Fordham Rd,8586,Grand Concourse & E 199 St,8703.0,40.86294,-73.90108,40.87142,-73.88839,casual,1
284,1335683,4421FEB09EBD71CA,electric_bike,2021-10-07 01:30:02,2021-10-07 01:51:42,Jerome Ave & W Fordham Rd,8586,Grand Concourse & E 199 St,8703.0,40.86294,-73.90108,40.87142,-73.88839,member,1
285,1384671,B1CED5233A49A517,classic_bike,2021-10-14 16:42:44,2021-10-14 17:01:59,Grand Concourse & E 199 St,8703,Jerome Ave & W 184 St,8550.0,40.87142,-73.88839,40.860814,-73.902541,casual,-1
286,1384672,2EA2B909C21746C6,electric_bike,2021-10-24 10:48:08,2021-10-24 10:55:18,Grand Concourse & E 199 St,8703,Jerome Ave & W 184 St,8550.0,40.87142,-73.88839,40.860814,-73.902541,casual,-1
287,1453851,16A6D8367279E056,electric_bike,2021-10-22 17:08:20,2021-10-22 17:36:14,Grand Concourse & E 199 St,8703,Freeman St & Southern Blvd,8060.0,40.87142,-73.88839,40.830051,-73.892103,casual,-1
288,1510154,A38C511B94B9E7E6,electric_bike,2021-10-07 11:05:57,2021-10-07 11:09:36,Grand Concourse & E 199 St,8703,Grand Concourse & E 192 St,8601.0,40.87142,-73.88839,40.86448,-73.89522,member,-1
289,1510179,FE0DB71651306364,classic_bike,2021-10-01 21:15:42,2021-10-01 21:20:56,Grand Concourse & E 199 St,8703,Grand Concourse & E 192 St,8601.0,40.87142,-73.88839,40.86448,-73.89522,member,-1
290,1510208,05884A0F72D1D49A,electric_bike,2021-10-11 21:32:49,2021-10-11 21:42:02,Grand Concourse & E 199 St,8703,Grand Concourse & E 192 St,8601.0,40.87142,-73.88839,40.86448,-73.89522,casual,-1
291,1529991,BC899E93061C79A4,classic_bike,2021-10-07 14:09:47,2021-10-07 14:33:20,Grand Concourse & E 199 St,8703,Grand Concourse & E 164 St,8057.0,40.87142,-73.88839,40.829608,-73.921461,member,-1
292,1574540,F0C8EF4ACD83A9D7,electric_bike,2021-10-20 19:32:19,2021-10-20 19:56:18,Grand Concourse & E 199 St,8703,Jerome Ave & E Mosholu Parkway S,8795.0,40.87142,-73.88839,40.87935,-73.88534,member,-1
293,1581978,313F8A94121316FC,classic_bike,2021-10-25 12:57:33,2021-10-25 13:46:46,Grand Concourse & E 199 St,8703,Decatur Ave & E 197 St,8597.0,40.87142,-73.88839,40.86557,-73.88807,casual,-1
294,1581983,F677F4F68DDEBA8F,electric_bike,2021-10-11 16:06:11,2021-10-11 16:11:53,Grand Concourse & E 199 St,8703,Jerome Ave & E Mosholu Parkway S,8795.0,40.87142,-73.88839,40.87935,-73.88534,casual,-1
295,1583109,91C1133FADC2C86E,electric_bike,2021-10-16 16:00:09,2021-10-16 16:04:05,Grand Concourse & E 199 St,8703,Jerome Ave & E Mosholu Parkway S,8795.0,40.87142,-73.88839,40.87935,-73.88534,casual,-1
296,1603497,3B4443ACE2346428,electric_bike,2021-10-22 20:29:04,2021-10-22 21:04:15,Grand Concourse & E 199 St,8703,Grand Concourse & E 196 St,8635.0,40.87142,-73.88839,40.86767,-73.89286,casual,-1
297,1603499,CCE09ACC23C0DEF2,electric_bike,2021-10-07 12:22:00,2021-10-07 12:24:20,Grand Concourse & E 199 St,8703,Grand Concourse & E 196 St,8635.0,40.87142,-73.88839,40.86767,-73.89286,casual,-1
298,1649352,8730941404674ED2,electric_bike,2021-10-17 02:04:02,2021-10-17 02:37:44,Grand Concourse & E 199 St,8703,Aqueduct Ave & W 190 St,8605.0,40.87142,-73.88839,40.8649213,-73.9024238,member,-1
299,1739496,7621F9A75ADE8D81,electric_bike,2021-10-09 14:45:39,2021-10-09 15:29:05,Grand Concourse & E 199 St,8703,Broadway & W 58 St,6948.0,40.87142,-73.88839,40.76695317,-73.98169333,member,-1
300,1740374,6D06B76DC9275169,electric_bike,2021-10-12 18:33:39,2021-10-12 19:01:58,Grand Concourse & E 199 St,8703,Bainbridge Ave & E 196 St,8615.0,40.87142,-73.88839,40.86648,-73.89042,casual,-1
301,1740533,1F260782205FB190,classic_bike,2021-10-13 07:51:39,2021-10-13 07:55:25,Grand Concourse & E 199 St,8703,Bainbridge Ave & E 196 St,8615.0,40.87142,-73.88839,40.86648,-73.89042,member,-1
302,1740537,10CE576C216C3619,electric_bike,2021-10-28 15:54:59,2021-10-28 15:59:34,Grand Concourse & E 199 St,8703,Bainbridge Ave & E 196 St,8615.0,40.87142,-73.88839,40.86648,-73.89042,member,-1
303,1849757,4BBE575605A175F6,electric_bike,2021-10-25 21:18:14,2021-10-25 21:19:43,Grand Concourse & E 199 St,8703,Bedford Park Blvd & Paul Ave,8752.0,40.87142,-73.88839,40.87444,-73.89186,member,-1
304,1849760,C5DF47A39E9309DB,electric_bike,2021-10-15 15:56:59,2021-10-15 16:27:10,Grand Concourse & E 199 St,8703,Bedford Park Blvd & Paul Ave,8752.0,40.87142,-73.88839,40.87444,-73.89186,casual,-1
305,1849801,FEC3BEE2C8996F2A,electric_bike,2021-10-06 14:48:51,2021-10-06 14:50:40,Grand Concourse & E 199 St,8703,Bedford Park Blvd & Paul Ave,8752.0,40.87142,-73.88839,40.87444,-73.89186,member,-1
306,1849804,D9719561B83B4798,electric_bike,2021-10-09 08:23:28,2021-10-09 08:26:07,Grand Concourse & E 199 St,8703,Bedford Park Blvd & Paul Ave,8752.0,40.87142,-73.88839,40.87444,-73.89186,member,-1
307,1849825,678535D342601D53,classic_bike,2021-10-13 16:25:29,2021-10-13 16:47:02,Grand Concourse & E 199 St,8703,Bedford Park Blvd & Paul Ave,8752.0,40.87142,-73.88839,40.87444,-73.89186,member,-1
308,1849826,2C8DEDFCBB9083C3,classic_bike,2021-10-14 17:35:45,2021-10-14 17:40:21,Grand Concourse & E 199 St,8703,Bedford Park Blvd & Paul Ave,8752.0,40.87142,-73.88839,40.87444,-73.89186,member,-1
309,1849827,D6A350FC432F0945,electric_bike,2021-10-15 10:40:55,2021-10-15 10:43:46,Grand Concourse & E 199 St,8703,Bedford Park Blvd & Paul Ave,8752.0,40.87142,-73.88839,40.87444,-73.89186,member,-1
310,1849888,6949EAC1B2DAB63D,electric_bike,2021-10-26 22:31:25,2021-10-26 22:33:16,Grand Concourse & E 199 St,8703,Bedford Park Blvd & Paul Ave,8752.0,40.87142,-73.88839,40.87444,-73.89186,member,-1
311,1849996,4D617C14ACD27DE8,electric_bike,2021-10-14 17:31:58,2021-10-14 17:34:32,Grand Concourse & E 199 St,8703,Bedford Park Blvd & Paul Ave,8752.0,40.87142,-73.88839,40.87444,-73.89186,member,-1
312,1887630,30BDBA3FC3141D01,electric_bike,2021-10-30 12:22:43,2021-10-30 12:36:16,Grand Concourse & E 199 St,8703,Ryer Ave & E 182 St,8494.0,40.87142,-73.88839,40.8558,-73.89956,casual,-1
313,1887755,6F7B4EB5F84BCDF7,electric_bike,2021-10-13 20:11:47,2021-10-13 20:26:39,Grand Concourse & E 199 St,8703,Ryer Ave & E 182 St,8494.0,40.87142,-73.88839,40.8558,-73.89956,casual,-1
314,1994641,EA1C52EA87812F21,classic_bike,2021-10-05 23:04:21,2021-10-05 23:19:17,Grand Concourse & E 199 St,8703,Bainbridge Ave & E 198 St,8649.0,40.87142,-73.88839,40.8684871,-73.8884559781,member,-1
315,1994695,EA160B9F8AABD411,electric_bike,2021-10-27 08:55:02,2021-10-27 08:58:08,Grand Concourse & E 199 St,8703,E Mosholu Pkwy & Van Cortlandt Ave E,8778.0,40.87142,-73.88839,40.87656,-73.88366,casual,-1
316,1994767,26F2541BD3BC383A,classic_bike,2021-10-25 17:11:32,2021-10-25 17:15:32,Grand Concourse & E 199 St,8703,Bainbridge Ave & E 198 St,8649.0,40.87142,-73.88839,40.8684871,-73.8884559781,member,-1
317,1994778,A361F89CCD0A4996,classic_bike,2021-10-14 16:50:44,2021-10-14 17:14:18,Grand Concourse & E 199 St,8703,E Mosholu Pkwy & Van Cortlandt Ave E,8778.0,40.87142,-73.88839,40.87656,-73.88366,casual,-1
318,1994790,1028D49F6E26E43F,classic_bike,2021-10-14 16:50:20,2021-10-14 17:13:31,Grand Concourse & E 199 St,8703,E Mosholu Pkwy & Van Cortlandt Ave E,8778.0,40.87142,-73.88839,40.87656,-73.88366,casual,-1
319,1995930,F7B5168CCB57884B,electric_bike,2021-10-23 04:32:22,2021-10-23 04:35:57,Grand Concourse & E 199 St,8703,Bainbridge Ave & E 198 St,8649.0,40.87142,-73.88839,40.8684871,-73.8884559781,casual,-1
320,1995939,9F04536611BA25F5,docked_bike,2021-10-21 17:43:06,2021-10-21 22:41:35,Grand Concourse & E 199 St,8703,E Mosholu Pkwy & Van Cortlandt Ave E,8778.0,40.87142,-73.88839,40.87656,-73.88366,casual,-1
321,1995946,CAEA872E0EDC3505,electric_bike,2021-10-28 08:01:36,2021-10-28 08:05:21,Grand Concourse & E 199 St,8703,E Mosholu Pkwy & Van Cortlandt Ave E,8778.0,40.87142,-73.88839,40.87656,-73.88366,member,-1
322,1995981,7178E49C78276C47,electric_bike,2021-10-31 04:04:04,2021-10-31 04:30:24,Grand Concourse & E 199 St,8703,E Mosholu Pkwy & Van Cortlandt Ave E,8778.0,40.87142,-73.88839,40.87656,-73.88366,member,-1
323,1997323,CCE0B76F77666DA3,electric_bike,2021-10-14 16:39:25,2021-10-14 17:02:08,Grand Concourse & E 199 St,8703,Clay Ave & Claremont Pkwy,8225.0,40.87142,-73.88839,40.83999,-73.90549,member,-1
324,1997326,7208863915261EF3,electric_bike,2021-10-30 04:40:51,2021-10-30 04:45:39,Grand Concourse & E 199 St,8703,E Mosholu Pkwy & Van Cortlandt Ave E,8778.0,40.87142,-73.88839,40.87656,-73.88366,member,-1
325,1997327,9D4F2D3D7A15C8F4,electric_bike,2021-10-14 02:27:21,2021-10-14 02:33:45,Grand Concourse & E 199 St,8703,E Mosholu Pkwy & Van Cortlandt Ave E,8778.0,40.87142,-73.88839,40.87656,-73.88366,member,-1
326,1997331,B6689DF6FEA9FE49,electric_bike,2021-10-27 01:25:30,2021-10-27 01:28:27,Grand Concourse & E 199 St,8703,Bainbridge Ave & E 198 St,8649.0,40.87142,-73.88839,40.8684871,-73.8884559781,member,-1
327,2012096,764CEC81FC69488D,classic_bike,2021-10-01 02:44:41,2021-10-01 02:47:53,Grand Concourse & E 199 St,8703,Bainbridge Ave & E 198 St,8649.0,40.87142,-73.88839,40.8684871,-73.8884559781,casual,-1
328,2012099,6EF752A940C77FEB,electric_bike,2021-10-15 16:27:35,2021-10-15 16:38:44,Grand Concourse & E 199 St,8703,E Mosholu Pkwy & Van Cortlandt Ave E,8778.0,40.87142,-73.88839,40.87656,-73.88366,casual,-1
329,2138804,E77C15CFA373F918,electric_bike,2021-10-04 22:47:49,2021-10-04 22:51:54,Grand Concourse & E 199 St,8703,Grand Concourse & E 197 St,8667.0,40.87142,-73.88839,40.86945,-73.89148,casual,-1
330,2138914,AB7858A93BAB7D01,classic_bike,2021-10-27 09:33:50,2021-10-27 09:36:22,Grand Concourse & E 199 St,8703,Grand Concourse & E 197 St,8667.0,40.87142,-73.88839,40.86945,-73.89148,member,-1
331,2138966,A9D9528FCF7AD434,electric_bike,2021-10-23 18:40:33,2021-10-23 18:56:03,Grand Concourse & E 199 St,8703,Grand Concourse & E 197 St,8667.0,40.87142,-73.88839,40.86945,-73.89148,casual,-1
332,2139006,384879AB0EC97BF1,electric_bike,2021-10-24 14:38:58,2021-10-24 14:40:37,Grand Concourse & E 199 St,8703,Grand Concourse & E 197 St,8667.0,40.87142,-73.88839,40.86945,-73.89148,member,-1
333,2187953,9307A516FF6739F4,electric_bike,2021-10-05 11:33:32,2021-10-05 11:56:37,Grand Concourse & E 199 St,8703,Harlem River Dr & W 155 St,8085.0,40.87142,-73.88839,40.830476,-73.939929,member,-1
334,2210145,70CFA70A43A58E88,electric_bike,2021-10-17 09:06:36,2021-10-17 09:22:08,Grand Concourse & E 199 St,8703,Sheridan Ave & E 172 St,8229.0,40.87142,-73.88839,40.840494,-73.911479,casual,-1
335,2254464,616FC4C569B5C6EE,electric_bike,2021-10-21 20:41:15,2021-10-21 21:05:16,Grand Concourse & E 199 St,8703,Grand Concourse & E 205 St,8766.0,40.87142,-73.88839,40.875531,-73.8863864831,member,-1
336,2265302,17565806BBF9C39D,electric_bike,2021-10-21 07:28:21,2021-10-21 07:33:19,Grand Concourse & E 199 St,8703,Paul Ave & W 205 St,8782.0,40.87142,-73.88839,40.87704,-73.88943,member,-1
337,2268985,88C45D95BE0B0EFD,electric_bike,2021-10-25 15:45:43,2021-10-25 15:49:25,Grand Concourse & E 199 St,8703,Paul Ave & W 205 St,8782.0,40.87142,-73.88839,40.87704,-73.88943,member,-1
338,2269014,6BF02429AFDEC906,classic_bike,2021-10-24 20:36:16,2021-10-24 20:39:40,Grand Concourse & E 199 St,8703,Paul Ave & W 205 St,8782.0,40.87142,-73.88839,40.87704,-73.88943,member,-1
339,2269022,8522E237D8A5CB3A,electric_bike,2021-10-18 16:11:54,2021-10-18 16:15:07,Grand Concourse & E 199 St,8703,Paul Ave & W 205 St,8782.0,40.87142,-73.88839,40.87704,-73.88943,member,-1
340,2295083,0938E03F25E37C4A,electric_bike,2021-10-05 07:44:22,2021-10-05 07:47:51,Grand Concourse & E 199 St,8703,Jerome Ave & W 195 St,8653.0,40.87142,-73.88839,40.86874,-73.89657,casual,-1
341,2357289,1F17DE5078F827A7,electric_bike,2021-10-25 16:30:35,2021-10-25 16:47:57,Grand Concourse & E 199 St,8703,Jerome Ave & W Fordham Rd,8586.0,40.87142,-73.88839,40.86294,-73.90108,member,-1
342,2357474,A8AC41B75EEE9D3E,electric_bike,2021-10-15 13:30:07,2021-10-15 13:42:04,Grand Concourse & E 199 St,8703,Isham St & Broadway,8665.0,40.87142,-73.88839,40.86788,-73.919685,member,-1
343,2462393,FA879DC6C6FCE8F2,classic_bike,2021-10-04 20:24:08,2021-10-04 20:25:50,Grand Concourse & E 199 St,8703,Jerome Ave & Bedford Park Blvd E,8734.0,40.87142,-73.88839,40.87307,-73.88971,member,-1
344,2501011,21E4FAE104DD07CB,electric_bike,2021-10-16 13:32:48,2021-10-16 13:42:32,Grand Concourse & E 199 St,8703,Tiebout Ave & E 184 St,8510.0,40.87142,-73.88839,40.858498,-73.89637,member,-1
345,2533565,66BA774D858981D4,classic_bike,2021-10-07 19:34:12,2021-10-07 19:59:21,Grand Concourse & E 199 St,8703,Goulden Ave & W 205 St,8799.0,40.87142,-73.88839,40.87812,-73.89192,casual,-1
346,2533654,7FC8237A3D9898C6,classic_bike,2021-10-24 16:35:59,2021-10-24 16:40:35,Grand Concourse & E 199 St,8703,Goulden Ave & W 205 St,8799.0,40.87142,-73.88839,40.87812,-73.89192,member,-1
347,2533655,0330309E8AB642AA,electric_bike,2021-10-23 21:49:17,2021-10-23 21:52:31,Grand Concourse & E 199 St,8703,Goulden Ave & W 205 St,8799.0,40.87142,-73.88839,40.87812,-73.89192,member,-1
348,2533688,3B0D9A541AD43AF3,electric_bike,2021-10-22 18:39:31,2021-10-22 18:42:44,Grand Concourse & E 199 St,8703,Goulden Ave & W 205 St,8799.0,40.87142,-73.88839,40.87812,-73.89192,member,-1
349,2536672,FB90C8BED70CF314,electric_bike,2021-10-22 17:16:30,2021-10-22 17:19:51,Grand Concourse & E 199 St,8703,Goulden Ave & W 205 St,8799.0,40.87142,-73.88839,40.87812,-73.89192,member,-1
350,2648269,26CDDF5D55BFD267,electric_bike,2021-10-22 19:06:24,2021-10-22 19:13:18,Grand Concourse & E 199 St,8703,Goulden Ave & W 197 St,8707.0,40.87142,-73.88839,40.87156,-73.89714,casual,-1
351,2691041,F05F243C2C9DF2E9,electric_bike,2021-10-13 07:07:33,2021-10-13 07:10:38,Grand Concourse & E 199 St,8703,Botanical Sq & Webster Ave,8646.0,40.87142,-73.88839,40.86814,-73.88145,member,-1
352,2691047,C3ECA1C772FFA307,classic_bike,2021-10-17 11:12:55,2021-10-17 11:30:47,Grand Concourse & E 199 St,8703,Botanical Sq & Webster Ave,8646.0,40.87142,-73.88839,40.86814,-73.88145,member,-1
353,2691083,183635D405DEE081,electric_bike,2021-10-15 16:46:48,2021-10-15 16:51:02,Grand Concourse & E 199 St,8703,Botanical Sq & Webster Ave,8646.0,40.87142,-73.88839,40.86814,-73.88145,member,-1
354,2691157,8AC377D74A1B6932,electric_bike,2021-10-22 23:14:30,2021-10-22 23:21:56,Grand Concourse & E 199 St,8703,Botanical Sq & Webster Ave,8646.0,40.87142,-73.88839,40.86814,-73.88145,member,-1
355,2691250,CAA826E9E700002E,electric_bike,2021-10-15 14:56:46,2021-10-15 15:01:59,Grand Concourse & E 199 St,8703,Botanical Sq & Webster Ave,8646.0,40.87142,-73.88839,40.86814,-73.88145,member,-1
356,2691340,59E2348E618705AF,electric_bike,2021-10-28 08:14:27,2021-10-28 08:18:40,Grand Concourse & E 199 St,8703,Botanical Sq & Webster Ave,8646.0,40.87142,-73.88839,40.86814,-73.88145,member,-1
357,2691351,2A51F0FE80850019,electric_bike,2021-10-29 07:38:02,2021-10-29 07:54:45,Grand Concourse & E 199 St,8703,Southern Blvd & E 174 St,8163.0,40.87142,-73.88839,40.836733,-73.887931,member,-1
358,2695221,5BFCAD7D3BC377E4,electric_bike,2021-10-16 14:23:18,2021-10-16 14:31:34,Grand Concourse & E 199 St,8703,Botanical Sq & Webster Ave,8646.0,40.87142,-73.88839,40.86814,-73.88145,member,-1
359,2734546,0A1DB3E6626B3405,classic_bike,2021-10-05 15:01:45,2021-10-05 15:08:43,Grand Concourse & E 199 St,8703,E Fordham Rd & Webster Ave,8582.0,40.87142,-73.88839,40.861748,-73.89105,casual,-1
360,2734547,B88AEF5F33E5E742,electric_bike,2021-10-21 19:33:19,2021-10-21 19:39:19,Grand Concourse & E 199 St,8703,E Fordham Rd & Webster Ave,8582.0,40.87142,-73.88839,40.861748,-73.89105,casual,-1
361,2734553,182D76B6C244D850,classic_bike,2021-10-29 15:56:31,2021-10-29 16:04:41,Grand Concourse & E 199 St,8703,E Fordham Rd & Webster Ave,8582.0,40.87142,-73.88839,40.861748,-73.89105,casual,-1
362,2734562,4A3D2B467E77CDB7,classic_bike,2021-10-12 01:09:59,2021-10-12 01:25:09,Grand Concourse & E 199 St,8703,E Fordham Rd & Webster Ave,8582.0,40.87142,-73.88839,40.861748,-73.89105,casual,-1
363,2734604,4645C4D3D2F48E15,electric_bike,2021-10-20 17:04:11,2021-10-20 17:10:30,Grand Concourse & E 199 St,8703,E Fordham Rd & Webster Ave,8582.0,40.87142,-73.88839,40.861748,-73.89105,member,-1
364,2734615,D77CBB387BB99ECF,electric_bike,2021-10-12 18:07:24,2021-10-12 18:13:50,Grand Concourse & E 199 St,8703,E Fordham Rd & Webster Ave,8582.0,40.87142,-73.88839,40.861748,-73.89105,member,-1
365,2734652,B58E4ED4BD3B4951,classic_bike,2021-10-01 19:23:11,2021-10-01 19:28:41,Grand Concourse & E 199 St,8703,E Fordham Rd & Webster Ave,8582.0,40.87142,-73.88839,40.861748,-73.89105,member,-1
366,2734722,55743449F758EA2E,electric_bike,2021-10-07 07:06:15,2021-10-07 07:13:59,Grand Concourse & E 199 St,8703,E Fordham Rd & Webster Ave,8582.0,40.87142,-73.88839,40.861748,-73.89105,member,-1
367,2734758,0C4D28AA35F62BAC,classic_bike,2021-10-25 13:39:17,2021-10-25 13:57:39,Grand Concourse & E 199 St,8703,E Fordham Rd & Webster Ave,8582.0,40.87142,-73.88839,40.861748,-73.89105,casual,-1
368,2734835,35A9271D72E0501C,electric_bike,2021-10-25 20:07:56,2021-10-25 20:16:33,Grand Concourse & E 199 St,8703,E Fordham Rd & Webster Ave,8582.0,40.87142,-73.88839,40.861748,-73.89105,member,-1
369,2782248,E50D29DD2136C066,electric_bike,2021-10-27 20:58:33,2021-10-27 21:19:12,Grand Concourse & E 199 St,8703,Wilkins Ave & Crotona Park E,8167.0,40.87142,-73.88839,40.835302,-73.895133,casual,-1
370,2826337,E10D6AA852CBC034,electric_bike,2021-10-15 08:01:35,2021-10-15 08:12:19,Grand Concourse & E 199 St,8703,Webster Ave & Ford St,8472.0,40.87142,-73.88839,40.85556,-73.89615,member,-1
371,2826363,737879D0FCE7C7FE,classic_bike,2021-10-29 18:01:44,2021-10-29 18:04:23,Grand Concourse & E 199 St,8703,Decatur Ave & Oliver Pl,8631.0,40.87142,-73.88839,40.867,-73.8857764,member,-1
372,2826369,54086C3FCDE4FC46,electric_bike,2021-10-29 03:36:36,2021-10-29 03:55:59,Grand Concourse & E 199 St,8703,University Ave & W Burnside Ave,8462.0,40.87142,-73.88839,40.85501,-73.910751,member,-1
373,2826376,1221576C4559B02E,electric_bike,2021-10-20 08:34:56,2021-10-20 08:47:46,Grand Concourse & E 199 St,8703,Webster Ave & Ford St,8472.0,40.87142,-73.88839,40.85556,-73.89615,member,-1
374,2826381,B56A4B57D9FD711E,electric_bike,2021-10-30 12:21:10,2021-10-30 12:30:26,Grand Concourse & E 199 St,8703,Webster Ave & Ford St,8472.0,40.87142,-73.88839,40.85556,-73.89615,member,-1
375,2826382,5D3855A18A1510A1,electric_bike,2021-10-26 08:19:12,2021-10-26 08:28:18,Grand Concourse & E 199 St,8703,Webster Ave & Ford St,8472.0,40.87142,-73.88839,40.85556,-73.89615,member,-1
376,2826395,0644BA6AA4C464FA,electric_bike,2021-10-31 11:01:30,2021-10-31 11:16:14,Grand Concourse & E 199 St,8703,Dyckman St & Staff St,8655.0,40.87142,-73.88839,40.868846,-73.931537,member,-1
377,2829221,2D748AFA32AEB766,electric_bike,2021-10-12 08:13:28,2021-10-12 08:21:39,Grand Concourse & E 199 St,8703,Webster Ave & Ford St,8472.0,40.87142,-73.88839,40.85556,-73.89615,member,-1
378,2829245,5B0F94E66A06CF0C,electric_bike,2021-10-29 08:45:35,2021-10-29 08:54:02,Grand Concourse & E 199 St,8703,Webster Ave & Ford St,8472.0,40.87142,-73.88839,40.85556,-73.89615,member,-1
379,2829292,C971B25E96CAB2CD,electric_bike,2021-10-02 15:38:31,2021-10-02 15:44:16,Grand Concourse & E 199 St,8703,Decatur Ave & Oliver Pl,8631.0,40.87142,-73.88839,40.867,-73.8857764,casual,-1
380,2829294,0C737DECE079DA29,electric_bike,2021-10-09 09:36:22,2021-10-09 09:48:11,Grand Concourse & E 199 St,8703,University Ave & W Burnside Ave,8462.0,40.87142,-73.88839,40.85501,-73.910751,casual,-1
381,2829400,679B4141681CFC62,electric_bike,2021-10-02 17:13:49,2021-10-02 17:16:32,Grand Concourse & E 199 St,8703,Decatur Ave & Oliver Pl,8631.0,40.87142,-73.88839,40.867,-73.8857764,member,-1
382,2829424,A342C6BE5A84F11D,classic_bike,2021-10-19 07:02:15,2021-10-19 07:06:09,Grand Concourse & E 199 St,8703,Decatur Ave & Oliver Pl,8631.0,40.87142,-73.88839,40.867,-73.8857764,member,-1
383,2835010,F675BC734C0E7A05,classic_bike,2021-10-18 19:24:17,2021-10-18 19:28:54,Grand Concourse & E 199 St,8703,Decatur Ave & Oliver Pl,8631.0,40.87142,-73.88839,40.867,-73.8857764,member,-1
384,2837050,50831CC5CE8A980D,electric_bike,2021-10-29 15:36:23,2021-10-29 15:46:59,Grand Concourse & E 199 St,8703,Webster Ave & Ford St,8472.0,40.87142,-73.88839,40.85556,-73.89615,member,-1
385,2865692,0E44014D66719C15,electric_bike,2021-10-08 12:34:03,2021-10-08 12:48:46,Grand Concourse & E 199 St,8703,W 225 St & Exterior St,8711.0,40.87142,-73.88839,40.873265,-73.906646,casual,-1
386,2865732,CD1595CB2E9A2E07,classic_bike,2021-10-21 09:41:59,2021-10-21 10:12:12,Grand Concourse & E 199 St,8703,Grand Concourse & E 161 St,8021.0,40.87142,-73.88839,40.82713380423556,-73.9227358996868,casual,-1
387,2866495,F05B5C9B0F0C622B,classic_bike,2021-10-15 18:04:56,2021-10-16 14:11:51,Grand Concourse & E 199 St,8703,W 225 St & Exterior St,8711.0,40.87142,-73.88839,40.873265,-73.906646,member,-1
388,2866903,C2072FBA7A525F52,electric_bike,2021-10-27 15:49:27,2021-10-27 16:01:28,Grand Concourse & E 199 St,8703,W 225 St & Exterior St,8711.0,40.87142,-73.88839,40.873265,-73.906646,member,-1
389,2866907,87D221F63CE1D577,electric_bike,2021-10-25 08:03:36,2021-10-25 08:58:36,Grand Concourse & E 199 St,8703,W 225 St & Exterior St,8711.0,40.87142,-73.88839,40.873265,-73.906646,member,-1
390,2866910,911C84E2D8E93FAA,electric_bike,2021-10-27 22:10:55,2021-10-27 22:21:12,Grand Concourse & E 199 St,8703,W 225 St & Exterior St,8711.0,40.87142,-73.88839,40.873265,-73.906646,member,-1
391,2867125,05D6F77775175626,electric_bike,2021-10-06 09:23:44,2021-10-06 09:37:14,Grand Concourse & E 199 St,8703,W 225 St & Exterior St,8711.0,40.87142,-73.88839,40.873265,-73.906646,member,-1
392,2867241,B5A14FA6AF807D18,electric_bike,2021-10-04 20:11:01,2021-10-04 20:22:14,Grand Concourse & E 199 St,8703,W 225 St & Exterior St,8711.0,40.87142,-73.88839,40.873265,-73.906646,casual,-1
0,8570,1274CF820D25B1F8,classic_bike,2021-11-13 16:30:24,2021-11-13 16:37:35,Grand Concourse & E 199 St,8703,Goulden Ave & W 197 St,8707.0,40.87142,-73.88839,40.87156,-73.89714,casual,-1
1,35858,24B77FE47EE07317,electric_bike,2021-11-22 21:47:55,2021-11-22 22:10:58,Grand Concourse & E 199 St,8703,Wilkins Ave & Crotona Park E,8167.0,40.87142,-73.88839,40.835302,-73.895133,casual,-1
2,37263,EE188DA7246FCE55,electric_bike,2021-11-18 17:15:09,2021-11-18 17:40:50,Grand Concourse & E 199 St,8703,Wilkins Ave & Crotona Park E,8167.0,40.87142,-73.88839,40.835302,-73.895133,casual,-1
3,48780,BD26777E47D58A2F,classic_bike,2021-11-18 09:35:23,2021-11-18 09:37:11,Grand Concourse & E 199 St,8703,Grand Concourse & E 203 St,8734.0,40.87142,-73.88839,40.87382,-73.88661,member,-1
4,50301,13635C9361416559,electric_bike,2021-11-22 18:22:02,2021-11-22 18:40:23,Grand Concourse & E 199 St,8703,Grand Concourse & E 203 St,8734.0,40.87142,-73.88839,40.87382,-73.88661,member,-1
5,51697,36DBC2AFBF85739A,electric_bike,2021-11-25 16:39:37,2021-11-25 16:58:45,Grand Concourse & E 199 St,8703,Grand Concourse & E 203 St,8734.0,40.87142,-73.88839,40.87382,-73.88661,casual,-1
6,61853,534266725DAC072E,electric_bike,2021-11-29 11:26:20,2021-11-29 11:29:49,Grand Concourse & E 199 St,8703,Botanical Sq & Webster Ave,8646.0,40.87142,-73.88839,40.86814,-73.88145,member,-1
7,61903,1F737269D9B83CD8,classic_bike,2021-11-29 20:08:32,2021-11-29 20:15:49,Grand Concourse & E 199 St,8703,Botanical Sq & Webster Ave,8646.0,40.87142,-73.88839,40.86814,-73.88145,casual,-1
8,61905,7E898DA0986A0A8F,electric_bike,2021-11-11 10:29:43,2021-11-11 10:34:52,Grand Concourse & E 199 St,8703,Botanical Sq & Webster Ave,8646.0,40.87142,-73.88839,40.86814,-73.88145,casual,-1
9,75402,BABA14D903FE6C4E,electric_bike,2021-11-07 13:34:21,2021-11-07 13:42:05,Grand Concourse & E 199 St,8703,Jerome Ave & Bedford Park Blvd E,8734.0,40.87142,-73.88839,40.87307,-73.88971,member,-1
10,130282,58BB8E7E1C38E88A,classic_bike,2021-11-01 23:06:51,2021-11-01 23:09:28,Grand Concourse & E 199 St,8703,Grand Concourse & E 205 St,8766.0,40.87142,-73.88839,40.875531,-73.8863864831,casual,-1
11,187952,62F6DABDEEA1A0D8,electric_bike,2021-11-11 15:40:51,2021-11-11 15:44:48,Grand Concourse & E 199 St,8703,Jerome Ave & E Mosholu Parkway S,8795.0,40.87142,-73.88839,40.87935,-73.88534,member,-1
12,189083,EBBEE6A50A7A5467,electric_bike,2021-11-10 16:00:07,2021-11-10 16:03:36,Grand Concourse & E 199 St,8703,Decatur Ave & E 197 St,8597.0,40.87142,-73.88839,40.86557,-73.88807,member,-1
13,189088,F5DD2BE0E00AE9A2,electric_bike,2021-11-19 21:42:01,2021-11-19 21:45:42,Grand Concourse & E 199 St,8703,Decatur Ave & E 197 St,8597.0,40.87142,-73.88839,40.86557,-73.88807,member,-1
14,189459,2A9B09ACF3D3BA61,electric_bike,2021-11-05 16:29:36,2021-11-05 16:33:47,Grand Concourse & E 199 St,8703,Jerome Ave & E Mosholu Parkway S,8795.0,40.87142,-73.88839,40.87935,-73.88534,casual,-1
15,205876,ECAC36C11D5B9FD2,electric_bike,2021-11-08 21:00:05,2021-11-08 21:04:07,Grand Concourse & E 199 St,8703,E Fordham Rd & Webster Ave,8582.0,40.87142,-73.88839,40.861748,-73.89105,member,-1
16,226117,86C70E87794A0C2C,electric_bike,2021-11-18 06:05:58,2021-11-18 06:07:16,Grand Concourse & E 199 St,8703,Jerome Ave & Bedford Park Blvd E,8734.0,40.87142,-73.88839,40.87307,-73.88971,member,-1
17,228631,CCFD8D1F43D69543,electric_bike,2021-11-17 16:06:57,2021-11-17 16:28:47,Grand Concourse & E 199 St,8703,Jerome Ave & Bedford Park Blvd E,8734.0,40.87142,-73.88839,40.87307,-73.88971,casual,-1
18,245169,86F5F872B1A108C1,electric_bike,2021-11-05 06:01:36,2021-11-05 06:05:33,Grand Concourse & E 199 St,8703,Goulden Ave & W 205 St,8799.0,40.87142,-73.88839,40.87812,-73.89192,member,-1
19,246446,6A73A0F78910D971,classic_bike,2021-11-19 23:34:55,2021-11-19 23:39:09,Grand Concourse & E 199 St,8703,Goulden Ave & W 205 St,8799.0,40.87142,-73.88839,40.87812,-73.89192,member,-1
20,246449,64D6AA4372E2BE78,electric_bike,2021-11-25 14:49:31,2021-11-25 14:52:50,Grand Concourse & E 199 St,8703,Goulden Ave & W 205 St,8799.0,40.87142,-73.88839,40.87812,-73.89192,member,-1
21,246996,0A506370A2DF989E,electric_bike,2021-11-29 16:34:18,2021-11-29 16:38:23,Grand Concourse & E 199 St,8703,Goulden Ave & W 205 St,8799.0,40.87142,-73.88839,40.87812,-73.89192,member,-1
22,249472,9C64B25C25839A94,electric_bike,2021-11-12 17:21:39,2021-11-12 17:25:12,Grand Concourse & E 199 St,8703,Goulden Ave & W 205 St,8799.0,40.87142,-73.88839,40.87812,-73.89192,member,-1
23,260926,CF3F2F1D9BEE794B,electric_bike,2021-11-21 08:30:25,2021-11-21 08:32:00,Grand Concourse & E 199 St,8703,Bainbridge Ave & Bedford Park Blvd,8682.0,40.87142,-73.88839,40.87002,-73.88565,member,-1
24,260944,83A42717A910EF91,electric_bike,2021-11-02 12:13:43,2021-11-02 12:26:43,Grand Concourse & E 199 St,8703,Bainbridge Ave & Bedford Park Blvd,8682.0,40.87142,-73.88839,40.87002,-73.88565,casual,-1
25,275455,4A4F52C75D51879F,classic_bike,2021-11-02 17:01:15,2021-11-02 17:10:08,Grand Concourse & E 199 St,8703,E 188 St & Creston Ave,8566.0,40.87142,-73.88839,40.861669,-73.898589,member,-1
26,287243,AB0C445F739E2F66,electric_bike,2021-11-05 20:44:54,2021-11-05 20:49:05,Grand Concourse & E 199 St,8703,Goulden Ave & W 197 St,8707.0,40.87142,-73.88839,40.87156,-73.89714,casual,-1
27,287244,420F09570C515302,electric_bike,2021-11-16 18:56:58,2021-11-16 19:01:46,Grand Concourse & E 199 St,8703,Goulden Ave & W 197 St,8707.0,40.87142,-73.88839,40.87156,-73.89714,casual,-1
28,335375,F0CCB5083D5A7AE1,classic_bike,2021-11-10 16:13:34,2021-11-10 16:23:18,Grand Concourse & E 199 St,8703,W Fordham Rd & Loring Pl N,8590.0,40.87142,-73.88839,40.86295,-73.90741,member,-1
29,357290,F380A7C0D8F451B2,electric_bike,2021-11-19 08:52:23,2021-11-19 08:57:11,Grand Concourse & E 199 St,8703,Marion Ave & Mosholu Pkwy,8699.0,40.87142,-73.88839,40.8704956,-73.8818756582,member,-1
30,357358,59DD91D31974D5D4,electric_bike,2021-11-24 09:15:26,2021-11-24 09:19:48,Grand Concourse & E 199 St,8703,Marion Ave & Mosholu Pkwy,8699.0,40.87142,-73.88839,40.8704956,-73.8818756582,member,-1
31,357359,DF052844014C7140,electric_bike,2021-11-25 08:29:56,2021-11-25 08:32:53,Grand Concourse & E 199 St,8703,Marion Ave & Mosholu Pkwy,8699.0,40.87142,-73.88839,40.8704956,-73.8818756582,member,-1
32,357365,A0CBCAC750487F60,electric_bike,2021-11-26 14:53:18,2021-11-26 14:56:56,Grand Concourse & E 199 St,8703,Marion Ave & Mosholu Pkwy,8699.0,40.87142,-73.88839,40.8704956,-73.8818756582,casual,-1
33,357706,A653DC8AAE598E03,electric_bike,2021-11-18 02:39:28,2021-11-18 02:48:19,Grand Concourse & E 199 St,8703,Marion Ave & Mosholu Pkwy,8699.0,40.87142,-73.88839,40.8704956,-73.8818756582,member,-1
34,401410,08081DE8D856AF16,electric_bike,2021-11-01 04:08:45,2021-11-01 04:12:56,Grand Concourse & E 199 St,8703,Grand Concourse & E 192 St,8601.0,40.87142,-73.88839,40.86448,-73.89522,member,-1
35,449738,8507936CD505C03A,electric_bike,2021-11-27 01:48:19,2021-11-27 02:17:51,Grand Concourse & E 199 St,8703,Grand Concourse & E 167 St,8126.0,40.87142,-73.88839,40.834263,-73.917641,member,-1
36,481002,1FC67023A3C81CA8,electric_bike,2021-11-20 12:57:57,2021-11-20 13:01:46,Grand Concourse & E 199 St,8703,Grand Concourse & E 196 St,8635.0,40.87142,-73.88839,40.86767,-73.89286,casual,-1
37,482359,9D7D63A31BF9EB2C,electric_bike,2021-11-25 12:38:47,2021-11-25 12:41:25,Grand Concourse & E 199 St,8703,Grand Concourse & E 196 St,8635.0,40.87142,-73.88839,40.86767,-73.89286,casual,-1
38,496190,3F93383110BF0062,electric_bike,2021-11-15 11:54:13,2021-11-15 11:57:54,Bedford Park Blvd & Paul Ave,8752,Grand Concourse & E 199 St,8703.0,40.87444,-73.89186,40.87142,-73.88839,member,1
39,496278,025CD38CB560EF1C,classic_bike,2021-11-12 23:00:34,2021-11-12 23:03:34,Bedford Park Blvd & Paul Ave,8752,Grand Concourse & E 199 St,8703.0,40.87444,-73.89186,40.87142,-73.88839,member,1
40,496376,4297DCD2BB68E6A3,electric_bike,2021-11-27 00:55:06,2021-11-27 01:01:02,Botanical Sq & Webster Ave,8646,Grand Concourse & E 199 St,8703.0,40.86814,-73.88145,40.87142,-73.88839,member,1
41,496524,3FB1A821D169E4BB,electric_bike,2021-11-22 21:47:33,2021-11-22 21:47:36,Grand Concourse & E 199 St,8703,Grand Concourse & E 199 St,8703.0,40.87142,-73.88839,40.87142,-73.88839,casual,0
42,496740,776E932122003570,electric_bike,2021-11-18 20:53:08,2021-11-18 20:58:22,Bainbridge Ave & Bedford Park Blvd,8682,Grand Concourse & E 199 St,8703.0,40.87002,-73.88565,40.87142,-73.88839,member,1
43,496840,25CF602FA33AF178,electric_bike,2021-11-24 00:59:19,2021-11-24 01:03:43,Botanical Sq & Webster Ave,8646,Grand Concourse & E 199 St,8703.0,40.86814,-73.88145,40.87142,-73.88839,member,1
44,497127,7E7FA7DF514FB3DB,electric_bike,2021-11-07 11:39:32,2021-11-07 11:40:10,Grand Concourse & E 199 St,8703,Grand Concourse & E 199 St,8703.0,40.87142,-73.88839,40.87142,-73.88839,member,0
45,497162,00C044C1D091C931,electric_bike,2021-11-05 18:13:23,2021-11-05 18:51:36,Lenox Ave & W 140 St,7872,Grand Concourse & E 199 St,8703.0,40.817245,-73.938787,40.87142,-73.88839,member,1
46,497857,6055BDB591C4343E,electric_bike,2021-11-11 07:14:28,2021-11-11 07:17:53,Decatur Ave & E 197 St,8597,Grand Concourse & E 199 St,8703.0,40.86557,-73.88807,40.87142,-73.88839,member,1
47,498189,0E988E41B7F3A808,electric_bike,2021-11-28 17:26:58,2021-11-28 17:38:10,Walton Ave & E 183 St,8514,Grand Concourse & E 199 St,8703.0,40.858472,-73.90266,40.87142,-73.88839,casual,1
48,498337,6D6D086BC2E03C09,electric_bike,2021-11-18 17:14:09,2021-11-18 17:14:25,Grand Concourse & E 199 St,8703,Grand Concourse & E 199 St,8703.0,40.87142,-73.88839,40.87142,-73.88839,casual,0
49,498338,AF94F1EBA67D1772,electric_bike,2021-11-18 17:14:48,2021-11-18 17:14:51,Grand Concourse & E 199 St,8703,Grand Concourse & E 199 St,8703.0,40.87142,-73.88839,40.87142,-73.88839,casual,0
50,499032,8851CF93863D9FEE,electric_bike,2021-11-11 21:14:34,2021-11-11 21:19:27,E Fordham Rd & Webster Ave,8582,Grand Concourse & E 199 St,8703.0,40.861748,-73.89105,40.87142,-73.88839,member,1
51,499441,EC01E70750C775E5,electric_bike,2021-11-08 17:08:10,2021-11-08 17:11:45,Grand Concourse & E 205 St,8766,Grand Concourse & E 199 St,8703.0,40.875531,-73.8863864831,40.87142,-73.88839,member,1
52,499891,BE9786390B1EDCDC,electric_bike,2021-11-08 08:37:29,2021-11-08 17:21:17,E 201 St & Briggs Ave,8717,Grand Concourse & E 199 St,8703.0,40.87207,-73.88459,40.87142,-73.88839,casual,1
53,499969,E69D68D613BD5105,classic_bike,2021-11-08 15:05:51,2021-11-08 15:08:21,E 201 St & Briggs Ave,8717,Grand Concourse & E 199 St,8703.0,40.87207,-73.88459,40.87142,-73.88839,member,1
54,500068,59083AB2C35905B7,classic_bike,2021-11-17 17:08:02,2021-11-17 18:06:11,Broadway & W 185 St,8416,Grand Concourse & E 199 St,8703.0,40.852538,-73.93441,40.87142,-73.88839,casual,1
55,500700,EF1C11EF76DF58F5,electric_bike,2021-11-01 22:19:22,2021-11-01 22:24:57,E Fordham Rd & Webster Ave,8582,Grand Concourse & E 199 St,8703.0,40.861748,-73.89105,40.87142,-73.88839,casual,1
56,501076,9E0F76071ECF7E1C,electric_bike,2021-11-15 14:46:23,2021-11-15 14:54:22,Goulden Ave & W 197 St,8707,Grand Concourse & E 199 St,8703.0,40.87156,-73.89714,40.87142,-73.88839,casual,1
57,501481,212744047CAE2867,electric_bike,2021-11-24 23:02:31,2021-11-24 23:10:21,Jerome Ave & W 195 St,8653,Grand Concourse & E 199 St,8703.0,40.86874,-73.89657,40.87142,-73.88839,casual,1
58,501599,2D49E92950D90523,electric_bike,2021-11-17 16:57:47,2021-11-17 17:02:05,Botanical Sq & Webster Ave,8646,Grand Concourse & E 199 St,8703.0,40.86814,-73.88145,40.87142,-73.88839,member,1
59,501843,43B8BF2812093FE0,electric_bike,2021-11-27 18:42:16,2021-11-27 18:47:13,Tiebout Ave & E Fordham Road,8546,Grand Concourse & E 199 St,8703.0,40.861915,-73.894831,40.87142,-73.88839,casual,1
60,501873,F3940AF51BF28B62,electric_bike,2021-11-03 13:19:33,2021-11-03 13:24:47,Tiebout Ave & E Fordham Road,8546,Grand Concourse & E 199 St,8703.0,40.861915,-73.894831,40.87142,-73.88839,casual,1
61,501997,9D8FFFDEA668A5EE,electric_bike,2021-11-01 19:51:31,2021-11-01 19:55:42,Goulden Ave & W 197 St,8707,Grand Concourse & E 199 St,8703.0,40.87156,-73.89714,40.87142,-73.88839,casual,1
62,502172,2902F06B70949423,electric_bike,2021-11-08 06:48:57,2021-11-08 06:53:49,Decatur Ave & E 197 St,8597,Grand Concourse & E 199 St,8703.0,40.86557,-73.88807,40.87142,-73.88839,member,1
63,502558,D3E6AF34EEE45D9C,electric_bike,2021-11-05 14:00:52,2021-11-05 14:05:14,Jerome Ave & W 195 St,8653,Grand Concourse & E 199 St,8703.0,40.86874,-73.89657,40.87142,-73.88839,member,1
64,502948,BBFE61478610FE05,electric_bike,2021-11-22 17:48:43,2021-11-22 17:52:23,Grand Concourse & E 199 St,8703,Grand Concourse & E 199 St,8703.0,40.87142,-73.88839,40.87142,-73.88839,casual,0
65,503061,D7146913EB6471B0,electric_bike,2021-11-10 07:04:26,2021-11-10 07:08:35,Decatur Ave & E 197 St,8597,Grand Concourse & E 199 St,8703.0,40.86557,-73.88807,40.87142,-73.88839,member,1
66,503304,B27EFDD1A82260DE,electric_bike,2021-11-11 20:12:59,2021-11-11 20:53:28,Jerome Ave & Bedford Park Blvd E,8734,Grand Concourse & E 199 St,8703.0,40.87307,-73.88971,40.87142,-73.88839,member,1
67,503914,9142EF0EC1879EA9,electric_bike,2021-11-11 11:09:55,2021-11-11 11:17:59,E Fordham Rd & Webster Ave,8582,Grand Concourse & E 199 St,8703.0,40.861748,-73.89105,40.87142,-73.88839,casual,1
68,503922,B4EAB2C00D97FCFB,electric_bike,2021-11-06 21:53:47,2021-11-06 21:59:42,E Fordham Rd & Webster Ave,8582,Grand Concourse & E 199 St,8703.0,40.861748,-73.89105,40.87142,-73.88839,member,1
69,504062,CB7A8629E4FF095A,electric_bike,2021-11-09 20:00:04,2021-11-09 20:10:06,Walton Ave & E 183 St,8514,Grand Concourse & E 199 St,8703.0,40.858472,-73.90266,40.87142,-73.88839,member,1
70,504097,240A80277B06F97E,electric_bike,2021-11-06 23:37:42,2021-11-07 00:19:38,Southern Blvd & E 149 St,7788,Grand Concourse & E 199 St,8703.0,40.811892,-73.904192,40.87142,-73.88839,member,1
71,504129,DB2B966D297DFD81,electric_bike,2021-11-19 13:15:36,2021-11-19 13:25:12,E Fordham Rd & Webster Ave,8582,Grand Concourse & E 199 St,8703.0,40.861748,-73.89105,40.87142,-73.88839,casual,1
72,504599,975EE85707039556,electric_bike,2021-11-07 11:34:20,2021-11-07 11:37:57,Decatur Ave & Oliver Pl,8631,Grand Concourse & E 199 St,8703.0,40.867,-73.8857764,40.87142,-73.88839,member,1
73,504635,BE1D7E1C9CF25283,electric_bike,2021-11-07 01:17:03,2021-11-07 01:55:29,Grand Concourse & E 199 St,8703,Grand Concourse & E 199 St,8703.0,40.87142,-73.88839,40.87142,-73.88839,member,0
74,504905,DAAA6118A68B4454,electric_bike,2021-11-30 04:56:14,2021-11-30 04:59:21,Decatur Ave & Oliver Pl,8631,Grand Concourse & E 199 St,8703.0,40.867,-73.8857764,40.87142,-73.88839,member,1
75,505552,5B03E94BB7DA404B,electric_bike,2021-11-22 19:39:58,2021-11-22 19:43:41,Goulden Ave & Bedford Park Blvd W,8738,Grand Concourse & E 199 St,8703.0,40.87387,-73.89533,40.87142,-73.88839,casual,1
76,519641,3528DE31E39B722D,electric_bike,2021-11-02 09:31:16,2021-11-02 09:48:41,Grand Concourse & E 199 St,8703,Folin St & E 181 St,8435.0,40.87142,-73.88839,40.853929,-73.898385,member,-1
77,527837,2BC925E16645CCA7,electric_bike,2021-11-07 08:19:31,2021-11-07 08:35:18,Grand Concourse & E 199 St,8703,Morris Ave & E 171 St,8209.0,40.87142,-73.88839,40.83899,-73.9109,casual,-1
78,542443,43365270BB6F1252,electric_bike,2021-11-30 20:02:52,2021-11-30 20:12:21,Grand Concourse & E 199 St,8703,W 192 St & University Ave,8639.0,40.87142,-73.88839,40.866899,-73.901942,casual,-1
79,581204,30C520EA9947F605,classic_bike,2021-11-01 07:38:03,2021-11-01 07:42:37,Grand Concourse & E 199 St,8703,Botanical Sq & Webster Ave,8646.0,40.87142,-73.88839,40.86814,-73.88145,member,-1
80,581303,9A746F5AB86E9FD5,electric_bike,2021-11-29 20:10:06,2021-11-29 20:15:07,Grand Concourse & E 199 St,8703,Botanical Sq & Webster Ave,8646.0,40.87142,-73.88839,40.86814,-73.88145,casual,-1
81,581368,ACD9E4097B31AE38,electric_bike,2021-11-03 14:21:43,2021-11-03 14:25:25,Grand Concourse & E 199 St,8703,Botanical Sq & Webster Ave,8646.0,40.87142,-73.88839,40.86814,-73.88145,member,-1
82,587135,32A3C8305268665C,electric_bike,2021-11-09 02:42:47,2021-11-09 03:00:00,Grand Concourse & E 199 St,8703,Botanical Sq & Webster Ave,8646.0,40.87142,-73.88839,40.86814,-73.88145,casual,-1
83,587842,15C25A16582040DA,electric_bike,2021-11-24 07:40:55,2021-11-24 07:44:35,Grand Concourse & E 199 St,8703,Botanical Sq & Webster Ave,8646.0,40.87142,-73.88839,40.86814,-73.88145,member,-1
84,608135,E43D4EB1C480DBF2,electric_bike,2021-11-19 16:25:56,2021-11-19 16:32:42,Grand Concourse & E 199 St,8703,Jerome Ave & W Fordham Rd,8586.0,40.87142,-73.88839,40.86294,-73.90108,member,-1
85,608422,ABC3453C34D90BFB,electric_bike,2021-11-01 15:56:19,2021-11-01 16:18:35,Grand Concourse & E 199 St,8703,Jerome Ave & W Fordham Rd,8586.0,40.87142,-73.88839,40.86294,-73.90108,member,-1
86,655033,EC945F2DB00ED7FC,electric_bike,2021-11-06 13:31:01,2021-11-06 13:40:06,Grand Concourse & E 199 St,8703,Webster Ave & Ford St,8472.0,40.87142,-73.88839,40.85556,-73.89615,member,-1
87,655213,2E34FA1F25CB02B8,electric_bike,2021-11-24 13:58:36,2021-11-24 14:03:08,Grand Concourse & E 199 St,8703,Decatur Ave & Oliver Pl,8631.0,40.87142,-73.88839,40.867,-73.8857764,member,-1
88,664906,ED495B3FFD969C72,electric_bike,2021-11-04 08:30:03,2021-11-04 08:43:36,Grand Concourse & E 199 St,8703,Webster Ave & Ford St,8472.0,40.87142,-73.88839,40.85556,-73.89615,member,-1
89,664956,2886193628A77108,classic_bike,2021-11-03 15:28:21,2021-11-03 15:31:53,Grand Concourse & E 199 St,8703,Decatur Ave & Oliver Pl,8631.0,40.87142,-73.88839,40.867,-73.8857764,member,-1
90,664970,F633D885B078B7E9,electric_bike,2021-11-22 07:57:48,2021-11-22 08:10:32,Grand Concourse & E 199 St,8703,Webster Ave & Ford St,8472.0,40.87142,-73.88839,40.85556,-73.89615,member,-1
91,664971,65E3BD28414697F7,electric_bike,2021-11-29 08:39:00,2021-11-29 08:56:41,Grand Concourse & E 199 St,8703,Webster Ave & Ford St,8472.0,40.87142,-73.88839,40.85556,-73.89615,member,-1
92,664979,C7EFECC90ACE0AFD,electric_bike,2021-11-06 17:40:38,2021-11-06 17:44:13,Grand Concourse & E 199 St,8703,Decatur Ave & Oliver Pl,8631.0,40.87142,-73.88839,40.867,-73.8857764,member,-1
93,711336,D2D51DB979BEB269,electric_bike,2021-11-23 08:28:56,2021-11-23 08:37:08,Grand Concourse & E 199 St,8703,Bainbridge Ave & E 193 St,8582.0,40.87142,-73.88839,40.86389,-73.89246,member,-1
94,717336,5A0108C75135B1D0,electric_bike,2021-11-11 12:46:01,2021-11-11 12:51:05,Grand Concourse & E 199 St,8703,Bainbridge Ave & E 193 St,8582.0,40.87142,-73.88839,40.86389,-73.89246,member,-1
95,720448,3E3B9E333513E99F,classic_bike,2021-11-20 17:56:33,2021-11-20 18:06:06,Grand Concourse & E 199 St,8703,E Mosholu Pkwy & E 204 St,8748.0,40.87142,-73.88839,40.8740704,-73.8833650931,casual,-1
96,720449,38EF6A3108A086DB,classic_bike,2021-11-20 17:59:55,2021-11-20 18:06:13,Grand Concourse & E 199 St,8703,E Mosholu Pkwy & E 204 St,8748.0,40.87142,-73.88839,40.8740704,-73.8833650931,casual,-1
97,724946,4D05CDD9B5988D84,classic_bike,2021-11-03 22:30:25,2021-11-03 22:34:27,Grand Concourse & E 199 St,8703,E Mosholu Pkwy & Van Cortlandt Ave E,8778.0,40.87142,-73.88839,40.87656,-73.88366,casual,-1
98,724969,7DEF789BBDC5902F,electric_bike,2021-11-12 20:30:22,2021-11-12 21:05:13,Grand Concourse & E 199 St,8703,Bainbridge Ave & E 198 St,8649.0,40.87142,-73.88839,40.8684871,-73.8884559781,member,-1
99,736640,59056C944F3A051B,electric_bike,2021-11-01 23:21:17,2021-11-01 23:32:44,Grand Concourse & E 199 St,8703,University Ave & Macombs Rd,8344.0,40.87142,-73.88839,40.8496401,-73.9161206,casual,-1
100,758409,07EAF75022DC48E1,electric_bike,2021-11-17 17:28:35,2021-11-17 18:11:15,Grand Concourse & E 199 St,8703,W 186 St & St. Nicholas Ave,8416.0,40.87142,-73.88839,40.852253,-73.931308,member,-1
101,941205,CE976F0F3F3FFA7F,classic_bike,2021-11-24 11:47:43,2021-11-24 12:17:50,Grand Concourse & E 199 St,8703,Grand Concourse & E 164 St,8057.0,40.87142,-73.88839,40.829608,-73.921461,member,-1
102,1013314,590946751CF37555,electric_bike,2021-11-04 18:30:57,2021-11-04 19:05:30,Grand Concourse & E 199 St,8703,Amsterdam Ave & W 183 St,8353.0,40.87142,-73.88839,40.84925,-73.93022,member,-1
103,1023582,B4E5FF4AFD9C1667,electric_bike,2021-11-11 18:37:49,2021-11-11 19:06:53,Grand Concourse & E 199 St,8703,Audobon Ave & W 179 St,8316.0,40.87142,-73.88839,40.847305,-73.933291,member,-1
104,1023583,2D6A1462FBCC8A96,electric_bike,2021-11-10 19:20:32,2021-11-10 19:48:30,Grand Concourse & E 199 St,8703,Audobon Ave & W 179 St,8316.0,40.87142,-73.88839,40.847305,-73.933291,member,-1
105,1107889,766727EEB0BBF30A,electric_bike,2021-11-24 00:02:38,2021-11-24 00:36:42,Grand Concourse & E 199 St,8703,Tiebout Ave & E 184 St,8510.0,40.87142,-73.88839,40.858498,-73.89637,casual,-1
106,1159879,C337EA3F0B6B890E,electric_bike,2021-11-22 17:56:48,2021-11-22 21:15:52,Grand Concourse & E 199 St,8703,Paul Ave & W 205 St,8782.0,40.87142,-73.88839,40.87704,-73.88943,casual,-1
107,1184171,D566F4A3E9BCF4AB,electric_bike,2021-11-17 21:24:57,2021-11-17 21:29:08,Grand Concourse & E 199 St,8703,Jerome Ave & W 193 St,8619.0,40.87142,-73.88839,40.86659,-73.89794,member,-1
108,1184634,39842B364CFED926,electric_bike,2021-11-22 19:13:24,2021-11-22 19:17:38,Grand Concourse & E 199 St,8703,Jerome Ave & W 193 St,8619.0,40.87142,-73.88839,40.86659,-73.89794,member,-1
109,1231820,FAEE3745CD30D8AF,electric_bike,2021-11-08 17:23:48,2021-11-08 17:55:04,Grand Concourse & E 199 St,8703,Wilkins Ave & Crotona Park E,8167.0,40.87142,-73.88839,40.835302,-73.895133,casual,-1
110,1247026,18693B9EB3C37C42,electric_bike,2021-11-15 20:41:54,2021-11-15 21:05:59,Grand Concourse & E 199 St,8703,Wilkins Ave & Crotona Park E,8167.0,40.87142,-73.88839,40.835302,-73.895133,casual,-1
111,1289883,A5F9CE698EEC3DE4,electric_bike,2021-11-01 22:56:20,2021-11-01 23:16:01,Grand Concourse & E 199 St,8703,W 212 St & 10 Ave,8647.0,40.87142,-73.88839,40.8676583895191,-73.91675725579262,member,-1
112,1289884,DA5748E5329797CA,electric_bike,2021-11-30 13:14:29,2021-11-30 13:27:26,Grand Concourse & E 199 St,8703,W 204 St & Nagle Ave,8579.0,40.87142,-73.88839,40.863211,-73.920827,casual,-1
113,1299670,8C53DF2B45010074,electric_bike,2021-11-16 15:49:22,2021-11-16 16:10:51,Grand Concourse & E 199 St,8703,W 212 St & 10 Ave,8647.0,40.87142,-73.88839,40.8676583895191,-73.91675725579262,member,-1
114,1317201,2CC5E750A68C1036,electric_bike,2021-11-08 15:09:03,2021-11-08 15:29:52,Grand Concourse & E 199 St,8703,E 165 St & Clay Ave,8052.0,40.87142,-73.88839,40.82809,-73.91288,member,-1
115,1321624,C45EC49DE3E68BDB,electric_bike,2021-11-25 15:39:31,2021-11-25 15:46:35,Grand Concourse & E 199 St,8703,Tiebout Ave & E Fordham Road,8546.0,40.87142,-73.88839,40.861915,-73.894831,member,-1
116,1324352,315B0ACD203F76EC,electric_bike,2021-11-16 08:17:15,2021-11-16 08:24:24,Grand Concourse & E 199 St,8703,Tiebout Ave & E Fordham Road,8546.0,40.87142,-73.88839,40.861915,-73.894831,member,-1
117,1327249,1D8D14AF0E041CB7,electric_bike,2021-11-10 00:38:21,2021-11-10 01:11:17,Grand Concourse & E 199 St,8703,Home St & Westchester Ave,8020.0,40.87142,-73.88839,40.827629,-73.886659,casual,-1
118,1428835,6CBB09D6A541A7F4,electric_bike,2021-11-30 21:20:32,2021-11-30 21:26:38,Grand Concourse & E 199 St,8703,E Fordham Rd & Webster Ave,8582.0,40.87142,-73.88839,40.861748,-73.89105,casual,-1
119,1428859,A96B52232CAFA8C3,classic_bike,2021-11-05 13:41:14,2021-11-05 13:47:32,Grand Concourse & E 199 St,8703,E Fordham Rd & Webster Ave,8582.0,40.87142,-73.88839,40.861748,-73.89105,casual,-1
120,1432470,62704880F348BE4E,electric_bike,2021-11-27 17:17:32,2021-11-27 17:25:25,Grand Concourse & E 199 St,8703,E Fordham Rd & Webster Ave,8582.0,40.87142,-73.88839,40.861748,-73.89105,casual,-1
121,1432617,37B127C6014A0CF5,electric_bike,2021-11-04 20:51:11,2021-11-04 21:04:33,Grand Concourse & E 199 St,8703,E Fordham Rd & Webster Ave,8582.0,40.87142,-73.88839,40.861748,-73.89105,casual,-1
122,1437087,19591695973CBEE3,electric_bike,2021-11-19 08:52:07,2021-11-19 09:03:15,Grand Concourse & E 199 St,8703,E Fordham Rd & Webster Ave,8582.0,40.87142,-73.88839,40.861748,-73.89105,member,-1
123,1437088,D6B119033E9F8D92,electric_bike,2021-11-20 09:45:31,2021-11-20 09:52:12,Grand Concourse & E 199 St,8703,E Fordham Rd & Webster Ave,8582.0,40.87142,-73.88839,40.861748,-73.89105,member,-1
124,1442620,F225CA26F3C9FC70,electric_bike,2021-11-18 14:12:21,2021-11-18 14:18:38,Grand Concourse & E 199 St,8703,E Fordham Rd & Webster Ave,8582.0,40.87142,-73.88839,40.861748,-73.89105,casual,-1
125,1444321,256EAF643A2233B8,electric_bike,2021-11-12 07:20:41,2021-11-12 07:28:15,Grand Concourse & E 199 St,8703,E Fordham Rd & Webster Ave,8582.0,40.87142,-73.88839,40.861748,-73.89105,member,-1
126,1512963,400377B25AB4CEB1,electric_bike,2021-11-07 11:40:47,2021-11-07 12:35:55,Grand Concourse & E 199 St,8703,Morris Ave & E Burnside Ave,8441.0,40.87142,-73.88839,40.85322,-73.90546,member,-1
127,1575509,E29BC38A1542CF59,electric_bike,2021-11-07 13:33:10,2021-11-07 13:50:43,Grand Concourse & E 199 St,8703,Sherman Ave & Thayer St,8583.0,40.87142,-73.88839,40.863124,-73.926994,member,-1
128,1620088,DDB804D3F0FC7DAD,electric_bike,2021-11-27 20:39:43,2021-11-28 01:24:03,Grand Concourse & E 199 St,8703,Grand Concourse & E 196 St,8635.0,40.87142,-73.88839,40.86767,-73.89286,casual,-1
129,1620548,4121088681A8A4C1,electric_bike,2021-11-29 18:27:20,2021-11-29 18:31:56,Grand Concourse & E 199 St,8703,Grand Concourse & E 196 St,8635.0,40.87142,-73.88839,40.86767,-73.89286,casual,-1
130,1621116,070E11F1D10EF24B,electric_bike,2021-11-17 18:17:52,2021-11-17 18:29:51,Grand Concourse & E 199 St,8703,Grand Concourse & E 196 St,8635.0,40.87142,-73.88839,40.86767,-73.89286,casual,-1
131,1636995,748F3B0DB8D51277,electric_bike,2021-11-18 16:45:58,2021-11-18 16:50:56,Goulden Ave & W 205 St,8799,Grand Concourse & E 199 St,8703.0,40.87812,-73.89192,40.87142,-73.88839,member,1
132,1636996,FE61017FF5E4A75F,electric_bike,2021-11-17 19:47:45,2021-11-17 19:51:59,Goulden Ave & W 205 St,8799,Grand Concourse & E 199 St,8703.0,40.87812,-73.89192,40.87142,-73.88839,member,1
133,1636997,16F205C9C68F05D7,electric_bike,2021-11-02 19:07:33,2021-11-02 19:11:33,Goulden Ave & W 205 St,8799,Grand Concourse & E 199 St,8703.0,40.87812,-73.89192,40.87142,-73.88839,member,1
134,1637045,BB28DE3A1A6DB9C6,electric_bike,2021-11-28 19:26:09,2021-11-28 19:34:27,Grand Concourse & E 199 St,8703,Grand Concourse & E 199 St,8703.0,40.87142,-73.88839,40.87142,-73.88839,member,0
135,1637302,74F1A227784F0FE3,electric_bike,2021-11-10 19:19:07,2021-11-10 19:19:38,Grand Concourse & E 199 St,8703,Grand Concourse & E 199 St,8703.0,40.87142,-73.88839,40.87142,-73.88839,member,0
136,1637683,48F4447E9008357A,electric_bike,2021-11-06 23:43:34,2021-11-07 00:19:56,E 149 St & Eagle Ave,7793,Grand Concourse & E 199 St,8703.0,40.814046,-73.91186,40.87142,-73.88839,casual,1
137,1637742,EEE10638E6939B9A,electric_bike,2021-11-18 12:34:59,2021-11-18 12:45:54,E Tremont Ave & E 176 St,8356,Grand Concourse & E 199 St,8703.0,40.847798,-73.901883,40.87142,-73.88839,member,1
138,1637767,C6F0DF2CD2F1CAA9,classic_bike,2021-11-15 17:23:29,2021-11-15 17:43:35,E Tremont Ave & E 176 St,8356,Grand Concourse & E 199 St,8703.0,40.847798,-73.901883,40.87142,-73.88839,casual,1
139,1637849,9F8FD83E4818EAC8,electric_bike,2021-11-15 19:42:43,2021-11-15 19:45:58,Goulden Ave & Bedford Park Blvd W,8738,Grand Concourse & E 199 St,8703.0,40.87387,-73.89533,40.87142,-73.88839,casual,1
140,1637937,7667ED63AAFB568A,electric_bike,2021-11-06 07:21:02,2021-11-06 07:23:56,Decatur Ave & Oliver Pl,8631,Grand Concourse & E 199 St,8703.0,40.867,-73.8857764,40.87142,-73.88839,member,1
141,1638212,B73A31056CC45522,electric_bike,2021-11-18 15:19:55,2021-11-18 15:25:12,Jerome Ave & E Mosholu Parkway S,8795,Grand Concourse & E 199 St,8703.0,40.87935,-73.88534,40.87142,-73.88839,casual,1
142,1638215,FE12C91DBB51E8DD,electric_bike,2021-11-10 20:57:10,2021-11-10 21:00:45,Jerome Ave & E Mosholu Parkway S,8795,Grand Concourse & E 199 St,8703.0,40.87935,-73.88534,40.87142,-73.88839,member,1
143,1638241,A6C18D3ABE31E6C3,electric_bike,2021-11-30 16:22:06,2021-11-30 16:32:23,E Fordham Rd & Webster Ave,8582,Grand Concourse & E 199 St,8703.0,40.861748,-73.89105,40.87142,-73.88839,casual,1
144,1638348,696EF98FD7F86B2B,electric_bike,2021-11-30 01:25:29,2021-11-30 01:44:15,Isham St & Broadway,8665,Grand Concourse & E 199 St,8703.0,40.86788,-73.919685,40.87142,-73.88839,casual,1
145,1638568,A47FA60AF44C735F,classic_bike,2021-11-01 20:49:50,2021-11-01 20:54:07,Paul Ave & W 205 St,8782,Grand Concourse & E 199 St,8703.0,40.87704,-73.88943,40.87142,-73.88839,casual,1
146,1638819,4B3BAEC590AA1998,electric_bike,2021-11-02 01:04:51,2021-11-02 01:22:08,University Ave & Macombs Rd,8344,Grand Concourse & E 199 St,8703.0,40.8496401,-73.9161206,40.87142,-73.88839,casual,1
147,1638830,54CCBCC38D64AA51,electric_bike,2021-11-23 16:59:41,2021-11-23 17:08:32,Botanical Sq & Webster Ave,8646,Grand Concourse & E 199 St,8703.0,40.86814,-73.88145,40.87142,-73.88839,member,1
148,1638854,ADACFC94CD2BEEE6,electric_bike,2021-11-24 18:06:46,2021-11-24 18:15:52,Botanical Sq & Webster Ave,8646,Grand Concourse & E 199 St,8703.0,40.86814,-73.88145,40.87142,-73.88839,member,1
149,1638855,2618DD1AA29A4FB0,electric_bike,2021-11-29 19:57:55,2021-11-29 20:08:03,Botanical Sq & Webster Ave,8646,Grand Concourse & E 199 St,8703.0,40.86814,-73.88145,40.87142,-73.88839,member,1
150,1638856,56A36895F39355D2,electric_bike,2021-11-28 18:38:33,2021-11-28 18:46:54,Botanical Sq & Webster Ave,8646,Grand Concourse & E 199 St,8703.0,40.86814,-73.88145,40.87142,-73.88839,member,1
151,1639244,93856F7854179994,classic_bike,2021-11-13 07:46:11,2021-11-13 07:47:10,Grand Concourse & E 199 St,8703,Grand Concourse & E 199 St,8703.0,40.87142,-73.88839,40.87142,-73.88839,casual,0
152,1639356,4397C8B0D68BE672,electric_bike,2021-11-11 20:25:28,2021-11-11 20:29:57,Grand Concourse & E 203 St,8734,Grand Concourse & E 199 St,8703.0,40.87382,-73.88661,40.87142,-73.88839,member,1
153,1639622,A66DA319D81FC4AD,electric_bike,2021-11-17 14:55:11,2021-11-17 14:59:01,Grand Concourse & E 192 St,8601,Grand Concourse & E 199 St,8703.0,40.86448,-73.89522,40.87142,-73.88839,member,1
154,1639629,91FDBCB3A4758F1F,electric_bike,2021-11-25 10:09:22,2021-11-25 10:12:28,Grand Concourse & E 192 St,8601,Grand Concourse & E 199 St,8703.0,40.86448,-73.89522,40.87142,-73.88839,member,1
155,1639829,95D376D8EFD7657C,classic_bike,2021-11-19 14:01:31,2021-11-19 14:03:52,Grand Concourse & E 196 St,8635,Grand Concourse & E 199 St,8703.0,40.86767,-73.89286,40.87142,-73.88839,casual,1
156,1639924,379414686BF56F43,electric_bike,2021-11-12 18:14:28,2021-11-12 18:21:26,Jerome Ave & E Mosholu Parkway S,8795,Grand Concourse & E 199 St,8703.0,40.87935,-73.88534,40.87142,-73.88839,casual,1
157,1639933,C0F8EBE17474658C,electric_bike,2021-11-02 21:35:49,2021-11-02 21:39:33,Marion Ave & Mosholu Pkwy,8699,Grand Concourse & E 199 St,8703.0,40.8704956,-73.8818756582,40.87142,-73.88839,casual,1
158,1639984,84F23EDCF055F0D1,electric_bike,2021-11-17 14:59:10,2021-11-17 15:04:48,Tiebout Ave & E Fordham Road,8546,Grand Concourse & E 199 St,8703.0,40.861915,-73.894831,40.87142,-73.88839,casual,1
159,1640066,B4D7F77B87310D8D,electric_bike,2021-11-03 01:42:45,2021-11-03 02:09:15,Tiebout Ave & E Fordham Road,8546,Grand Concourse & E 199 St,8703.0,40.861915,-73.894831,40.87142,-73.88839,member,1
160,1640094,0E8758CC1BB0CA09,electric_bike,2021-11-25 16:15:36,2021-11-25 16:20:58,Tiebout Ave & E Fordham Road,8546,Grand Concourse & E 199 St,8703.0,40.861915,-73.894831,40.87142,-73.88839,member,1
161,1640541,B62BBBD6A866A3DE,electric_bike,2021-11-10 17:19:13,2021-11-10 17:31:19,Decatur Ave & E 197 St,8597,Grand Concourse & E 199 St,8703.0,40.86557,-73.88807,40.87142,-73.88839,member,1
162,1640776,21A5271F0132BCCD,electric_bike,2021-11-08 14:35:40,2021-11-08 14:38:52,Grand Concourse & E 192 St,8601,Grand Concourse & E 199 St,8703.0,40.86448,-73.89522,40.87142,-73.88839,casual,1
163,1640777,0471583F57119576,electric_bike,2021-11-17 20:02:16,2021-11-17 20:06:50,Grand Concourse & E 192 St,8601,Grand Concourse & E 199 St,8703.0,40.86448,-73.89522,40.87142,-73.88839,member,1
164,1641072,73DD81B1DD38BDAD,electric_bike,2021-11-10 15:58:16,2021-11-10 15:59:17,Grand Concourse & E 199 St,8703,Grand Concourse & E 199 St,8703.0,40.87142,-73.88839,40.87142,-73.88839,member,0
165,1641169,0D112991BDD8E2EB,electric_bike,2021-11-11 20:30:19,2021-11-11 20:56:57,Grand Concourse & E 199 St,8703,Lenox Ave & W 140 St,7872.0,40.87142,-73.88839,40.817245,-73.938787,member,-1
166,1641417,B5F7CE4F8F79D67D,electric_bike,2021-11-02 19:57:47,2021-11-02 21:46:13,Grand Concourse & E 199 St,8703,Grand Concourse & E 199 St,8703.0,40.87142,-73.88839,40.87142,-73.88839,member,0
167,1641881,AA5FBFB9801D0185,electric_bike,2021-11-10 14:45:33,2021-11-10 14:49:13,Grand Concourse & E 192 St,8601,Grand Concourse & E 199 St,8703.0,40.86448,-73.89522,40.87142,-73.88839,casual,1
168,1641886,36825A29BA05127D,electric_bike,2021-11-01 14:32:26,2021-11-01 14:36:19,Grand Concourse & E 192 St,8601,Grand Concourse & E 199 St,8703.0,40.86448,-73.89522,40.87142,-73.88839,casual,1
169,1641887,28261A1580B5279C,electric_bike,2021-11-20 10:02:18,2021-11-20 10:06:38,Grand Concourse & E 192 St,8601,Grand Concourse & E 199 St,8703.0,40.86448,-73.89522,40.87142,-73.88839,casual,1
170,1641897,D1A55ADAF8A8A0A1,classic_bike,2021-11-04 21:31:17,2021-11-04 21:37:35,Grand Concourse & E 192 St,8601,Grand Concourse & E 199 St,8703.0,40.86448,-73.89522,40.87142,-73.88839,casual,1
171,1642042,C8A161B31D0EAD80,electric_bike,2021-11-10 23:08:31,2021-11-10 23:27:47,Gerard Ave & E 165 St,8111,Grand Concourse & E 199 St,8703.0,40.83173,-73.922394,40.87142,-73.88839,casual,1
172,1642135,7FC9EC0DDFB27826,electric_bike,2021-11-08 23:37:47,2021-11-09 00:04:53,E 188 St & Creston Ave,8566,Grand Concourse & E 199 St,8703.0,40.861669,-73.898589,40.87142,-73.88839,member,1
173,1642251,CD7A42A775A1E53C,electric_bike,2021-11-27 21:23:52,2021-11-27 21:28:06,Goulden Ave & W 205 St,8799,Grand Concourse & E 199 St,8703.0,40.87812,-73.89192,40.87142,-73.88839,member,1
174,1642252,A0A00B1B011A324A,electric_bike,2021-11-22 14:58:30,2021-11-22 15:03:14,Goulden Ave & W 205 St,8799,Grand Concourse & E 199 St,8703.0,40.87812,-73.89192,40.87142,-73.88839,member,1
175,1642253,88E87DCE24F669E4,electric_bike,2021-11-21 20:15:51,2021-11-21 20:20:10,Goulden Ave & W 205 St,8799,Grand Concourse & E 199 St,8703.0,40.87812,-73.89192,40.87142,-73.88839,member,1
176,1642254,8DC7A813BD2B12B2,electric_bike,2021-11-14 17:38:23,2021-11-14 17:43:51,Goulden Ave & W 205 St,8799,Grand Concourse & E 199 St,8703.0,40.87812,-73.89192,40.87142,-73.88839,member,1
177,1642263,3A9837B6D5BD6BAF,electric_bike,2021-11-24 19:17:01,2021-11-24 19:22:19,Goulden Ave & W 205 St,8799,Grand Concourse & E 199 St,8703.0,40.87812,-73.89192,40.87142,-73.88839,member,1
178,1642291,B30473114CE75174,electric_bike,2021-11-15 12:07:34,2021-11-15 12:14:26,E Fordham Rd & Webster Ave,8582,Grand Concourse & E 199 St,8703.0,40.861748,-73.89105,40.87142,-73.88839,casual,1
179,1642335,B4BA58E76750E52F,electric_bike,2021-11-30 19:09:09,2021-11-30 19:15:11,E Fordham Rd & Webster Ave,8582,Grand Concourse & E 199 St,8703.0,40.861748,-73.89105,40.87142,-73.88839,casual,1
180,1642336,13A67F476A9C0FB1,electric_bike,2021-11-21 20:07:16,2021-11-21 20:16:30,E Fordham Rd & Webster Ave,8582,Grand Concourse & E 199 St,8703.0,40.861748,-73.89105,40.87142,-73.88839,casual,1
181,1642365,490BE8932ACEA9AE,electric_bike,2021-11-14 21:51:10,2021-11-14 21:56:43,E Fordham Rd & Webster Ave,8582,Grand Concourse & E 199 St,8703.0,40.861748,-73.89105,40.87142,-73.88839,member,1
182,1642402,C428F4BF89174CAA,classic_bike,2021-11-18 10:48:00,2021-11-18 10:59:33,E Fordham Rd & Webster Ave,8582,Grand Concourse & E 199 St,8703.0,40.861748,-73.89105,40.87142,-73.88839,casual,1
183,1642403,403A23E47A308F65,classic_bike,2021-11-03 13:46:36,2021-11-03 13:57:38,E Fordham Rd & Webster Ave,8582,Grand Concourse & E 199 St,8703.0,40.861748,-73.89105,40.87142,-73.88839,casual,1
184,1642416,94974C07818F636B,electric_bike,2021-11-29 23:34:09,2021-11-29 23:40:06,E Fordham Rd & Webster Ave,8582,Grand Concourse & E 199 St,8703.0,40.861748,-73.89105,40.87142,-73.88839,casual,1
185,1642603,A6E1FF0EE1D19EB1,classic_bike,2021-11-27 20:19:12,2021-11-27 20:27:01,Bainbridge Ave & E 193 St,8582,Grand Concourse & E 199 St,8703.0,40.86389,-73.89246,40.87142,-73.88839,casual,1
186,1642893,752FE0653AE17B2C,electric_bike,2021-11-27 00:32:44,2021-11-27 00:39:57,W 192 St & University Ave,8639,Grand Concourse & E 199 St,8703.0,40.866899,-73.901942,40.87142,-73.88839,casual,1
187,1643937,BD0EFCDEAC3A096B,electric_bike,2021-11-29 02:45:22,2021-11-29 03:03:20,Isham St & Broadway,8665,Grand Concourse & E 199 St,8703.0,40.86788,-73.919685,40.87142,-73.88839,casual,1
188,1644182,E1EA9D7676A52430,electric_bike,2021-11-19 23:43:52,2021-11-20 00:01:10,Goulden Ave & W 205 St,8799,Grand Concourse & E 199 St,8703.0,40.87812,-73.89192,40.87142,-73.88839,member,1
189,1644331,8356E043FAAFDCDE,electric_bike,2021-11-30 16:42:41,2021-11-30 16:48:09,Goulden Ave & W 205 St,8799,Grand Concourse & E 199 St,8703.0,40.87812,-73.89192,40.87142,-73.88839,member,1
190,1644332,A51E52E103B438F2,electric_bike,2021-11-04 17:14:40,2021-11-04 17:19:43,Goulden Ave & W 205 St,8799,Grand Concourse & E 199 St,8703.0,40.87812,-73.89192,40.87142,-73.88839,member,1
191,1644333,E3D7FD297C167E2D,electric_bike,2021-11-05 19:42:14,2021-11-05 19:45:46,Goulden Ave & W 205 St,8799,Grand Concourse & E 199 St,8703.0,40.87812,-73.89192,40.87142,-73.88839,member,1
192,1644340,0BB1C887DC3A09A1,electric_bike,2021-11-29 16:58:05,2021-11-29 17:03:28,Goulden Ave & W 205 St,8799,Grand Concourse & E 199 St,8703.0,40.87812,-73.89192,40.87142,-73.88839,member,1
193,1644614,7C0A3A5AABDE4E34,electric_bike,2021-11-22 19:54:22,2021-11-22 20:00:10,Jerome Ave & W 193 St,8619,Grand Concourse & E 199 St,8703.0,40.86659,-73.89794,40.87142,-73.88839,member,1
194,1644730,4D320F8EA16621B3,electric_bike,2021-11-04 00:03:24,2021-11-04 00:23:49,Jerome Ave & W 193 St,8619,Grand Concourse & E 199 St,8703.0,40.86659,-73.89794,40.87142,-73.88839,member,1
195,1645087,C7992C610756EB5E,classic_bike,2021-11-03 12:49:07,2021-11-03 12:54:00,Grand Concourse & E 192 St,8601,Grand Concourse & E 199 St,8703.0,40.86448,-73.89522,40.87142,-73.88839,casual,1
196,1645587,C024BE851B260916,electric_bike,2021-11-17 21:53:17,2021-11-17 21:58:02,Jerome Ave & W 193 St,8619,Grand Concourse & E 199 St,8703.0,40.86659,-73.89794,40.87142,-73.88839,member,1
197,1646084,B511185D585DD8F2,electric_bike,2021-11-26 20:56:06,2021-11-26 20:59:08,Marion Ave & Mosholu Pkwy,8699,Grand Concourse & E 199 St,8703.0,40.8704956,-73.8818756582,40.87142,-73.88839,casual,1
198,1646100,00B9A46482F93719,classic_bike,2021-11-01 14:58:05,2021-11-01 15:01:49,Grand Concourse & E 192 St,8601,Grand Concourse & E 199 St,8703.0,40.86448,-73.89522,40.87142,-73.88839,casual,1
199,1646274,A2B6209513146B7C,electric_bike,2021-11-04 11:12:21,2021-11-04 11:16:28,Jerome Ave & W 193 St,8619,Grand Concourse & E 199 St,8703.0,40.86659,-73.89794,40.87142,-73.88839,casual,1
200,1646407,5F82C3973B6681E4,electric_bike,2021-11-26 12:59:44,2021-11-26 13:04:32,Jerome Ave & W 193 St,8619,Grand Concourse & E 199 St,8703.0,40.86659,-73.89794,40.87142,-73.88839,casual,1
201,1647110,1EFA8EF47A296E5C,electric_bike,2021-11-16 17:08:54,2021-11-16 17:11:52,Decatur Ave & Bedford Park Blvd,8664,Grand Concourse & E 199 St,8703.0,40.86813,-73.88412,40.87142,-73.88839,member,1
202,1647129,6B3C924C319E0614,electric_bike,2021-11-24 13:40:46,2021-11-24 13:43:57,Decatur Ave & Bedford Park Blvd,8664,Grand Concourse & E 199 St,8703.0,40.86813,-73.88412,40.87142,-73.88839,member,1
203,1647174,AC812E3A03141C34,electric_bike,2021-11-01 22:41:54,2021-11-01 22:43:42,Bainbridge Ave & E 198 St,8649,Grand Concourse & E 199 St,8703.0,40.8684871,-73.8884559781,40.87142,-73.88839,casual,1
204,1647289,62D25237EE7C1876,electric_bike,2021-11-26 20:59:09,2021-11-26 21:12:16,W Burnside Ave & University Ave,8425,Grand Concourse & E 199 St,8703.0,40.853686,-73.912498,40.87142,-73.88839,member,1
205,1647389,33FB7CDECD97AA81,electric_bike,2021-11-01 22:48:42,2021-11-01 22:55:19,Decatur Ave & Bedford Park Blvd,8664,Grand Concourse & E 199 St,8703.0,40.86813,-73.88412,40.87142,-73.88839,member,1
206,1647551,02C0DA0EED027009,electric_bike,2021-11-09 13:03:19,2021-11-09 13:07:31,Decatur Ave & Bedford Park Blvd,8664,Grand Concourse & E 199 St,8703.0,40.86813,-73.88412,40.87142,-73.88839,casual,1
207,1647737,4FC4B5747C9A336F,electric_bike,2021-11-06 11:28:55,2021-11-06 11:31:52,Bainbridge Ave & E 198 St,8649,Grand Concourse & E 199 St,8703.0,40.8684871,-73.8884559781,40.87142,-73.88839,member,1
208,1647760,B9E1BE7CF62B7F80,electric_bike,2021-11-04 05:01:04,2021-11-04 05:04:17,E Mosholu Pkwy & Van Cortlandt Ave E,8778,Grand Concourse & E 199 St,8703.0,40.87656,-73.88366,40.87142,-73.88839,casual,1
209,1648034,0D59E4DC5AB1547E,electric_bike,2021-11-30 16:35:10,2021-11-30 16:37:42,Decatur Ave & Bedford Park Blvd,8664,Grand Concourse & E 199 St,8703.0,40.86813,-73.88412,40.87142,-73.88839,member,1
210,1648039,09400C1000AC931B,electric_bike,2021-11-08 18:11:49,2021-11-08 18:23:58,Creston Ave & E 181 St,8456,Grand Concourse & E 199 St,8703.0,40.8549,-73.90281,40.87142,-73.88839,casual,1
211,1648057,814640ADAA2C1400,electric_bike,2021-11-21 00:42:37,2021-11-21 00:46:31,Decatur Ave & Bedford Park Blvd,8664,Grand Concourse & E 199 St,8703.0,40.86813,-73.88412,40.87142,-73.88839,member,1
212,1648173,C5036D90B3587128,electric_bike,2021-11-29 17:17:29,2021-11-29 17:20:55,Decatur Ave & Bedford Park Blvd,8664,Grand Concourse & E 199 St,8703.0,40.86813,-73.88412,40.87142,-73.88839,member,1
213,1648179,9BFBAEC26EA2AC38,electric_bike,2021-11-11 16:10:39,2021-11-11 16:53:50,W 144 St & Adam Clayton Powell Blvd,7932,Grand Concourse & E 199 St,8703.0,40.820877,-73.939249,40.87142,-73.88839,member,1
214,1648218,2EFA95E400BF738D,electric_bike,2021-11-28 19:06:38,2021-11-28 19:20:37,Dyckman St & 10 Ave,8507,Grand Concourse & E 199 St,8703.0,40.85890447538412,-73.9230939745903,40.87142,-73.88839,member,1
215,1648350,82D04B3AABF21D90,electric_bike,2021-11-10 00:14:22,2021-11-10 00:29:46,Aqueduct Ave & W 190 St,8605,Grand Concourse & E 199 St,8703.0,40.8649213,-73.9024238,40.87142,-73.88839,member,1
216,1648702,200027EA98BE59BC,electric_bike,2021-11-21 20:46:11,2021-11-21 20:59:50,Sherman Ave & Thayer St,8583,Grand Concourse & E 199 St,8703.0,40.863124,-73.926994,40.87142,-73.88839,member,1
217,1648713,2FF1BB65720DB22A,electric_bike,2021-11-07 12:35:13,2021-11-07 13:33:41,Grand Concourse & E 197 St,8667,Grand Concourse & E 199 St,8703.0,40.86945,-73.89148,40.87142,-73.88839,member,1
218,1648747,3C9DA804D8B4F8CE,electric_bike,2021-11-13 21:52:53,2021-11-13 22:23:59,Grand Concourse & E 197 St,8667,Grand Concourse & E 199 St,8703.0,40.86945,-73.89148,40.87142,-73.88839,member,1
219,1648752,BC0FA411FBDCEA51,electric_bike,2021-11-05 01:58:11,2021-11-05 02:19:59,Aqueduct Ave & W 190 St,8605,Grand Concourse & E 199 St,8703.0,40.8649213,-73.9024238,40.87142,-73.88839,member,1
220,1648837,1C3C9080B1EC0A7D,classic_bike,2021-11-22 14:03:32,2021-11-22 14:05:14,Grand Concourse & E 197 St,8667,Grand Concourse & E 199 St,8703.0,40.86945,-73.89148,40.87142,-73.88839,casual,1
221,1648856,165E413DEF41982E,classic_bike,2021-11-17 18:14:26,2021-11-17 18:17:26,Grand Concourse & E 197 St,8667,Grand Concourse & E 199 St,8703.0,40.86945,-73.89148,40.87142,-73.88839,casual,1
222,1649198,96D88697E0371A14,electric_bike,2021-11-22 20:46:55,2021-11-22 20:49:50,Decatur Ave & Bedford Park Blvd,8664,Grand Concourse & E 199 St,8703.0,40.86813,-73.88412,40.87142,-73.88839,member,1
223,1649293,7EE7D96AA08B5E3B,electric_bike,2021-11-23 18:51:05,2021-11-23 19:05:14,Morris Ave & E 184 St,8550,Grand Concourse & E 199 St,8703.0,40.86008,-73.90079,40.87142,-73.88839,casual,1
224,1649386,551BCBE15D12E570,electric_bike,2021-11-18 15:32:02,2021-11-18 15:38:25,Paul Ave & Mosholu Pkwy,8811,Grand Concourse & E 199 St,8703.0,40.8802945,-73.8860653648,40.87142,-73.88839,member,1
225,1696070,414AA0B7E59DFC77,electric_bike,2021-11-09 16:02:14,2021-11-09 16:06:48,Grand Concourse & E 199 St,8703,Grand Concourse & E Mosholu Pkwy S,8795.0,40.87142,-73.88839,40.877964,-73.8847550291,casual,-1
226,1734692,BFAA4A338F0E10C8,electric_bike,2021-11-10 19:57:58,2021-11-10 20:00:15,Grand Concourse & E 199 St,8703,Grand Concourse & E 197 St,8667.0,40.87142,-73.88839,40.86945,-73.89148,member,-1
227,1734696,53FFFF10E712E38C,electric_bike,2021-11-03 07:35:39,2021-11-03 08:06:06,Grand Concourse & E 199 St,8703,Southern Blvd & Tiffany St,7867.0,40.87142,-73.88839,40.818185,-73.894143,member,-1
228,1734733,4505275792FBEC5B,electric_bike,2021-11-09 21:19:53,2021-11-09 22:27:03,Grand Concourse & E 199 St,8703,Grand Concourse & E 197 St,8667.0,40.87142,-73.88839,40.86945,-73.89148,member,-1
229,1901047,A4875A63DF3F0B05,electric_bike,2021-11-07 11:46:33,2021-11-07 12:12:25,Grand Concourse & E 199 St,8703,Lenox Ave & W 144 St,7910.0,40.87142,-73.88839,40.819783,-73.936521,casual,-1
230,1966599,0F6633AAA403066B,electric_bike,2021-11-30 08:22:28,2021-11-30 08:26:01,Grand Concourse & E 199 St,8703,Decatur Ave & Bedford Park Blvd,8664.0,40.87142,-73.88839,40.86813,-73.88412,casual,-1
231,1966671,35D7FC89552E88AB,electric_bike,2021-11-30 07:33:49,2021-11-30 07:35:25,Grand Concourse & E 199 St,8703,Decatur Ave & Bedford Park Blvd,8664.0,40.87142,-73.88839,40.86813,-73.88412,member,-1
232,1966742,5F835B5736CD25C8,electric_bike,2021-11-16 07:02:19,2021-11-16 07:04:10,Grand Concourse & E 199 St,8703,Decatur Ave & Bedford Park Blvd,8664.0,40.87142,-73.88839,40.86813,-73.88412,member,-1
233,1966756,5E65D923228B5195,classic_bike,2021-11-17 07:31:56,2021-11-17 07:33:34,Grand Concourse & E 199 St,8703,Decatur Ave & Bedford Park Blvd,8664.0,40.87142,-73.88839,40.86813,-73.88412,member,-1
234,1966802,767B94C7C48E2A90,electric_bike,2021-11-04 06:59:58,2021-11-04 07:01:43,Grand Concourse & E 199 St,8703,Decatur Ave & Bedford Park Blvd,8664.0,40.87142,-73.88839,40.86813,-73.88412,member,-1
235,1966816,38768F241B11E368,electric_bike,2021-11-03 07:02:35,2021-11-03 07:04:05,Grand Concourse & E 199 St,8703,Decatur Ave & Bedford Park Blvd,8664.0,40.87142,-73.88839,40.86813,-73.88412,member,-1
236,1967823,BB0F53B2B8F011D7,electric_bike,2021-11-15 07:01:49,2021-11-15 07:03:35,Grand Concourse & E 199 St,8703,Decatur Ave & Bedford Park Blvd,8664.0,40.87142,-73.88839,40.86813,-73.88412,member,-1
237,1967824,7B2D725208C8F0D9,electric_bike,2021-11-11 07:20:36,2021-11-11 07:22:04,Grand Concourse & E 199 St,8703,Decatur Ave & Bedford Park Blvd,8664.0,40.87142,-73.88839,40.86813,-73.88412,member,-1
238,1967828,9DA43A7F70897B59,electric_bike,2021-11-23 20:12:55,2021-11-23 20:18:06,Grand Concourse & E 199 St,8703,Decatur Ave & Bedford Park Blvd,8664.0,40.87142,-73.88839,40.86813,-73.88412,casual,-1
239,1967841,9F66D6BBCAC30C07,electric_bike,2021-11-08 06:59:36,2021-11-08 07:01:14,Grand Concourse & E 199 St,8703,Decatur Ave & Bedford Park Blvd,8664.0,40.87142,-73.88839,40.86813,-73.88412,member,-1
240,1967843,04E8951876DB4555,classic_bike,2021-11-09 07:01:47,2021-11-09 07:03:32,Grand Concourse & E 199 St,8703,Decatur Ave & Bedford Park Blvd,8664.0,40.87142,-73.88839,40.86813,-73.88412,member,-1
241,2137481,84335C39BFF3C92F,electric_bike,2021-11-01 20:46:44,2021-11-01 20:52:44,Grand Concourse & E 199 St,8703,E Mosholu Pkwy & Van Cortlandt Ave E,8778.0,40.87142,-73.88839,40.87656,-73.88366,casual,-1
242,2152839,C17E7765D22ED2A7,electric_bike,2021-11-05 19:07:46,2021-11-05 19:15:00,Grand Concourse & E 199 St,8703,E Mosholu Pkwy & Van Cortlandt Ave E,8778.0,40.87142,-73.88839,40.87656,-73.88366,casual,-1
243,2152841,68E4AC2CC5C7225E,electric_bike,2021-11-08 21:08:38,2021-11-08 21:12:19,Grand Concourse & E 199 St,8703,E Mosholu Pkwy & Van Cortlandt Ave E,8778.0,40.87142,-73.88839,40.87656,-73.88366,casual,-1
244,2152855,8216DDAADE178CF0,electric_bike,2021-11-13 22:32:12,2021-11-13 22:34:44,Grand Concourse & E 199 St,8703,Bainbridge Ave & E 198 St,8649.0,40.87142,-73.88839,40.8684871,-73.8884559781,member,-1
245,2152872,EC41032444F0ECE2,electric_bike,2021-11-03 03:54:14,2021-11-03 03:58:11,Grand Concourse & E 199 St,8703,E Mosholu Pkwy & Van Cortlandt Ave E,8778.0,40.87142,-73.88839,40.87656,-73.88366,member,-1
246,2155775,034FBAB7BD8A696F,electric_bike,2021-11-27 14:10:57,2021-11-27 14:41:04,Grand Concourse & E 199 St,8703,Bainbridge Ave & E 198 St,8649.0,40.87142,-73.88839,40.8684871,-73.8884559781,casual,-1
247,2155790,B88259123398E50D,electric_bike,2021-11-14 19:22:07,2021-11-14 19:25:07,Grand Concourse & E 199 St,8703,E Mosholu Pkwy & Van Cortlandt Ave E,8778.0,40.87142,-73.88839,40.87656,-73.88366,casual,-1
0,108185,A781BD0FDE0E6267,electric_bike,2021-12-21 12:26:31,2021-12-21 12:33:58,Decatur Ave & Bedford Park Blvd,8664,Grand Concourse & E 199 St,8703.0,40.86813,-73.88412,40.87142,-73.88839,casual,1
1,108843,169762C34ADC98F9,electric_bike,2021-12-10 13:21:27,2021-12-10 13:26:15,Grand Concourse & E 192 St,8601,Grand Concourse & E 199 St,8703.0,40.86448,-73.89522,40.87142,-73.88839,casual,1
2,166256,8CDED478B207335F,classic_bike,2021-12-16 16:54:14,2021-12-16 17:00:19,Grand Concourse & E 196 St,8635,Grand Concourse & E 199 St,8703.0,40.86767,-73.89286,40.87142,-73.88839,casual,1
3,167032,069836968E0F82B6,electric_bike,2021-12-13 16:28:30,2021-12-13 16:45:37,10 Ave & W 207 St,8613,Grand Concourse & E 199 St,8703.0,40.864632,-73.918598,40.87142,-73.88839,casual,1
4,167058,2D8F79BA6B0C176D,electric_bike,2021-12-06 18:32:41,2021-12-06 18:52:04,W 204 St & Nagle Ave,8579,Grand Concourse & E 199 St,8703.0,40.863211,-73.920827,40.87142,-73.88839,casual,1
5,167182,B2BF1AA7CEBA8368,electric_bike,2021-12-20 16:10:34,2021-12-20 16:14:50,Grand Concourse & E 192 St,8601,Grand Concourse & E 199 St,8703.0,40.86448,-73.89522,40.87142,-73.88839,casual,1
6,167203,ECE10E269373865A,electric_bike,2021-12-28 20:39:55,2021-12-28 20:45:17,Grand Concourse & E 192 St,8601,Grand Concourse & E 199 St,8703.0,40.86448,-73.89522,40.87142,-73.88839,casual,1
7,167205,8E6D1D261B2DF688,electric_bike,2021-12-08 14:38:27,2021-12-08 14:41:25,Grand Concourse & E 192 St,8601,Grand Concourse & E 199 St,8703.0,40.86448,-73.89522,40.87142,-73.88839,casual,1
8,167210,F6CAB592A857F992,electric_bike,2021-12-14 19:03:14,2021-12-14 19:07:24,Grand Concourse & E 192 St,8601,Grand Concourse & E 199 St,8703.0,40.86448,-73.89522,40.87142,-73.88839,casual,1
9,167327,0B53DCCECE32FC63,electric_bike,2021-12-09 17:02:21,2021-12-09 17:13:40,Botanical Sq & Webster Ave,8646,Grand Concourse & E 199 St,8703.0,40.86814,-73.88145,40.87142,-73.88839,member,1
10,167488,6C87CDFC5D5BAAF5,classic_bike,2021-12-18 14:26:31,2021-12-18 14:36:30,Tiebout Ave & E Fordham Road,8546,Grand Concourse & E 199 St,8703.0,40.861915,-73.894831,40.87142,-73.88839,casual,1
11,167489,C76053E82F859A70,classic_bike,2021-12-21 02:12:54,2021-12-21 02:21:13,Tiebout Ave & E Fordham Road,8546,Grand Concourse & E 199 St,8703.0,40.861915,-73.894831,40.87142,-73.88839,casual,1
12,167510,1F8A593A1987FFCC,electric_bike,2021-12-01 23:36:30,2021-12-01 23:41:57,Tiebout Ave & E Fordham Road,8546,Grand Concourse & E 199 St,8703.0,40.861915,-73.894831,40.87142,-73.88839,casual,1
13,167585,AAFF794A2B67A927,electric_bike,2021-12-08 23:31:10,2021-12-08 23:37:58,Tiebout Ave & E Fordham Road,8546,Grand Concourse & E 199 St,8703.0,40.861915,-73.894831,40.87142,-73.88839,casual,1
14,167586,543EF2D9D690B9DB,electric_bike,2021-12-07 01:28:10,2021-12-07 01:33:23,Tiebout Ave & E Fordham Road,8546,Grand Concourse & E 199 St,8703.0,40.861915,-73.894831,40.87142,-73.88839,casual,1
15,286580,BD28A9B499AC4CAD,electric_bike,2021-12-05 16:40:45,2021-12-05 16:47:19,Grand Concourse & E 199 St,8703,W Mosholu Pkwy S & Sedgwick Ave,8841.0,40.87142,-73.88839,40.88226,-73.88702,member,-1
16,305954,42862392A2DDE313,electric_bike,2021-12-04 16:48:51,2021-12-04 16:52:39,Grand Concourse & E 199 St,8703,Goulden Ave & W 205 St,8799.0,40.87142,-73.88839,40.87812,-73.89192,member,-1
17,305958,BC58713FE2E2E41E,electric_bike,2021-12-24 19:40:33,2021-12-24 19:44:23,Grand Concourse & E 199 St,8703,Goulden Ave & W 205 St,8799.0,40.87142,-73.88839,40.87812,-73.89192,member,-1
18,305999,5DC9FBD268444D80,electric_bike,2021-12-01 15:46:56,2021-12-01 15:51:12,Grand Concourse & E 199 St,8703,Goulden Ave & W 205 St,8799.0,40.87142,-73.88839,40.87812,-73.89192,member,-1
19,306000,AF24F55DD1CE0278,electric_bike,2021-12-12 15:24:16,2021-12-12 15:27:52,Grand Concourse & E 199 St,8703,Goulden Ave & W 205 St,8799.0,40.87142,-73.88839,40.87812,-73.89192,member,-1
20,356530,5611BFB229A937CB,electric_bike,2021-12-06 22:54:13,2021-12-06 23:00:17,Grand Concourse & E 199 St,8703,Tiebout Ave & E Fordham Road,8546.0,40.87142,-73.88839,40.861915,-73.894831,casual,-1
21,379200,810D6A83B2CF158E,electric_bike,2021-12-18 08:50:27,2021-12-18 09:00:14,Grand Concourse & E 199 St,8703,E Tremont Ave & E 176 St,8356.0,40.87142,-73.88839,40.847798,-73.901883,member,-1
22,415409,8403B6C97C421844,electric_bike,2021-12-26 10:29:38,2021-12-26 10:30:59,Grand Concourse & E 199 St,8703,Grand Concourse & E 203 St,8734.0,40.87142,-73.88839,40.87382,-73.88661,member,-1
23,428108,CB85EEDB395A0196,electric_bike,2021-12-16 17:01:01,2021-12-16 17:27:20,Grand Concourse & E 199 St,8703,W 225 St & Exterior St,8711.0,40.87142,-73.88839,40.873265,-73.906646,casual,-1
24,455267,EDCF3DB85391018C,electric_bike,2021-12-03 15:15:20,2021-12-03 15:24:28,Creston Ave & E 178 St,8379,Grand Concourse & E 199 St,8703.0,40.850885,-73.906469,40.87142,-73.88839,member,1
25,455531,32CB982B8E6AAFAA,electric_bike,2021-12-24 06:34:44,2021-12-24 06:38:58,Grand Concourse & E Mosholu Pkwy S,8795,Grand Concourse & E 199 St,8703.0,40.877964,-73.8847550291,40.87142,-73.88839,casual,1
26,455645,993309BE1865C0D4,electric_bike,2021-12-16 16:13:48,2021-12-16 16:37:26,Grand Concourse & E Mosholu Pkwy S,8795,Grand Concourse & E 199 St,8703.0,40.877964,-73.8847550291,40.87142,-73.88839,member,1
27,456292,13D952652D2CB705,electric_bike,2021-12-30 21:36:41,2021-12-30 21:38:01,Jerome Ave & Bedford Park Blvd E,8734,Grand Concourse & E 199 St,8703.0,40.87307,-73.88971,40.87142,-73.88839,member,1
28,456457,AB45403FC1237B5B,electric_bike,2021-12-24 16:28:48,2021-12-24 17:26:15,Jerome Ave & Bedford Park Blvd E,8734,Grand Concourse & E 199 St,8703.0,40.87307,-73.88971,40.87142,-73.88839,member,1
29,456463,771456281B1E1264,electric_bike,2021-12-09 20:11:26,2021-12-09 20:24:36,Jerome Ave & Bedford Park Blvd E,8734,Grand Concourse & E 199 St,8703.0,40.87307,-73.88971,40.87142,-73.88839,member,1
30,456620,0BDC8488D35F5DE1,electric_bike,2021-12-06 14:47:20,2021-12-06 14:51:31,Grand Concourse & E 192 St,8601,Grand Concourse & E 199 St,8703.0,40.86448,-73.89522,40.87142,-73.88839,casual,1
31,456971,600E93A3C8A36EF7,electric_bike,2021-12-25 16:45:15,2021-12-25 18:15:35,Howard St & Lafayette St,5422,Grand Concourse & E 199 St,8703.0,40.71910537,-73.99973337,40.87142,-73.88839,casual,1
32,457421,48BB59690E7BC43E,electric_bike,2021-12-03 02:03:50,2021-12-03 02:21:57,Amsterdam Ave & W 172 St,8242,Grand Concourse & E 199 St,8703.0,40.842173,-73.935111,40.87142,-73.88839,member,1
33,457898,B4C5336E21EFBAF4,electric_bike,2021-12-05 18:39:12,2021-12-05 18:41:44,Decatur Ave & Bedford Park Blvd,8664,Grand Concourse & E 199 St,8703.0,40.86813,-73.88412,40.87142,-73.88839,member,1
34,457932,8BC3E92E3B3589CE,electric_bike,2021-12-03 18:50:02,2021-12-03 18:57:30,Decatur Ave & Bedford Park Blvd,8664,Grand Concourse & E 199 St,8703.0,40.86813,-73.88412,40.87142,-73.88839,member,1
35,458003,14F520329411F1C5,electric_bike,2021-12-30 17:26:11,2021-12-30 17:29:18,Decatur Ave & Bedford Park Blvd,8664,Grand Concourse & E 199 St,8703.0,40.86813,-73.88412,40.87142,-73.88839,member,1
36,458049,A121E006CCBDE7D6,electric_bike,2021-12-14 15:22:30,2021-12-14 15:30:21,Creston Ave & E 181 St,8456,Grand Concourse & E 199 St,8703.0,40.8549,-73.90281,40.87142,-73.88839,member,1
37,458091,2BE357D082F9C900,electric_bike,2021-12-13 20:58:06,2021-12-13 21:02:12,Jerome Ave & E Mosholu Parkway S,8795,Grand Concourse & E 199 St,8703.0,40.87935,-73.88534,40.87142,-73.88839,member,1
38,458092,460FB83C112E10FA,electric_bike,2021-12-30 15:07:15,2021-12-30 15:11:19,Decatur Ave & E 197 St,8597,Grand Concourse & E 199 St,8703.0,40.86557,-73.88807,40.87142,-73.88839,member,1
39,458306,0832804C24C99DB1,electric_bike,2021-12-23 22:32:11,2021-12-23 22:37:13,Decatur Ave & Bedford Park Blvd,8664,Grand Concourse & E 199 St,8703.0,40.86813,-73.88412,40.87142,-73.88839,member,1
40,458775,25D16B557FB6D762,classic_bike,2021-12-09 17:44:31,2021-12-09 17:50:35,Botanical Sq & Webster Ave,8646,Grand Concourse & E 199 St,8703.0,40.86814,-73.88145,40.87142,-73.88839,member,1
41,458780,EAAEB80E14594163,electric_bike,2021-12-17 13:42:58,2021-12-17 13:46:51,Botanical Sq & Webster Ave,8646,Grand Concourse & E 199 St,8703.0,40.86814,-73.88145,40.87142,-73.88839,casual,1
42,458831,3CD590BBE7B16BD9,electric_bike,2021-12-23 17:30:17,2021-12-23 17:42:15,Botanical Sq & Webster Ave,8646,Grand Concourse & E 199 St,8703.0,40.86814,-73.88145,40.87142,-73.88839,member,1
43,458842,FFA7B539E93A66E0,electric_bike,2021-12-10 15:11:15,2021-12-10 16:06:13,Botanical Sq & Webster Ave,8646,Grand Concourse & E 199 St,8703.0,40.86814,-73.88145,40.87142,-73.88839,member,1
44,458848,7FD782E3C10C355F,electric_bike,2021-12-17 01:47:53,2021-12-17 01:52:10,Botanical Sq & Webster Ave,8646,Grand Concourse & E 199 St,8703.0,40.86814,-73.88145,40.87142,-73.88839,member,1
45,458850,FA88E4D8D19D76EF,electric_bike,2021-12-14 16:56:43,2021-12-14 17:04:53,Botanical Sq & Webster Ave,8646,Grand Concourse & E 199 St,8703.0,40.86814,-73.88145,40.87142,-73.88839,member,1
46,458851,6602380CFF35AA13,electric_bike,2021-12-16 20:46:46,2021-12-16 20:57:13,Botanical Sq & Webster Ave,8646,Grand Concourse & E 199 St,8703.0,40.86814,-73.88145,40.87142,-73.88839,member,1
47,458852,052D2607CED6862E,electric_bike,2021-12-02 20:47:20,2021-12-02 20:53:14,Botanical Sq & Webster Ave,8646,Grand Concourse & E 199 St,8703.0,40.86814,-73.88145,40.87142,-73.88839,member,1
48,458992,37CBA2EEF5BBE5DA,electric_bike,2021-12-15 16:07:28,2021-12-15 16:10:47,Decatur Ave & Bedford Park Blvd,8664,Grand Concourse & E 199 St,8703.0,40.86813,-73.88412,40.87142,-73.88839,member,1
49,459001,0EA65F01CB8E1858,electric_bike,2021-12-05 16:33:21,2021-12-05 16:38:58,Decatur Ave & Bedford Park Blvd,8664,Grand Concourse & E 199 St,8703.0,40.86813,-73.88412,40.87142,-73.88839,member,1
50,459577,EBE909D6E4136A1E,electric_bike,2021-12-18 21:42:22,2021-12-18 21:46:52,Goulden Ave & W 205 St,8799,Grand Concourse & E 199 St,8703.0,40.87812,-73.89192,40.87142,-73.88839,member,1
51,459742,A1C1E66018F318CA,electric_bike,2021-12-05 14:10:16,2021-12-05 14:14:26,Grand Concourse & E 192 St,8601,Grand Concourse & E 199 St,8703.0,40.86448,-73.89522,40.87142,-73.88839,casual,1
52,459762,054501CB32BC28ED,electric_bike,2021-12-26 14:15:01,2021-12-26 14:25:21,E Fordham Rd & Webster Ave,8582,Grand Concourse & E 199 St,8703.0,40.861748,-73.89105,40.87142,-73.88839,casual,1
53,460364,BEED21BEA327777F,electric_bike,2021-12-09 17:15:27,2021-12-09 17:20:06,Goulden Ave & W 205 St,8799,Grand Concourse & E 199 St,8703.0,40.87812,-73.89192,40.87142,-73.88839,member,1
54,460365,C4E0C654488E7C9A,electric_bike,2021-12-06 21:01:24,2021-12-06 21:05:52,Goulden Ave & W 205 St,8799,Grand Concourse & E 199 St,8703.0,40.87812,-73.89192,40.87142,-73.88839,member,1
55,460367,BCD2F0EA63ACC02A,electric_bike,2021-12-02 20:18:50,2021-12-02 20:23:26,Goulden Ave & W 205 St,8799,Grand Concourse & E 199 St,8703.0,40.87812,-73.89192,40.87142,-73.88839,member,1
56,460774,1F3AC6D3F0AA26A3,electric_bike,2021-12-29 15:27:20,2021-12-29 16:06:04,Grand Concourse & E 197 St,8667,Grand Concourse & E 199 St,8703.0,40.86945,-73.89148,40.87142,-73.88839,member,1
57,461327,191A1DBFA15E130A,electric_bike,2021-12-26 07:51:48,2021-12-26 08:10:07,E 149 St & Park Ave,7884,Grand Concourse & E 199 St,8703.0,40.818154,-73.925294,40.87142,-73.88839,member,1
58,461458,096FCCE067892FE2,electric_bike,2021-12-03 17:36:12,2021-12-03 17:56:33,Bedford Park Blvd & Paul Ave,8752,Grand Concourse & E 199 St,8703.0,40.87444,-73.89186,40.87142,-73.88839,casual,1
59,461627,8424915511FE34DA,electric_bike,2021-12-03 17:36:34,2021-12-03 17:56:57,Bedford Park Blvd & Paul Ave,8752,Grand Concourse & E 199 St,8703.0,40.87444,-73.89186,40.87142,-73.88839,member,1
60,461664,CBD41467E1EAE4EB,electric_bike,2021-12-13 19:39:28,2021-12-13 19:43:47,Goulden Ave & W 197 St,8707,Grand Concourse & E 199 St,8703.0,40.87156,-73.89714,40.87142,-73.88839,casual,1
61,462107,C94B0BD01FF8E6A5,electric_bike,2021-12-24 23:19:09,2021-12-24 23:23:58,Goulden Ave & W 205 St,8799,Grand Concourse & E 199 St,8703.0,40.87812,-73.89192,40.87142,-73.88839,member,1
62,462109,F109B5741E0B29EE,electric_bike,2021-12-05 04:55:44,2021-12-05 05:01:24,Goulden Ave & W 205 St,8799,Grand Concourse & E 199 St,8703.0,40.87812,-73.89192,40.87142,-73.88839,member,1
63,462194,A23E6D3BFF253F3E,electric_bike,2021-12-15 19:13:00,2021-12-15 19:19:12,E Fordham Rd & Webster Ave,8582,Grand Concourse & E 199 St,8703.0,40.861748,-73.89105,40.87142,-73.88839,casual,1
64,462195,53062965901E5AA8,electric_bike,2021-12-18 20:18:21,2021-12-18 20:28:34,E Fordham Rd & Webster Ave,8582,Grand Concourse & E 199 St,8703.0,40.861748,-73.89105,40.87142,-73.88839,casual,1
65,462198,43644920520E4991,classic_bike,2021-12-15 19:05:44,2021-12-15 19:15:01,E Fordham Rd & Webster Ave,8582,Grand Concourse & E 199 St,8703.0,40.861748,-73.89105,40.87142,-73.88839,casual,1
66,462205,23F0AA91593B373E,electric_bike,2021-12-30 23:04:18,2021-12-30 23:10:54,E Fordham Rd & Webster Ave,8582,Grand Concourse & E 199 St,8703.0,40.861748,-73.89105,40.87142,-73.88839,member,1
67,462223,AA82ED08B500341B,electric_bike,2021-12-03 13:04:39,2021-12-03 13:10:27,E Fordham Rd & Webster Ave,8582,Grand Concourse & E 199 St,8703.0,40.861748,-73.89105,40.87142,-73.88839,casual,1
68,462228,537982C3D37148DD,electric_bike,2021-12-14 15:37:35,2021-12-14 15:44:43,E Fordham Rd & Webster Ave,8582,Grand Concourse & E 199 St,8703.0,40.861748,-73.89105,40.87142,-73.88839,casual,1
69,462409,514C6746D4A03BDD,electric_bike,2021-12-12 20:54:20,2021-12-12 20:59:59,Goulden Ave & W 205 St,8799,Grand Concourse & E 199 St,8703.0,40.87812,-73.89192,40.87142,-73.88839,member,1
70,462410,798D58CFCF1120CF,classic_bike,2021-12-14 18:39:22,2021-12-14 18:43:40,Goulden Ave & W 205 St,8799,Grand Concourse & E 199 St,8703.0,40.87812,-73.89192,40.87142,-73.88839,member,1
71,462435,406DA765530ACF7E,electric_bike,2021-12-27 12:31:24,2021-12-27 12:40:18,Goulden Ave & W 197 St,8707,Grand Concourse & E 199 St,8703.0,40.87156,-73.89714,40.87142,-73.88839,casual,1
72,462519,C9095ECE7E1E8AC3,electric_bike,2021-12-16 22:21:38,2021-12-16 22:24:29,Bainbridge Ave & Bedford Park Blvd,8682,Grand Concourse & E 199 St,8703.0,40.87002,-73.88565,40.87142,-73.88839,casual,1
73,462741,089AF19BFC4CE456,electric_bike,2021-12-12 00:37:15,2021-12-12 00:38:34,Grand Concourse & E 197 St,8667,Grand Concourse & E 199 St,8703.0,40.86945,-73.89148,40.87142,-73.88839,member,1
74,463000,19D9CBFCB062E731,classic_bike,2021-12-06 18:37:39,2021-12-06 18:49:38,Jerome Ave & W Fordham Rd,8586,Grand Concourse & E 199 St,8703.0,40.86294,-73.90108,40.87142,-73.88839,member,1
75,463384,DD4ADD345772D209,electric_bike,2021-12-11 20:33:15,2021-12-11 20:39:55,Goulden Ave & W 205 St,8799,Grand Concourse & E 199 St,8703.0,40.87812,-73.89192,40.87142,-73.88839,member,1
76,463385,554C7D96D66F559F,electric_bike,2021-12-01 19:37:36,2021-12-01 19:42:34,Goulden Ave & W 205 St,8799,Grand Concourse & E 199 St,8703.0,40.87812,-73.89192,40.87142,-73.88839,member,1
77,463644,BB294CC9F1D38AF6,electric_bike,2021-12-04 11:37:26,2021-12-04 12:13:31,Grand Concourse & E 199 St,8703,Grand Concourse & E 199 St,8703.0,40.87142,-73.88839,40.87142,-73.88839,member,0
78,464144,A2AA7FAF93B6165B,classic_bike,2021-12-21 20:52:29,2021-12-21 20:58:29,Bainbridge Ave & Bedford Park Blvd,8682,Grand Concourse & E 199 St,8703.0,40.87002,-73.88565,40.87142,-73.88839,member,1
79,464182,0C4DEC112FCD7B9E,electric_bike,2021-12-15 11:44:10,2021-12-15 11:56:50,Grand Ave & W 181 St,8500,Grand Concourse & E 199 St,8703.0,40.856302,-73.907302,40.87142,-73.88839,member,1
80,464371,C0BA5CFC702E8CE8,electric_bike,2021-12-31 15:50:41,2021-12-31 16:19:20,E Fordham Rd & Webster Ave,8582,Grand Concourse & E 199 St,8703.0,40.861748,-73.89105,40.87142,-73.88839,member,1
81,464803,7797730B4964E84E,electric_bike,2021-12-08 17:45:11,2021-12-08 17:59:36,Isham St & Broadway,8665,Grand Concourse & E 199 St,8703.0,40.86788,-73.919685,40.87142,-73.88839,casual,1
82,465015,5AD8AACE3E0C2119,electric_bike,2021-12-01 19:42:26,2021-12-01 19:45:53,Goulden Ave & Bedford Park Blvd W,8738,Grand Concourse & E 199 St,8703.0,40.87387,-73.89533,40.87142,-73.88839,casual,1
83,465023,FBC612CC07957A9C,electric_bike,2021-12-08 19:46:13,2021-12-08 19:49:31,Goulden Ave & Bedford Park Blvd W,8738,Grand Concourse & E 199 St,8703.0,40.87387,-73.89533,40.87142,-73.88839,casual,1
84,465032,A75EB1B6A1B7DFAE,electric_bike,2021-12-25 15:30:39,2021-12-25 15:45:59,Grand Concourse & E 205 St,8766,Grand Concourse & E 199 St,8703.0,40.875531,-73.8863864831,40.87142,-73.88839,casual,1
85,465291,370D8241CFC97C03,electric_bike,2021-12-01 20:11:06,2021-12-01 20:37:23,Grand Concourse & E 199 St,8703,Grand Concourse & E 199 St,8703.0,40.87142,-73.88839,40.87142,-73.88839,casual,0
86,465427,91AE1BE97889A4F8,classic_bike,2021-12-18 15:19:53,2021-12-18 15:25:30,Grand Concourse & E 199 St,8703,Grand Concourse & E 199 St,8703.0,40.87142,-73.88839,40.87142,-73.88839,member,0
87,465428,95FC1666E2F288D4,electric_bike,2021-12-20 19:34:05,2021-12-20 19:40:19,Grand Concourse & E 199 St,8703,Grand Concourse & E 199 St,8703.0,40.87142,-73.88839,40.87142,-73.88839,member,0
88,465494,E1D5DFC549AFC1C2,electric_bike,2021-12-03 20:51:01,2021-12-03 20:52:04,Grand Concourse & E 199 St,8703,Grand Concourse & E 199 St,8703.0,40.87142,-73.88839,40.87142,-73.88839,casual,0
89,465625,54E80FB59B687960,electric_bike,2021-12-26 22:25:15,2021-12-26 22:42:53,Grand Concourse & E 199 St,8703,Grand Concourse & E 199 St,8703.0,40.87142,-73.88839,40.87142,-73.88839,member,0
90,465703,43AAD8B427CF9C5D,electric_bike,2021-12-15 05:06:35,2021-12-15 05:07:19,Grand Concourse & E 199 St,8703,Grand Concourse & E 199 St,8703.0,40.87142,-73.88839,40.87142,-73.88839,casual,0
91,465986,8A6C204CEAE6C39E,electric_bike,2021-12-05 21:14:36,2021-12-05 21:29:17,Nagle Ave & Thayer St,8563,Grand Concourse & E 199 St,8703.0,40.861382,-73.925591,40.87142,-73.88839,member,1
92,466074,0DC5981152EA7F1F,electric_bike,2021-12-22 19:56:32,2021-12-22 20:04:38,E Fordham Rd & Webster Ave,8582,Grand Concourse & E 199 St,8703.0,40.861748,-73.89105,40.87142,-73.88839,casual,1
93,466134,48A568DD356547C2,electric_bike,2021-12-19 00:25:43,2021-12-19 00:28:07,Grand Concourse & E 196 St,8635,Grand Concourse & E 199 St,8703.0,40.86767,-73.89286,40.87142,-73.88839,casual,1
94,466258,5AAF0BEC42C0D669,electric_bike,2021-12-17 08:21:26,2021-12-17 08:21:56,Grand Concourse & E 199 St,8703,Grand Concourse & E 199 St,8703.0,40.87142,-73.88839,40.87142,-73.88839,member,0
95,466440,E46F679C446CDAC1,electric_bike,2021-12-04 15:28:49,2021-12-04 16:41:59,Grand Concourse & E 199 St,8703,Grand Concourse & E 199 St,8703.0,40.87142,-73.88839,40.87142,-73.88839,member,0
96,466494,5EC2CBAD65AB9B88,electric_bike,2021-12-13 21:17:42,2021-12-13 21:18:33,Grand Concourse & E 199 St,8703,Grand Concourse & E 199 St,8703.0,40.87142,-73.88839,40.87142,-73.88839,casual,0
97,466495,365DC0132E5E3A08,electric_bike,2021-12-13 21:19:02,2021-12-13 21:19:05,Grand Concourse & E 199 St,8703,Grand Concourse & E 199 St,8703.0,40.87142,-73.88839,40.87142,-73.88839,casual,0
98,466862,D83BE43E828742E7,electric_bike,2021-12-17 05:41:59,2021-12-17 05:42:15,Grand Concourse & E 199 St,8703,Grand Concourse & E 199 St,8703.0,40.87142,-73.88839,40.87142,-73.88839,casual,0
99,467212,DEB104A55AC2E101,electric_bike,2021-12-08 20:04:47,2021-12-08 20:32:47,Grand Concourse & E 199 St,8703,Grand Concourse & E 199 St,8703.0,40.87142,-73.88839,40.87142,-73.88839,casual,0
100,467218,37EF9A844E8DC8F8,electric_bike,2021-12-19 20:47:36,2021-12-19 21:16:38,Grand Concourse & E 199 St,8703,Grand Concourse & E 199 St,8703.0,40.87142,-73.88839,40.87142,-73.88839,member,0
101,467324,FCDF04C12306C2A9,electric_bike,2021-12-16 16:47:00,2021-12-16 16:59:27,W 218 St & Broadway,8715,Grand Concourse & E 199 St,8703.0,40.87139,-73.914318,40.87142,-73.88839,casual,1
102,467466,8C2D4AF28A77B615,electric_bike,2021-12-18 21:12:53,2021-12-18 21:13:42,Grand Concourse & E 199 St,8703,Grand Concourse & E 199 St,8703.0,40.87142,-73.88839,40.87142,-73.88839,casual,0
103,467610,4F4C2F08442AAB5A,electric_bike,2021-12-30 22:12:25,2021-12-30 22:39:19,Grand Concourse & E 199 St,8703,Grand Concourse & E 199 St,8703.0,40.87142,-73.88839,40.87142,-73.88839,member,0
104,467745,D8318B01E8ABFBF8,electric_bike,2021-12-17 21:17:26,2021-12-17 21:31:03,Nagle Ave & Thayer St,8563,Grand Concourse & E 199 St,8703.0,40.861382,-73.925591,40.87142,-73.88839,member,1
105,467816,B3A46FF70FAFA4A8,electric_bike,2021-12-18 23:13:15,2021-12-18 23:18:32,E Fordham Rd & Webster Ave,8582,Grand Concourse & E 199 St,8703.0,40.861748,-73.89105,40.87142,-73.88839,casual,1
106,467996,7A3D258849906EEC,electric_bike,2021-12-01 12:57:12,2021-12-01 13:03:21,E Fordham Rd & Webster Ave,8582,Grand Concourse & E 199 St,8703.0,40.861748,-73.89105,40.87142,-73.88839,casual,1
107,468104,5106585E3522402F,electric_bike,2021-12-28 19:20:33,2021-12-28 19:37:17,E 201 St & Briggs Ave,8717,Grand Concourse & E 199 St,8703.0,40.87207,-73.88459,40.87142,-73.88839,casual,1
108,468944,E108DD271B05E35A,electric_bike,2021-12-10 21:38:33,2021-12-10 21:51:03,Jerome Ave & W 195 St,8653,Grand Concourse & E 199 St,8703.0,40.86874,-73.89657,40.87142,-73.88839,member,1
109,475565,8281A2E2CBDAEBA3,classic_bike,2021-12-15 10:07:59,2021-12-15 10:11:39,Grand Concourse & E 199 St,8703,Marion Ave & Mosholu Pkwy,8699.0,40.87142,-73.88839,40.8704956,-73.8818756582,member,-1
110,475566,F5F2EEDC348C9C88,electric_bike,2021-12-17 09:27:18,2021-12-17 09:30:20,Grand Concourse & E 199 St,8703,Marion Ave & Mosholu Pkwy,8699.0,40.87142,-73.88839,40.8704956,-73.8818756582,member,-1
111,475567,5D104888B123A887,classic_bike,2021-12-23 09:52:16,2021-12-23 09:56:18,Grand Concourse & E 199 St,8703,Marion Ave & Mosholu Pkwy,8699.0,40.87142,-73.88839,40.8704956,-73.8818756582,member,-1
112,575265,0DE8E3A040E65301,electric_bike,2021-12-29 08:38:38,2021-12-29 08:47:04,Grand Concourse & E 199 St,8703,Webster Ave & Ford St,8472.0,40.87142,-73.88839,40.85556,-73.89615,member,-1
113,575266,121B2C12F0EFEE45,electric_bike,2021-12-31 09:08:27,2021-12-31 09:19:30,Grand Concourse & E 199 St,8703,Webster Ave & Ford St,8472.0,40.87142,-73.88839,40.85556,-73.89615,member,-1
114,575649,C372B842DD1FE70C,electric_bike,2021-12-20 09:17:46,2021-12-20 09:27:46,Grand Concourse & E 199 St,8703,Webster Ave & Ford St,8472.0,40.87142,-73.88839,40.85556,-73.89615,member,-1
115,577622,38EE4276AD98B4AF,electric_bike,2021-12-03 07:16:59,2021-12-03 07:27:41,Grand Concourse & E 199 St,8703,Webster Ave & Ford St,8472.0,40.87142,-73.88839,40.85556,-73.89615,member,-1
116,577752,1DCC42632B9F3CD9,electric_bike,2021-12-05 09:23:28,2021-12-05 09:32:05,Grand Concourse & E 199 St,8703,Webster Ave & Ford St,8472.0,40.87142,-73.88839,40.85556,-73.89615,member,-1
117,577753,AAF157E06354127C,electric_bike,2021-12-10 07:51:49,2021-12-10 08:02:36,Grand Concourse & E 199 St,8703,Webster Ave & Ford St,8472.0,40.87142,-73.88839,40.85556,-73.89615,member,-1
118,577822,AFA2825AA5172DBA,electric_bike,2021-12-01 08:34:40,2021-12-01 08:45:41,Grand Concourse & E 199 St,8703,Webster Ave & Ford St,8472.0,40.87142,-73.88839,40.85556,-73.89615,member,-1
119,577830,1F8B0519DC910B64,electric_bike,2021-12-27 09:27:50,2021-12-27 09:38:14,Grand Concourse & E 199 St,8703,Webster Ave & Ford St,8472.0,40.87142,-73.88839,40.85556,-73.89615,member,-1
120,597112,6E68FFDC8BC7BE58,electric_bike,2021-12-31 18:57:02,2021-12-31 19:16:13,Grand Concourse & E 199 St,8703,Freeman St & Southern Blvd,8060.0,40.87142,-73.88839,40.830051,-73.892103,casual,-1
121,597113,96DFD0F1B69DDE75,electric_bike,2021-12-17 18:58:39,2021-12-17 19:21:00,Grand Concourse & E 199 St,8703,Freeman St & Southern Blvd,8060.0,40.87142,-73.88839,40.830051,-73.892103,casual,-1
122,628116,9760699322CACDEC,electric_bike,2021-12-30 16:50:04,2021-12-30 16:54:13,Grand Concourse & E 199 St,8703,Decatur Ave & Bedford Park Blvd,8664.0,40.87142,-73.88839,40.86813,-73.88412,member,-1
123,629239,F82F12D83D5798C9,electric_bike,2021-12-15 08:11:40,2021-12-15 08:13:28,Grand Concourse & E 199 St,8703,Decatur Ave & Bedford Park Blvd,8664.0,40.87142,-73.88839,40.86813,-73.88412,member,-1
124,629247,5BD4B2790C9BEDE6,electric_bike,2021-12-06 07:01:21,2021-12-06 07:03:06,Grand Concourse & E 199 St,8703,Decatur Ave & Bedford Park Blvd,8664.0,40.87142,-73.88839,40.86813,-73.88412,member,-1
125,629282,44B898FF6C398901,electric_bike,2021-12-02 07:00:31,2021-12-02 07:02:10,Grand Concourse & E 199 St,8703,Decatur Ave & Bedford Park Blvd,8664.0,40.87142,-73.88839,40.86813,-73.88412,member,-1
126,629871,A064D8E151F7688D,electric_bike,2021-12-23 22:07:41,2021-12-23 22:11:40,Grand Concourse & E 199 St,8703,Decatur Ave & Bedford Park Blvd,8664.0,40.87142,-73.88839,40.86813,-73.88412,member,-1
127,630117,3BE1DCB74BB83FC4,electric_bike,2021-12-07 06:59:50,2021-12-07 07:01:33,Grand Concourse & E 199 St,8703,Decatur Ave & Bedford Park Blvd,8664.0,40.87142,-73.88839,40.86813,-73.88412,member,-1
128,631272,ABF697C3EB85DE41,electric_bike,2021-12-09 08:09:39,2021-12-09 08:14:33,Grand Concourse & E 199 St,8703,Decatur Ave & Bedford Park Blvd,8664.0,40.87142,-73.88839,40.86813,-73.88412,member,-1
129,631489,9D4083BEB230A46F,electric_bike,2021-12-14 07:35:22,2021-12-14 07:37:01,Grand Concourse & E 199 St,8703,Decatur Ave & Bedford Park Blvd,8664.0,40.87142,-73.88839,40.86813,-73.88412,member,-1
130,631610,B6AE4F63D3519BE0,electric_bike,2021-12-15 21:39:00,2021-12-15 21:40:35,Grand Concourse & E 199 St,8703,Decatur Ave & Bedford Park Blvd,8664.0,40.87142,-73.88839,40.86813,-73.88412,member,-1
131,631618,3068159DA8F208F9,classic_bike,2021-12-07 11:49:33,2021-12-07 11:52:24,Grand Concourse & E 199 St,8703,Decatur Ave & Bedford Park Blvd,8664.0,40.87142,-73.88839,40.86813,-73.88412,casual,-1
132,651322,57951142E9387CDE,classic_bike,2021-12-16 16:08:51,2021-12-16 16:13:15,Grand Concourse & E 199 St,8703,Grand Concourse & E Mosholu Pkwy S,8795.0,40.87142,-73.88839,40.877964,-73.8847550291,member,-1
133,652279,F3B34962BB966F57,electric_bike,2021-12-04 12:42:39,2021-12-04 12:45:06,Grand Concourse & E 199 St,8703,Grand Concourse & E Mosholu Pkwy S,8795.0,40.87142,-73.88839,40.877964,-73.8847550291,member,-1
134,749953,7FD99E3111FD3319,electric_bike,2021-12-16 05:36:51,2021-12-16 05:39:55,Grand Concourse & E 199 St,8703,Jerome Ave & W 195 St,8653.0,40.87142,-73.88839,40.86874,-73.89657,casual,-1
135,750043,6206F05C6CB8C8F2,electric_bike,2021-12-04 10:09:33,2021-12-04 10:18:04,Grand Concourse & E 199 St,8703,Jerome Ave & W 195 St,8653.0,40.87142,-73.88839,40.86874,-73.89657,casual,-1
136,750075,E61D80FDD619489F,electric_bike,2021-12-14 05:54:37,2021-12-14 05:57:25,Grand Concourse & E 199 St,8703,Jerome Ave & W 195 St,8653.0,40.87142,-73.88839,40.86874,-73.89657,casual,-1
137,772791,54D6793EAB1217DA,classic_bike,2021-12-18 17:50:53,2021-12-18 17:57:14,Grand Concourse & E 199 St,8703,E Fordham Rd & Webster Ave,8582.0,40.87142,-73.88839,40.861748,-73.89105,casual,-1
138,772957,ADC27396876E2401,electric_bike,2021-12-29 18:51:16,2021-12-29 18:56:55,Grand Concourse & E 199 St,8703,E Fordham Rd & Webster Ave,8582.0,40.87142,-73.88839,40.861748,-73.89105,member,-1
139,772964,12EBE25E29FF564F,classic_bike,2021-12-16 18:36:50,2021-12-16 18:46:37,Grand Concourse & E 199 St,8703,E Fordham Rd & Webster Ave,8582.0,40.87142,-73.88839,40.861748,-73.89105,member,-1
140,775429,EF646238078E8A90,electric_bike,2021-12-28 14:39:15,2021-12-28 14:46:32,Grand Concourse & E 199 St,8703,E Fordham Rd & Webster Ave,8582.0,40.87142,-73.88839,40.861748,-73.89105,member,-1
141,775430,7402948F1CC3E9BF,electric_bike,2021-12-09 07:14:23,2021-12-09 07:24:12,Grand Concourse & E 199 St,8703,E Fordham Rd & Webster Ave,8582.0,40.87142,-73.88839,40.861748,-73.89105,member,-1
142,775431,3A722D4390C7BF5B,electric_bike,2021-12-07 09:07:07,2021-12-07 09:14:06,Grand Concourse & E 199 St,8703,E Fordham Rd & Webster Ave,8582.0,40.87142,-73.88839,40.861748,-73.89105,member,-1
143,776190,06F3E5743742708E,electric_bike,2021-12-20 22:07:46,2021-12-20 22:16:10,Grand Concourse & E 199 St,8703,E Fordham Rd & Webster Ave,8582.0,40.87142,-73.88839,40.861748,-73.89105,casual,-1
144,776923,3ACA5C78F85A2365,electric_bike,2021-12-04 13:06:28,2021-12-04 13:18:01,Grand Concourse & E 199 St,8703,E Fordham Rd & Webster Ave,8582.0,40.87142,-73.88839,40.861748,-73.89105,member,-1
145,776924,9E17A77F2FDF5BDD,electric_bike,2021-12-24 07:12:51,2021-12-24 07:19:56,Grand Concourse & E 199 St,8703,E Fordham Rd & Webster Ave,8582.0,40.87142,-73.88839,40.861748,-73.89105,member,-1
146,776932,06DE31E1A17D71C9,electric_bike,2021-12-08 18:31:13,2021-12-08 18:38:33,Grand Concourse & E 199 St,8703,E Fordham Rd & Webster Ave,8582.0,40.87142,-73.88839,40.861748,-73.89105,casual,-1
147,850295,89DEAF47FD9C7F24,electric_bike,2021-12-26 11:14:53,2021-12-26 11:44:23,Grand Concourse & E 199 St,8703,W 148 St & Amsterdam Ave,8033.0,40.87142,-73.88839,40.827075,-73.945909,member,-1
148,874521,952E55A5728AD162,electric_bike,2021-12-04 17:56:03,2021-12-04 17:58:07,Grand Concourse & E 199 St,8703,Bainbridge Ave & Bedford Park Blvd,8682.0,40.87142,-73.88839,40.87002,-73.88565,casual,-1
149,920583,F1BD7960385302FC,electric_bike,2021-12-12 23:10:38,2021-12-12 23:14:20,Grand Concourse & E 199 St,8703,Grand Concourse & E 192 St,8601.0,40.87142,-73.88839,40.86448,-73.89522,member,-1
150,924964,C49863CAF8EE6816,electric_bike,2021-12-17 08:22:31,2021-12-17 08:26:24,Grand Concourse & E 199 St,8703,Paul Ave & W 205 St,8782.0,40.87142,-73.88839,40.87704,-73.88943,member,-1
151,992277,85608E87AF15BFAE,electric_bike,2021-12-19 16:56:45,2021-12-19 17:04:36,Grand Concourse & E 199 St,8703,Jerome Ave & W Fordham Rd,8586.0,40.87142,-73.88839,40.86294,-73.90108,member,-1
152,992285,F0B011D2EA6C19A1,electric_bike,2021-12-02 05:00:33,2021-12-02 05:25:26,Grand Concourse & E 199 St,8703,Isham St & Broadway,8665.0,40.87142,-73.88839,40.86788,-73.919685,casual,-1
153,994183,FC2C328BCDA0C9E1,electric_bike,2021-12-15 05:07:44,2021-12-15 05:18:04,Grand Concourse & E 199 St,8703,Isham St & Broadway,8665.0,40.87142,-73.88839,40.86788,-73.919685,casual,-1
154,995742,40A1746343F9F1C6,electric_bike,2021-12-07 05:49:32,2021-12-07 06:04:06,Grand Concourse & E 199 St,8703,Isham St & Broadway,8665.0,40.87142,-73.88839,40.86788,-73.919685,casual,-1
155,1013044,903B66D7E70E1F44,electric_bike,2021-12-31 14:00:11,2021-12-31 14:24:23,Grand Concourse & E 199 St,8703,E 201 St & Briggs Ave,8717.0,40.87142,-73.88839,40.87207,-73.88459,casual,-1
156,1038558,46D096C6AB89F6F0,electric_bike,2021-12-20 19:14:57,2021-12-20 19:39:19,Grand Concourse & E 199 St,8703,W Fordham Rd & Loring Pl N,8590.0,40.87142,-73.88839,40.86295,-73.90741,member,-1
157,1038559,AAC75DADBEFD9E39,electric_bike,2021-12-21 16:12:56,2021-12-21 16:44:37,Grand Concourse & E 199 St,8703,W Fordham Rd & Loring Pl N,8590.0,40.87142,-73.88839,40.86295,-73.90741,member,-1
158,1038629,950C340A18175BC2,electric_bike,2021-12-09 20:37:09,2021-12-09 20:52:15,Grand Concourse & E 199 St,8703,W Fordham Rd & Loring Pl N,8590.0,40.87142,-73.88839,40.86295,-73.90741,member,-1
159,1043191,203A4009D5F98B1E,electric_bike,2021-12-29 15:25:11,2021-12-29 15:26:53,Grand Concourse & E 199 St,8703,Grand Concourse & E 197 St,8667.0,40.87142,-73.88839,40.86945,-73.89148,member,-1
160,1046513,9355EA73922A371A,electric_bike,2021-12-14 19:07:48,2021-12-14 19:09:51,Grand Concourse & E 199 St,8703,Grand Concourse & E 205 St,8766.0,40.87142,-73.88839,40.875531,-73.8863864831,casual,-1
161,1046525,3BADCFB790314F48,electric_bike,2021-12-20 17:27:05,2021-12-20 17:34:10,Grand Concourse & E 199 St,8703,Grand Concourse & E 205 St,8766.0,40.87142,-73.88839,40.875531,-73.8863864831,member,-1
162,1046730,7638EFED238EC959,electric_bike,2021-12-25 14:49:36,2021-12-25 14:51:34,Grand Concourse & E 199 St,8703,Grand Concourse & E 205 St,8766.0,40.87142,-73.88839,40.875531,-73.8863864831,casual,-1
163,1077373,C8F55EF77693998F,electric_bike,2021-12-01 20:37:47,2021-12-01 20:44:48,Grand Concourse & E 199 St,8703,W 192 St & University Ave,8639.0,40.87142,-73.88839,40.866899,-73.901942,casual,-1
164,1150825,871AD1920E09C257,electric_bike,2021-12-15 20:13:43,2021-12-15 20:17:33,Grand Concourse & E 199 St,8703,E Mosholu Pkwy & Van Cortlandt Ave E,8778.0,40.87142,-73.88839,40.87656,-73.88366,casual,-1
165,1194389,52DDEEBBF053D6C4,electric_bike,2021-12-01 22:53:37,2021-12-01 23:08:27,Grand Concourse & E 199 St,8703,E 174 St & Walton Ave,8285.0,40.87142,-73.88839,40.844811,-73.912042,casual,-1
166,1265384,9F7AD04638DAEDEC,electric_bike,2021-12-23 23:26:33,2021-12-23 23:32:00,Grand Concourse & E 199 St,8703,Tiebout Ave & E 184 St,8510.0,40.87142,-73.88839,40.858498,-73.89637,casual,-1
167,1265833,E6C52214B5BFD454,electric_bike,2021-12-06 08:44:12,2021-12-06 08:55:50,Grand Concourse & E 199 St,8703,Tiebout Ave & E 184 St,8510.0,40.87142,-73.88839,40.858498,-73.89637,member,-1
168,1273701,D15EE9CC8AB86FD8,electric_bike,2021-12-18 13:10:02,2021-12-18 13:12:39,Grand Concourse & E 199 St,8703,Grand Concourse & E 196 St,8635.0,40.87142,-73.88839,40.86767,-73.89286,casual,-1
169,1274028,442B332D2A01FFA9,classic_bike,2021-12-21 08:01:48,2021-12-21 08:04:32,Grand Concourse & E 199 St,8703,Grand Concourse & E 196 St,8635.0,40.87142,-73.88839,40.86767,-73.89286,casual,-1
170,1274029,13E4B5FC896B2673,electric_bike,2021-12-22 12:58:07,2021-12-22 13:01:59,Grand Concourse & E 199 St,8703,Grand Concourse & E 196 St,8635.0,40.87142,-73.88839,40.86767,-73.89286,casual,-1
171,1274175,333B6FEF838B711E,electric_bike,2021-12-27 14:11:42,2021-12-27 14:15:06,Grand Concourse & E 199 St,8703,Grand Concourse & E 196 St,8635.0,40.87142,-73.88839,40.86767,-73.89286,casual,-1
172,1296065,2D05B54EDC696363,electric_bike,2021-12-03 15:49:22,2021-12-03 15:53:26,Grand Concourse & E 199 St,8703,Decatur Ave & E 197 St,8597.0,40.87142,-73.88839,40.86557,-73.88807,member,-1
173,1296286,E714E083F13E9BB2,electric_bike,2021-12-02 17:31:10,2021-12-02 18:10:33,Grand Concourse & E 199 St,8703,Jerome Ave & E Mosholu Parkway S,8795.0,40.87142,-73.88839,40.87935,-73.88534,casual,-1
174,1320665,1ECD1AE5971C27BA,electric_bike,2021-12-10 05:42:58,2021-12-10 05:55:19,Grand Concourse & E 199 St,8703,W 204 St & Nagle Ave,8579.0,40.87142,-73.88839,40.863211,-73.920827,casual,-1
175,1320667,10D90E0C8E3E5692,electric_bike,2021-12-17 05:42:46,2021-12-17 05:55:17,Grand Concourse & E 199 St,8703,W 204 St & Nagle Ave,8579.0,40.87142,-73.88839,40.863211,-73.920827,casual,-1
176,1343060,0387F802FCAA0C09,electric_bike,2021-12-02 10:44:04,2021-12-02 10:45:35,Grand Concourse & E 199 St,8703,Jerome Ave & Bedford Park Blvd E,8734.0,40.87142,-73.88839,40.87307,-73.88971,member,-1
177,1344391,1C5E10C934BF6439,electric_bike,2021-12-13 05:59:56,2021-12-13 06:02:05,Grand Concourse & E 199 St,8703,Jerome Ave & Bedford Park Blvd E,8734.0,40.87142,-73.88839,40.87307,-73.88971,casual,-1
178,1344426,7C0D489B0A5638E1,electric_bike,2021-12-14 18:56:39,2021-12-14 18:57:38,Grand Concourse & E 199 St,8703,Jerome Ave & Bedford Park Blvd E,8734.0,40.87142,-73.88839,40.87307,-73.88971,member,-1
179,1361061,1CD90CB646CB1D8E,electric_bike,2021-12-05 22:01:28,2021-12-05 22:30:34,Grand Concourse & E 199 St,8703,Wilkins Ave & Crotona Park E,8167.0,40.87142,-73.88839,40.835302,-73.895133,casual,-1
180,1361739,C95AB0CDE91891C9,electric_bike,2021-12-03 20:52:29,2021-12-03 21:15:07,Grand Concourse & E 199 St,8703,Wilkins Ave & Crotona Park E,8167.0,40.87142,-73.88839,40.835302,-73.895133,casual,-1
181,1363108,C4B34228C5CD0580,electric_bike,2021-12-13 21:19:30,2021-12-13 21:42:11,Grand Concourse & E 199 St,8703,Wilkins Ave & Crotona Park E,8167.0,40.87142,-73.88839,40.835302,-73.895133,casual,-1
182,1363567,304993846A9BE01F,electric_bike,2021-12-30 21:31:37,2021-12-30 21:56:38,Grand Concourse & E 199 St,8703,Wilkins Ave & Crotona Park E,8167.0,40.87142,-73.88839,40.835302,-73.895133,casual,-1
183,1363568,8F38B1104C2FE000,electric_bike,2021-12-16 22:24:52,2021-12-16 22:48:50,Grand Concourse & E 199 St,8703,Wilkins Ave & Crotona Park E,8167.0,40.87142,-73.88839,40.835302,-73.895133,casual,-1
184,1514489,F23F7581B689FCDF,electric_bike,2021-12-19 20:17:25,2021-12-19 20:22:53,Jerome Ave & W 195 St,8653,Grand Concourse & E 199 St,8703.0,40.86874,-73.89657,40.87142,-73.88839,member,1
185,1514736,4D4E1B6943657283,electric_bike,2021-12-20 20:44:45,2021-12-20 20:49:16,Jerome Ave & W 193 St,8619,Grand Concourse & E 199 St,8703.0,40.86659,-73.89794,40.87142,-73.88839,member,1
186,1515222,712F58E943A79894,electric_bike,2021-12-04 21:31:04,2021-12-04 21:36:00,Jerome Ave & W 193 St,8619,Grand Concourse & E 199 St,8703.0,40.86659,-73.89794,40.87142,-73.88839,member,1
187,1515591,81739608C5432267,electric_bike,2021-12-17 17:46:26,2021-12-17 18:21:59,10 Ave & W 207 St,8613,Grand Concourse & E 199 St,8703.0,40.864632,-73.918598,40.87142,-73.88839,casual,1
188,1515592,2F24D33702ECE533,electric_bike,2021-12-07 18:13:26,2021-12-07 18:35:47,10 Ave & W 207 St,8613,Grand Concourse & E 199 St,8703.0,40.864632,-73.918598,40.87142,-73.88839,casual,1
189,1537753,617BB444F4488EBC,electric_bike,2021-12-11 09:30:23,2021-12-11 09:42:56,Grand Concourse & E 199 St,8703,Jerome Ave & W 193 St,8619.0,40.87142,-73.88839,40.86659,-73.89794,casual,-1
190,1543674,9E2E9BAE9B546D28,electric_bike,2021-12-20 19:58:29,2021-12-20 20:06:01,Grand Concourse & E 199 St,8703,Jerome Ave & W 193 St,8619.0,40.87142,-73.88839,40.86659,-73.89794,member,-1
191,1543812,2AE7E630E073B255,electric_bike,2021-12-22 20:28:48,2021-12-22 20:33:12,Grand Concourse & E 199 St,8703,Jerome Ave & W 193 St,8619.0,40.87142,-73.88839,40.86659,-73.89794,member,-1
192,1619515,49EA2D26B298E2D4,electric_bike,2021-12-10 17:21:28,2021-12-10 17:31:23,Grand Concourse & E 199 St,8703,E 188 St & Creston Ave,8566.0,40.87142,-73.88839,40.861669,-73.898589,member,-1
193,1619516,162A547FDEE8C94A,classic_bike,2021-12-10 10:35:12,2021-12-10 10:48:51,Grand Concourse & E 199 St,8703,E 188 St & Creston Ave,8566.0,40.87142,-73.88839,40.861669,-73.898589,member,-1
194,1661149,D8494824F4A0A90B,electric_bike,2021-12-10 07:06:07,2021-12-10 07:10:38,Grand Concourse & E 199 St,8703,Botanical Sq & Webster Ave,8646.0,40.87142,-73.88839,40.86814,-73.88145,member,-1
195,1661485,48D3ACA6EF80C0D7,electric_bike,2021-12-05 08:32:12,2021-12-05 08:35:07,Grand Concourse & E 199 St,8703,Botanical Sq & Webster Ave,8646.0,40.87142,-73.88839,40.86814,-73.88145,member,-1
196,1661536,2E4C93A25966CBCB,electric_bike,2021-12-07 19:18:06,2021-12-07 19:22:03,Grand Concourse & E 199 St,8703,Botanical Sq & Webster Ave,8646.0,40.87142,-73.88839,40.86814,-73.88145,casual,-1
197,1663341,0E02449CFC6EF78F,electric_bike,2021-12-01 06:29:04,2021-12-01 06:32:43,Grand Concourse & E 199 St,8703,Botanical Sq & Webster Ave,8646.0,40.87142,-73.88839,40.86814,-73.88145,member,-1
198,1663342,481741651FDBB080,electric_bike,2021-12-03 08:46:14,2021-12-03 08:50:36,Grand Concourse & E 199 St,8703,Botanical Sq & Webster Ave,8646.0,40.87142,-73.88839,40.86814,-73.88145,member,-1
199,1663358,7957455C43D9FEE0,electric_bike,2021-12-20 19:09:53,2021-12-20 19:14:17,Grand Concourse & E 199 St,8703,Botanical Sq & Webster Ave,8646.0,40.87142,-73.88839,40.86814,-73.88145,casual,-1
200,1663368,20F063F98D8E6A96,electric_bike,2021-12-10 14:59:51,2021-12-10 15:10:30,Grand Concourse & E 199 St,8703,Botanical Sq & Webster Ave,8646.0,40.87142,-73.88839,40.86814,-73.88145,member,-1
