,ride_id,rideable_type,started_at,ended_at,start_station_name,start_station_id,end_station_name,end_station_id,start_lat,start_lng,end_lat,end_lng,member_casual
6440,49A0223A97A1BB3D,docked_bike,2021-04-20 10:05:37,2021-04-20 10:14:39,Carlton Ave & Dean St,4199,State St & Smith St,4565,40.680974,-73.971009,40.68926942,-73.98912867,casual
7268,396C25AFD67632E2,docked_bike,2021-04-26 20:40:14,2021-04-26 21:24:48,Carlton Ave & Dean St,4199,Driggs Ave & N Henry St,5542,40.680974,-73.971009,40.72325,-73.94308,member
9301,F374B4F610CE5579,docked_bike,2021-04-04 14:35:52,2021-04-04 14:58:16,Carlton Ave & Dean St,4199,S 4 St & Wythe Ave,5204,40.680974,-73.971009,40.71285887,-73.96590294,member
9305,756ED1F0E392380A,docked_bike,2021-04-22 06:43:37,2021-04-22 06:54:56,Carlton Ave & Dean St,4199,Sands St Gate,4812,40.680974,-73.971009,40.699569,-73.979827,casual
11330,1ABFB1894BB84D9D,docked_bike,2021-04-23 09:49:26,2021-04-23 09:52:01,Carlton Ave & Dean St,4199,Hanson Pl & Ashland Pl,4395,40.680974,-73.971009,40.68506807308177,-73.97790759801863,member
11332,60C6E98EF8BCB77F,docked_bike,2021-04-25 18:19:01,2021-04-25 18:26:17,Carlton Ave & Dean St,4199,Hanson Pl & Ashland Pl,4395,40.680974,-73.971009,40.68506807308177,-73.97790759801863,member
11335,70830D968EEE8079,docked_bike,2021-04-03 11:20:03,2021-04-03 11:24:27,Carlton Ave & Dean St,4199,Hanson Pl & Ashland Pl,4395,40.680974,-73.971009,40.68506807308177,-73.97790759801863,casual
13071,43DA2626F8C0831D,docked_bike,2021-04-22 07:21:42,2021-04-22 07:30:18,Carlton Ave & Dean St,4199,Dock 72 Way & Market St,4804,40.680974,-73.971009,40.69985,-73.97141,casual
18092,6648CED99F18CC91,docked_bike,2021-04-16 14:00:53,2021-04-16 14:14:18,Carlton Ave & Dean St,4199,West Drive & Prospect Park West,3651,40.680974,-73.971009,40.6610633719006,-73.97945255041122,member
18094,BBBB4D590C644B95,docked_bike,2021-04-05 15:08:20,2021-04-05 15:12:50,Carlton Ave & Dean St,4199,Washington Ave & Greene Ave,4419,40.680974,-73.971009,40.68650065,-73.96563307,member
18095,56B6D332E4B4A2E0,docked_bike,2021-04-19 09:59:09,2021-04-19 10:04:27,Carlton Ave & Dean St,4199,Grand Ave & Bergen St,4190,40.680974,-73.971009,40.678045,-73.962408,member
18098,F865D8BB9C1338BD,docked_bike,2021-04-08 18:08:00,2021-04-08 18:15:50,Carlton Ave & Dean St,4199,Washington Ave & Greene Ave,4419,40.680974,-73.971009,40.68650065,-73.96563307,member
18103,51D2F89A02171C47,docked_bike,2021-04-24 19:03:57,2021-04-24 19:10:52,Carlton Ave & Dean St,4199,Washington Ave & Greene Ave,4419,40.680974,-73.971009,40.68650065,-73.96563307,member
19838,0D1F077CA5306E32,docked_bike,2021-04-02 16:54:27,2021-04-02 16:58:22,Carlton Ave & Dean St,4199,Underhill Ave & Pacific St,4231,40.680974,-73.971009,40.6804836,-73.9646795,member
19849,4911522B149455B5,docked_bike,2021-04-26 12:04:17,2021-04-26 12:08:54,Carlton Ave & Dean St,4199,DeKalb Ave & S Portland Ave,4546,40.680974,-73.971009,40.68981035,-73.97493121,member
19850,4F6C54D25FCA8884,docked_bike,2021-04-19 12:07:53,2021-04-19 12:12:00,Carlton Ave & Dean St,4199,DeKalb Ave & S Portland Ave,4546,40.680974,-73.971009,40.68981035,-73.97493121,member
23137,9FEAB3E72B051010,docked_bike,2021-04-29 18:41:07,2021-04-29 18:47:36,Carlton Ave & Dean St,4199,DeKalb Ave & S Portland Ave,4546,40.680974,-73.971009,40.68981035,-73.97493121,member
23144,CFD7E70887363574,docked_bike,2021-04-19 07:22:09,2021-04-19 07:25:55,Carlton Ave & Dean St,4199,Underhill Ave & Pacific St,4231,40.680974,-73.971009,40.6804836,-73.9646795,member
23145,14F3A6E41576DA74,docked_bike,2021-04-14 20:40:53,2021-04-14 20:45:36,Carlton Ave & Dean St,4199,DeKalb Ave & S Portland Ave,4546,40.680974,-73.971009,40.68981035,-73.97493121,member
23591,1D685C47CA826896,docked_bike,2021-04-01 19:11:24,2021-04-01 19:41:18,Carlton Ave & Dean St,4199,3 St & Prospect Park West,3865,40.680974,-73.971009,40.668132,-73.97363831,casual
24417,15DAF6189EE8CDBF,docked_bike,2021-04-07 08:41:13,2021-04-07 08:50:03,Carlton Ave & Dean St,4199,3 St & 7 Ave,3905,40.680974,-73.971009,40.6703837,-73.97839676,casual
28090,68C4C154AC8D1D40,docked_bike,2021-04-13 13:05:38,2021-04-13 13:39:25,Carlton Ave & Dean St,4199,36 St & 3 Ave,3460,40.680974,-73.97101,40.655716,-74.006664,casual
28093,EA9E032C200288F3,docked_bike,2021-04-01 17:25:54,2021-04-01 18:01:35,Carlton Ave & Dean St,4199,Steinway St & Broadway,6711,40.680974,-73.971009,40.75905795418586,-73.91897544264793,member
28094,1F9DE36466DFF7FC,docked_bike,2021-04-26 13:53:11,2021-04-26 14:01:37,Carlton Ave & Dean St,4199,Prospect Park West & 8 St,3722,40.680974,-73.971009,40.66514681533792,-73.97637605667114,casual
28095,422BD2DE6D537736,docked_bike,2021-04-24 18:08:28,2021-04-24 18:37:55,Carlton Ave & Dean St,4199,Rockaway Ave & Bainbridge St,4285,40.680974,-73.971009,40.68319988172761,-73.91166642308235,member
29667,AF6A0F77D514488B,docked_bike,2021-04-18 16:54:09,2021-04-18 17:17:59,Carlton Ave & Dean St,4199,Montrose Ave & Bushwick Ave,5068,40.680974,-73.971009,40.70767788,-73.94016171,member
31787,270F7ABA6667747C,docked_bike,2021-04-14 08:18:57,2021-04-14 08:27:33,Carlton Ave & Dean St,4199,Carlton Ave & Flushing Ave,4732,40.680974,-73.971009,40.697787,-73.973736,member
33061,B727F446FF9B477E,docked_bike,2021-04-20 13:37:20,2021-04-20 13:44:00,Carlton Ave & Dean St,4199,Carlton Ave & Flushing Ave,4732,40.680974,-73.971009,40.697787,-73.973736,member
33064,7BBA56CC8B987654,docked_bike,2021-04-18 16:08:55,2021-04-18 16:18:56,Carlton Ave & Dean St,4199,Carlton Ave & Flushing Ave,4732,40.680974,-73.971009,40.697787,-73.973736,member
33079,E668CF079FD226FA,docked_bike,2021-04-25 15:29:06,2021-04-25 15:43:38,Carlton Ave & Dean St,4199,President St & Henry St,4307,40.680974,-73.971009,40.6828003,-73.99990419,member
35317,F0EA936030668060,docked_bike,2021-04-04 14:01:03,2021-04-04 14:10:13,Carlton Ave & Dean St,4199,Eastern Pkwy & Washington Ave,3928,40.680974,-73.971009,40.6716493,-73.9631145,member
36828,78F3A4E9697DDCDC,docked_bike,2021-04-23 20:04:25,2021-04-23 20:30:34,Carlton Ave & Dean St,4199,Putnam Ave & Nostrand Ave,4327,40.680974,-73.971009,40.68402,-73.94977,member
37740,866F811690A39536,docked_bike,2021-04-04 18:25:11,2021-04-04 18:29:45,Carlton Ave & Dean St,4199,Fulton St & Waverly Ave,4345,40.680974,-73.971009,40.68323865460341,-73.96599590778351,member
40602,AE03A8849A841597,docked_bike,2021-04-21 13:54:02,2021-04-21 14:30:16,Carlton Ave & Dean St,4199,Fulton St & Waverly Ave,4345,40.680974,-73.971009,40.68323865460341,-73.96599590778351,member
40604,B6C6E891D619D5F9,docked_bike,2021-04-17 13:42:38,2021-04-17 13:45:29,Carlton Ave & Dean St,4199,Fulton St & Waverly Ave,4345,40.680974,-73.971009,40.68323865460341,-73.96599590778351,member
40606,277224691D035DD6,docked_bike,2021-04-21 07:19:39,2021-04-21 07:46:46,Carlton Ave & Dean St,4199,E 17 St & Broadway,5980,40.680974,-73.971009,40.73704984,-73.99009296,member
40607,BA8045578582D006,docked_bike,2021-04-26 18:54:26,2021-04-26 19:00:42,Carlton Ave & Dean St,4199,Fulton St & Waverly Ave,4345,40.680974,-73.971009,40.68323865460341,-73.96599590778351,casual
45015,6185BB664BFE5C01,docked_bike,2021-04-13 18:15:58,2021-04-13 18:30:23,Carlton Ave & Dean St,4199,Smith St & 3 St,4151,40.680974,-73.971009,40.6787242,-73.99599099,member
46309,804D0C6F7ABAC742,docked_bike,2021-04-22 09:32:08,2021-04-22 09:35:39,Grand Ave & Bergen St,4190,Carlton Ave & Dean St,4199,40.678045,-73.962408,40.6809741,-73.9710097,casual
46319,E5DA8D625C554BFB,docked_bike,2021-04-01 19:00:39,2021-04-01 19:04:40,Grand Ave & Bergen St,4190,Carlton Ave & Dean St,4199,40.678045,-73.962408,40.6809741,-73.9710097,member
46321,AC0830C598607479,docked_bike,2021-04-09 16:07:58,2021-04-09 19:34:40,West Drive & Prospect Park West,3651,Carlton Ave & Dean St,4199,40.661063,-73.979452,40.6809741,-73.9710097,casual
46332,23324E62E7ED841E,docked_bike,2021-04-09 17:31:18,2021-04-09 17:37:50,Washington Ave & Greene Ave,4419,Carlton Ave & Dean St,4199,40.6865,-73.965633,40.6809741,-73.9710097,member
46334,76B53DE27F4ABFBE,docked_bike,2021-04-09 13:48:57,2021-04-09 13:51:27,Fulton St & Clermont Ave,4386,Carlton Ave & Dean St,4199,40.684157,-73.969222,40.6809741,-73.9710097,member
46338,7C98753AB0773EFA,docked_bike,2021-04-07 16:35:26,2021-04-07 16:43:34,Washington Ave & Greene Ave,4419,Carlton Ave & Dean St,4199,40.6865,-73.965633,40.6809741,-73.9710097,member
46343,984A27C65E361816,docked_bike,2021-04-23 14:44:55,2021-04-23 14:48:02,Grand Ave & Bergen St,4190,Carlton Ave & Dean St,4199,40.678045,-73.962408,40.6809741,-73.9710097,member
46349,7B3B635C76DE1608,docked_bike,2021-04-21 11:42:35,2021-04-21 11:46:03,Grand Ave & Bergen St,4190,Carlton Ave & Dean St,4199,40.678045,-73.962408,40.6809741,-73.9710097,casual
46364,FCAA29CA849CFFF1,docked_bike,2021-04-21 14:51:37,2021-04-21 15:21:32,Forsyth St & Canal St,5270,Carlton Ave & Dean St,4199,40.715815,-73.994223,40.6809741,-73.9710097,member
46368,107054E938E3318F,docked_bike,2021-04-09 14:40:54,2021-04-09 14:58:37,Clinton St & Centre St,4045,Carlton Ave & Dean St,4199,40.67434,-74.001946,40.6809741,-73.9710097,member
46369,E24CF32212BFDA54,docked_bike,2021-04-06 10:33:46,2021-04-06 10:51:53,Clinton St & Centre St,4045,Carlton Ave & Dean St,4199,40.67434,-74.001947,40.680974,-73.97101,casual
46372,490BEC77735C121E,docked_bike,2021-04-24 13:47:30,2021-04-24 14:24:33,Forsyth St & Canal St,5270,Carlton Ave & Dean St,4199,40.715815,-73.994223,40.6809741,-73.9710097,member
46387,178F29F1B9CEDDE9,docked_bike,2021-04-16 20:13:16,2021-04-16 20:16:43,Fulton St & Waverly Ave,4345,Carlton Ave & Dean St,4199,40.683238,-73.965995,40.6809741,-73.9710097,member
46396,762BCD205910B707,docked_bike,2021-04-16 18:29:13,2021-04-16 18:33:22,Fulton St & Waverly Ave,4345,Carlton Ave & Dean St,4199,40.683238,-73.965995,40.6809741,-73.9710097,member
46398,58D8376A7597A7EC,docked_bike,2021-04-24 13:08:37,2021-04-24 13:47:20,Thompson St & Bleecker St,5721,Carlton Ave & Dean St,4199,40.7284,-73.999687,40.6809741,-73.9710097,casual
46401,3A43C2C59A70F88A,docked_bike,2021-04-23 23:28:50,2021-04-23 23:41:18,Putnam Ave & Nostrand Ave,4327,Carlton Ave & Dean St,4199,40.68402,-73.94977,40.6809741,-73.9710097,member
46486,9415946EC95B6D6C,docked_bike,2021-04-29 13:14:27,2021-04-29 13:30:08,Clinton St & Tillary St,4748,Carlton Ave & Dean St,4199,40.696232,-73.99142,40.6809741,-73.9710097,member
46521,CF8F099E584FDB4E,docked_bike,2021-04-03 12:38:43,2021-04-03 12:46:15,DeKalb Ave & Hudson Ave,4513,Carlton Ave & Dean St,4199,40.689888,-73.981013,40.6809741,-73.9710097,casual
46555,45486D1646B883BC,docked_bike,2021-04-26 18:44:00,2021-04-26 19:39:37,E 47 St & Park Ave,6584,Carlton Ave & Dean St,4199,40.755102,-73.974986,40.6809741,-73.9710097,member
46569,8C869760D27D0070,docked_bike,2021-04-15 18:23:10,2021-04-15 18:30:56,3 Ave & Schermerhorn St,4437,Carlton Ave & Dean St,4199,40.686832,-73.979677,40.6809741,-73.9710097,casual
46572,DE0A92B800CA57D8,docked_bike,2021-04-22 10:01:38,2021-04-22 10:08:33,3 Ave & Schermerhorn St,4437,Carlton Ave & Dean St,4199,40.686832,-73.979677,40.6809741,-73.9710097,member
46587,ACD7EBF83D06E91A,docked_bike,2021-04-10 11:43:10,2021-04-10 12:28:46,William St & Pine St,5065,Carlton Ave & Dean St,4199,40.707179,-74.008873,40.6809741,-73.9710097,member
46588,A2055051EF7D48EB,docked_bike,2021-04-06 16:15:21,2021-04-06 16:18:03,Fulton St & Clermont Ave,4386,Carlton Ave & Dean St,4199,40.684157,-73.969223,40.680974,-73.97101,member
46589,A2A933C54081EB06,docked_bike,2021-04-14 18:21:05,2021-04-14 20:02:33,Fulton St & Clermont Ave,4386,Carlton Ave & Dean St,4199,40.684157,-73.969222,40.6809741,-73.9710097,casual
46592,A61A4BA05B6B816E,docked_bike,2021-04-19 13:56:52,2021-04-19 14:00:37,Fulton St & Clermont Ave,4386,Carlton Ave & Dean St,4199,40.684157,-73.969222,40.6809741,-73.9710097,casual
46600,5A8D461DA1B16A91,docked_bike,2021-04-14 12:45:35,2021-04-14 12:49:34,Grand Ave & Bergen St,4190,Carlton Ave & Dean St,4199,40.678045,-73.962408,40.6809741,-73.9710097,casual
46610,54FD5124DA411A32,docked_bike,2021-04-27 11:07:18,2021-04-27 11:10:26,Grand Ave & Bergen St,4190,Carlton Ave & Dean St,4199,40.678045,-73.962408,40.6809741,-73.9710097,casual
46611,2D6AED9CDDAAD745,docked_bike,2021-04-19 16:52:40,2021-04-19 16:59:55,Washington Ave & Greene Ave,4419,Carlton Ave & Dean St,4199,40.6865,-73.965633,40.6809741,-73.9710097,member
46620,008CE668E465C690,docked_bike,2021-04-23 18:28:47,2021-04-23 18:31:15,Fulton St & Clermont Ave,4386,Carlton Ave & Dean St,4199,40.684157,-73.969222,40.6809741,-73.9710097,member
46624,8C19D20E1ACBC7DB,docked_bike,2021-04-06 16:08:24,2021-04-06 16:11:49,Grand Ave & Bergen St,4190,Carlton Ave & Dean St,4199,40.678045,-73.962408,40.6809741,-73.9710097,member
46646,0B0351EA60D6096F,docked_bike,2021-04-19 19:20:44,2021-04-19 19:29:27,Bond St & Bergen St,4404,Carlton Ave & Dean St,4199,40.684966,-73.986207,40.6809741,-73.9710097,casual
46650,688D3BBDAA7F1D7E,docked_bike,2021-04-03 13:05:44,2021-04-03 15:47:44,Howard St & Centre St,5422,Carlton Ave & Dean St,4199,40.719105,-73.999733,40.6809741,-73.9710097,casual
46659,7C31182D38752094,docked_bike,2021-04-08 08:35:29,2021-04-08 08:47:45,Union St & Bedford Ave,3879,Carlton Ave & Dean St,4199,40.669178,-73.955416,40.680974,-73.97101,member
46705,C1CC503BEAF26146,docked_bike,2021-04-23 23:45:25,2021-04-23 23:47:03,Carlton Ave & Dean St,4199,Carlton Ave & Dean St,4199,40.680974,-73.971009,40.6809741,-73.9710097,member
46706,FD47250957C61D10,docked_bike,2021-04-04 22:29:14,2021-04-04 22:34:37,Underhill Ave & Lincoln Pl,4042,Carlton Ave & Dean St,4199,40.674012,-73.967145,40.6809741,-73.9710097,casual
46715,E196BC53D9EF5840,docked_bike,2021-04-04 14:27:42,2021-04-04 15:11:10,Carlton Ave & Dean St,4199,Carlton Ave & Dean St,4199,40.680974,-73.971009,40.6809741,-73.9710097,member
46725,BE2A22B423A390C5,docked_bike,2021-04-16 23:14:44,2021-04-16 23:17:07,Carlton Ave & Dean St,4199,Carlton Ave & Dean St,4199,40.680974,-73.971009,40.6809741,-73.9710097,member
46737,32B02AF758F52097,docked_bike,2021-04-04 22:28:37,2021-04-04 22:34:26,Underhill Ave & Lincoln Pl,4042,Carlton Ave & Dean St,4199,40.674012,-73.967145,40.6809741,-73.9710097,casual
46743,EBAB880199F15754,docked_bike,2021-04-19 17:22:47,2021-04-19 17:33:45,Carlton Ave & Dean St,4199,Underhill Ave & Lincoln Pl,4042,40.680974,-73.971009,40.6740123,-73.9671457,member
46748,39902FFB0239C2DD,docked_bike,2021-04-28 19:01:28,2021-04-28 19:10:28,Franklin Ave & St Marks Ave,4107,Carlton Ave & Dean St,4199,40.675832,-73.956167,40.6809741,-73.9710097,member
46749,F822A3B9D687D938,docked_bike,2021-04-20 19:10:00,2021-04-20 19:16:03,Sterling Pl & Bedford Ave,3993,Carlton Ave & Dean St,4199,40.672695,-73.954131,40.6809741,-73.9710097,member
46752,D435A1FBB6F3E277,docked_bike,2021-04-17 11:13:19,2021-04-17 11:20:32,Sterling Pl & Bedford Ave,3993,Carlton Ave & Dean St,4199,40.672695,-73.954131,40.6809741,-73.9710097,casual
46754,2208A6488587E66F,docked_bike,2021-04-17 11:13:00,2021-04-17 11:20:43,Sterling Pl & Bedford Ave,3993,Carlton Ave & Dean St,4199,40.672695,-73.954131,40.6809741,-73.9710097,casual
46756,AE34588BEBDD380A,docked_bike,2021-04-24 11:10:47,2021-04-24 11:21:23,Franklin Ave & St Marks Ave,4107,Carlton Ave & Dean St,4199,40.675832,-73.956167,40.6809741,-73.9710097,casual
46763,0930ACF618F42448,docked_bike,2021-04-05 12:02:34,2021-04-05 12:19:35,Greene Ave & Throop Ave,4510,Carlton Ave & Dean St,4199,40.689493,-73.942061,40.6809741,-73.9710097,casual
46765,2071AEE3FD615E9E,docked_bike,2021-04-26 16:38:37,2021-04-26 16:44:16,Bergen St & 4 Ave,4322,Carlton Ave & Dean St,4199,40.682564,-73.979897,40.6809741,-73.9710097,member
46778,0D52663373978B19,docked_bike,2021-04-24 20:00:29,2021-04-24 20:17:10,Sterling Pl & Bedford Ave,3993,Carlton Ave & Dean St,4199,40.672695,-73.954131,40.6809741,-73.9710097,member
46782,D4DD1B587F0BB2F4,docked_bike,2021-04-23 15:25:40,2021-04-23 15:34:16,Dean St & Hoyt St,4446,Carlton Ave & Dean St,4199,40.686444,-73.987591,40.6809741,-73.9710097,member
46785,9852B1D19D573AB8,docked_bike,2021-04-06 18:08:15,2021-04-06 18:14:57,Dean St & Hoyt St,4446,Carlton Ave & Dean St,4199,40.686444,-73.987591,40.6809741,-73.9710097,member
46797,BA64161B2279F7F9,docked_bike,2021-04-03 22:49:37,2021-04-03 22:53:57,DeKalb Ave & S Portland Ave,4546,Carlton Ave & Dean St,4199,40.68981,-73.974931,40.6809741,-73.9710097,member
46814,C2B7674E730AD3E5,docked_bike,2021-04-11 11:41:46,2021-04-11 11:47:00,Carroll St & 5 Ave,4060,Carlton Ave & Dean St,4199,40.675162,-73.981483,40.6809741,-73.9710097,member
46820,186F14EC96E8E47D,docked_bike,2021-04-29 19:47:05,2021-04-29 19:57:28,Bond St & Fulton St,4479,Carlton Ave & Dean St,4199,40.689621,-73.983042,40.6809741,-73.9710097,member
46824,5D4BE35621789579,docked_bike,2021-04-06 18:07:12,2021-04-06 18:17:53,Verona Pl & Fulton St,4124,Carlton Ave & Dean St,4199,40.680356,-73.947679,40.6809741,-73.9710097,member
46855,A30FC7ADB648347B,docked_bike,2021-04-30 13:53:45,2021-04-30 14:10:48,7 Ave & 22 St,3515,Carlton Ave & Dean St,4199,40.658029,-73.989605,40.6809741,-73.9710097,casual
46865,55872026B87F59EE,docked_bike,2021-04-24 13:45:42,2021-04-24 14:13:46,Cadman Plaza E & Tillary St,4677,Carlton Ave & Dean St,4199,40.695976,-73.990148,40.6809741,-73.9710097,member
46870,7BA644CF35D05E1E,docked_bike,2021-04-18 14:24:09,2021-04-18 15:06:45,N 12 St & Bedford Ave,5450,Carlton Ave & Dean St,4199,40.720798,-73.954847,40.6809741,-73.9710097,member
46876,1FB5D75F15461A57,docked_bike,2021-04-22 08:44:41,2021-04-22 09:10:44,Lafayette Ave & Fort Greene Pl,4395,Carlton Ave & Dean St,4199,40.686918,-73.976682,40.6809741,-73.9710097,member
46877,567A776992FA0709,docked_bike,2021-04-14 17:24:38,2021-04-14 17:45:59,Graham Ave & Grand St,5178,Carlton Ave & Dean St,4199,40.711863,-73.944024,40.6809741,-73.9710097,casual
46879,BD34FEA70ABF5BBE,docked_bike,2021-04-03 17:56:49,2021-04-03 18:04:06,Lafayette Ave & Fort Greene Pl,4395,Carlton Ave & Dean St,4199,40.686918,-73.976682,40.6809741,-73.9710097,member
46888,EDF70D022CDA6FAA,docked_bike,2021-04-03 14:13:07,2021-04-03 14:36:21,Graham Ave & Withers St,5403,Carlton Ave & Dean St,4199,40.716981,-73.944859,40.6809741,-73.9710097,member
46945,FDCB1FE62AD9CCCD,docked_bike,2021-04-27 14:30:33,2021-04-27 14:46:17,Suydam St & Knickerbocker Ave,4939,Carlton Ave & Dean St,4199,40.702013,-73.923769,40.6809741,-73.9710097,casual
46987,0A1CF15A7649E3FA,docked_bike,2021-04-19 11:04:49,2021-04-19 11:24:05,Forsyth St & Canal St,5270,Carlton Ave & Dean St,4199,40.715815,-73.994223,40.6809741,-73.9710097,member
47008,3CF7ADF0E4D8A1B8,docked_bike,2021-04-13 18:40:37,2021-04-13 19:05:45,Forsyth St & Canal St,5270,Carlton Ave & Dean St,4199,40.715815,-73.994223,40.6809741,-73.9710097,casual
47012,064A5DE283DFB114,docked_bike,2021-04-03 18:41:18,2021-04-03 18:59:52,Forsyth St & Canal St,5270,Carlton Ave & Dean St,4199,40.715815,-73.994223,40.6809741,-73.9710097,member
47014,A5310B999D4872DD,docked_bike,2021-04-23 18:28:25,2021-04-23 18:51:17,Forsyth St & Canal St,5270,Carlton Ave & Dean St,4199,40.715815,-73.994223,40.6809741,-73.9710097,member
47017,63F9E7A1FF4CBF66,docked_bike,2021-04-14 14:43:22,2021-04-14 15:06:58,Forsyth St & Canal St,5270,Carlton Ave & Dean St,4199,40.715815,-73.994223,40.6809741,-73.9710097,member
47027,9DBA159B431CF20F,docked_bike,2021-04-28 14:43:51,2021-04-28 15:21:38,Forsyth St & Canal St,5270,Carlton Ave & Dean St,4199,40.715815,-73.994223,40.6809741,-73.9710097,member
47043,790B190734101328,docked_bike,2021-04-27 15:06:35,2021-04-27 15:46:02,Forsyth St & Canal St,5270,Carlton Ave & Dean St,4199,40.715815,-73.994223,40.6809741,-73.9710097,member
47059,30C22965D288D7FD,docked_bike,2021-04-30 09:51:21,2021-04-30 10:02:54,Union St & 4 Ave,4175,Carlton Ave & Dean St,4199,40.677274,-73.98282,40.6809741,-73.9710097,member
47068,8ADA896D9D40084D,docked_bike,2021-04-08 14:19:45,2021-04-08 14:32:24,3 Ave & Schermerhorn St,4437,Carlton Ave & Dean St,4199,40.686832,-73.979677,40.6809741,-73.9710097,member
47071,FDFE144B9BA4B45A,docked_bike,2021-04-02 15:48:08,2021-04-02 15:55:17,Union St & 4 Ave,4175,Carlton Ave & Dean St,4199,40.677274,-73.98282,40.6809741,-73.9710097,casual
47074,7E979E0D9F5CFC30,docked_bike,2021-04-13 20:04:59,2021-04-13 20:11:40,6 St & 7 Ave,3834,Carlton Ave & Dean St,4199,40.668662,-73.97988,40.6809741,-73.9710097,member
47083,539CCCC664346974,docked_bike,2021-04-26 11:40:10,2021-04-26 11:49:32,3 Ave & Schermerhorn St,4437,Carlton Ave & Dean St,4199,40.686832,-73.979677,40.6809741,-73.9710097,member
47084,CCEFE75FB88E5056,docked_bike,2021-04-20 13:37:24,2021-04-20 13:47:19,3 Ave & Schermerhorn St,4437,Carlton Ave & Dean St,4199,40.686832,-73.979677,40.6809741,-73.9710097,member
47085,7C2185DF2C37A677,docked_bike,2021-04-20 06:42:42,2021-04-20 06:46:31,3 Ave & Schermerhorn St,4437,Carlton Ave & Dean St,4199,40.686832,-73.979677,40.6809741,-73.9710097,member
47088,79D75793CA6A52F7,docked_bike,2021-04-10 19:16:26,2021-04-10 19:24:52,Union St & 4 Ave,4175,Carlton Ave & Dean St,4199,40.677274,-73.98282,40.6809741,-73.9710097,member
47094,05A486B0D9317A1A,docked_bike,2021-04-30 19:10:11,2021-04-30 19:18:59,Union St & 4 Ave,4175,Carlton Ave & Dean St,4199,40.677274,-73.98282,40.6809741,-73.9710097,member
47097,F5E910F09A382916,docked_bike,2021-04-24 14:34:52,2021-04-24 14:46:05,3 Ave & Schermerhorn St,4437,Carlton Ave & Dean St,4199,40.686832,-73.979677,40.6809741,-73.9710097,member
47106,2C2F378BDB9035AE,docked_bike,2021-04-11 06:47:54,2021-04-11 06:57:35,3 Ave & Schermerhorn St,4437,Carlton Ave & Dean St,4199,40.686832,-73.979677,40.6809741,-73.9710097,member
47113,85C6F9A31BB22819,docked_bike,2021-04-13 20:52:42,2021-04-13 21:33:21,Pitt St & Stanton St,5406,Carlton Ave & Dean St,4199,40.71926,-73.98178,40.6809741,-73.9710097,member
47150,EFF054FEC4F88227,docked_bike,2021-04-07 15:36:12,2021-04-07 15:43:35,6 St & 7 Ave,3834,Carlton Ave & Dean St,4199,40.668662,-73.97988,40.6809741,-73.9710097,member
47153,8EB81B5126ED0545,docked_bike,2021-04-10 10:07:34,2021-04-10 10:19:13,6 St & 7 Ave,3834,Carlton Ave & Dean St,4199,40.668662,-73.97988,40.6809741,-73.9710097,casual
47154,5FE0431D143AA060,docked_bike,2021-04-17 07:48:11,2021-04-17 07:57:52,3 Ave & Schermerhorn St,4437,Carlton Ave & Dean St,4199,40.686832,-73.979677,40.6809741,-73.9710097,member
47155,7487294D6AAD0700,docked_bike,2021-04-10 06:46:03,2021-04-10 06:55:03,3 Ave & Schermerhorn St,4437,Carlton Ave & Dean St,4199,40.686832,-73.979677,40.6809741,-73.9710097,member
47170,D2C84D39A672CF2A,docked_bike,2021-04-16 14:59:39,2021-04-16 15:02:43,Underhill Ave & Pacific St,4231,Carlton Ave & Dean St,4199,40.680484,-73.96468,40.680974,-73.97101,member
47187,E2E5BC46C7AAA91E,docked_bike,2021-04-20 03:31:05,2021-04-20 03:38:50,3 Ave & Schermerhorn St,4437,Carlton Ave & Dean St,4199,40.686832,-73.979677,40.6809741,-73.9710097,casual
47217,E2116FC06C502A1D,docked_bike,2021-04-24 14:34:17,2021-04-24 14:44:46,DeKalb Ave & S Portland Ave,4546,Carlton Ave & Dean St,4199,40.68981,-73.974931,40.6809741,-73.9710097,member
47240,1B5A59C7699A2775,docked_bike,2021-04-26 09:27:11,2021-04-26 09:34:15,DeKalb Ave & S Portland Ave,4546,Carlton Ave & Dean St,4199,40.68981,-73.974931,40.6809741,-73.9710097,member
47250,D96A15D999C999B9,docked_bike,2021-04-23 11:55:56,2021-04-23 12:03:27,DeKalb Ave & S Portland Ave,4546,Carlton Ave & Dean St,4199,40.68981,-73.974931,40.6809741,-73.9710097,member
47255,254B27289B3BC9F5,docked_bike,2021-04-03 19:20:38,2021-04-03 19:26:54,DeKalb Ave & S Portland Ave,4546,Carlton Ave & Dean St,4199,40.68981,-73.974931,40.6809741,-73.9710097,member
47266,01264AA172B34950,docked_bike,2021-04-26 11:47:37,2021-04-26 11:52:39,Underhill Ave & Pacific St,4231,Carlton Ave & Dean St,4199,40.680483,-73.964679,40.6809741,-73.9710097,member
47270,F2AC9552E3C3B6EE,docked_bike,2021-04-10 09:17:57,2021-04-10 09:25:41,DeKalb Ave & S Portland Ave,4546,Carlton Ave & Dean St,4199,40.68981,-73.974931,40.6809741,-73.9710097,member
47311,AC857580F38D7AB6,docked_bike,2021-04-11 14:27:47,2021-04-11 14:31:46,DeKalb Ave & S Portland Ave,4546,Carlton Ave & Dean St,4199,40.68981,-73.974931,40.6809741,-73.9710097,member
47337,465E0D2E947BA2DD,docked_bike,2021-04-14 18:13:09,2021-04-14 18:28:29,34 St & 4 Ave,3492,Carlton Ave & Dean St,4199,40.655278,-74.003101,40.6809741,-73.9710097,member
47372,71A9EE0343828635,docked_bike,2021-04-13 18:45:15,2021-04-13 18:48:02,Underhill Ave & Pacific St,4231,Carlton Ave & Dean St,4199,40.680483,-73.964679,40.6809741,-73.9710097,member
47380,373C8D32658F5886,docked_bike,2021-04-24 14:34:40,2021-04-24 14:44:50,DeKalb Ave & S Portland Ave,4546,Carlton Ave & Dean St,4199,40.68981,-73.974931,40.6809741,-73.9710097,member
47386,FDA28D6AF4B50C95,docked_bike,2021-04-28 09:04:58,2021-04-28 09:12:53,DeKalb Ave & S Portland Ave,4546,Carlton Ave & Dean St,4199,40.68981,-73.974931,40.6809741,-73.9710097,member
47404,065B8D2F6213F85A,docked_bike,2021-04-25 00:16:53,2021-04-25 00:40:38,W Broadway & Spring St,5569,Carlton Ave & Dean St,4199,40.724946,-74.001658,40.6809741,-73.9710097,member
47409,E048056F305DC10C,docked_bike,2021-04-04 14:25:07,2021-04-04 14:27:10,Carlton Ave & Dean St,4199,Carlton Ave & Dean St,4199,40.680974,-73.971009,40.6809741,-73.9710097,member
47453,B5F5F7D86EBC914F,docked_bike,2021-04-05 07:10:03,2021-04-05 07:11:29,Carlton Ave & Dean St,4199,Carlton Ave & Dean St,4199,40.680974,-73.971009,40.6809741,-73.9710097,member
47490,E5830124566B7059,docked_bike,2021-04-13 16:18:15,2021-04-13 16:24:21,Underhill Ave & Lincoln Pl,4042,Carlton Ave & Dean St,4199,40.674012,-73.967145,40.6809741,-73.9710097,member
47494,6CF86C17B953A616,docked_bike,2021-04-29 15:28:36,2021-04-29 15:58:01,Carlton Ave & Dean St,4199,Carlton Ave & Dean St,4199,40.680974,-73.971009,40.6809741,-73.9710097,member
47496,9E1539159F09B074,docked_bike,2021-04-19 23:54:39,2021-04-19 23:59:02,Underhill Ave & Lincoln Pl,4042,Carlton Ave & Dean St,4199,40.674012,-73.967145,40.6809741,-73.9710097,casual
47515,F53B82229F7C2EC7,docked_bike,2021-04-05 18:03:03,2021-04-05 18:08:59,Carlton Ave & Dean St,4199,Underhill Ave & Lincoln Pl,4042,40.680974,-73.971009,40.6740123,-73.9671457,member
47530,A1647EE0B24A50B9,docked_bike,2021-04-26 10:54:23,2021-04-26 11:14:37,Carlton Ave & Dean St,4199,Carlton Ave & Dean St,4199,40.680974,-73.971009,40.6809741,-73.9710097,member
47541,6272BE16C60E17BA,docked_bike,2021-04-11 14:15:33,2021-04-11 14:23:44,Carlton Ave & Dean St,4199,Carlton Ave & Dean St,4199,40.680974,-73.971009,40.6809741,-73.9710097,member
47545,AD1B0C89B81C8909,docked_bike,2021-04-07 14:15:50,2021-04-07 14:43:23,Carlton Ave & Dean St,4199,Carlton Ave & Dean St,4199,40.680974,-73.97101,40.680974,-73.97101,member
47560,6973F699381BBFC7,docked_bike,2021-04-14 15:03:13,2021-04-14 15:03:41,Carlton Ave & Dean St,4199,Carlton Ave & Dean St,4199,40.680974,-73.971009,40.6809741,-73.9710097,member
47561,217486EB2E76EDEA,docked_bike,2021-04-21 07:52:17,2021-04-21 07:53:19,Carlton Ave & Dean St,4199,Carlton Ave & Dean St,4199,40.680974,-73.971009,40.6809741,-73.9710097,member
47570,1616F8CC73BA55AB,docked_bike,2021-04-21 07:35:20,2021-04-21 07:41:34,Monroe St & Classon Ave,4336,Carlton Ave & Dean St,4199,40.684568,-73.95881,40.6809741,-73.9710097,member
47584,0E91369E0CDDDE6F,docked_bike,2021-04-25 17:55:27,2021-04-25 18:00:43,Underhill Ave & Lincoln Pl,4042,Carlton Ave & Dean St,4199,40.674012,-73.967145,40.6809741,-73.9710097,member
47608,B31D8CA62A67FE28,docked_bike,2021-04-23 08:39:00,2021-04-23 08:42:29,Underhill Ave & Pacific St,4231,Carlton Ave & Dean St,4199,40.680483,-73.964679,40.6809741,-73.9710097,member
47616,924FA34F61DDE91A,docked_bike,2021-04-19 09:32:39,2021-04-19 09:39:57,DeKalb Ave & S Portland Ave,4546,Carlton Ave & Dean St,4199,40.68981,-73.974931,40.6809741,-73.9710097,member
47637,5516253C24775C80,docked_bike,2021-04-07 18:50:04,2021-04-07 18:56:04,Carlton Ave & Dean St,4199,Underhill Ave & Lincoln Pl,4042,40.680974,-73.971009,40.6740123,-73.9671457,member
47650,12CE93A6A6BE4AAE,docked_bike,2021-04-28 12:53:45,2021-04-28 12:55:11,Carlton Ave & Dean St,4199,Carlton Ave & Dean St,4199,40.680974,-73.971009,40.6809741,-73.9710097,member
47654,164FED011BE3E02B,docked_bike,2021-04-23 21:30:04,2021-04-23 21:38:12,Carlton Ave & Dean St,4199,Carlton Ave & Dean St,4199,40.680974,-73.971009,40.6809741,-73.9710097,member
47655,FFF9646554210022,docked_bike,2021-04-21 09:20:28,2021-04-21 09:40:57,Carlton Ave & Dean St,4199,Carlton Ave & Dean St,4199,40.680974,-73.971009,40.6809741,-73.9710097,member
47656,FAA79AF370C9AD64,docked_bike,2021-04-06 12:59:59,2021-04-06 13:08:35,Carlton Ave & Dean St,4199,Carlton Ave & Dean St,4199,40.680974,-73.971009,40.6809741,-73.9710097,member
47668,06F37F322E046E97,docked_bike,2021-04-26 17:54:23,2021-04-26 18:15:44,Carlton Ave & Dean St,4199,Carlton Ave & Dean St,4199,40.680974,-73.971009,40.6809741,-73.9710097,member
47689,3449F9FBDE76C022,docked_bike,2021-04-15 21:06:13,2021-04-15 21:06:49,Carlton Ave & Dean St,4199,Carlton Ave & Dean St,4199,40.680974,-73.971009,40.6809741,-73.9710097,member
47693,C1B147DC3591C423,docked_bike,2021-04-29 10:50:15,2021-04-29 10:53:09,Carlton Ave & Dean St,4199,Carlton Ave & Dean St,4199,40.680974,-73.971009,40.6809741,-73.9710097,member
47694,3119CEA9DE265563,docked_bike,2021-04-21 08:26:52,2021-04-21 08:30:12,Underhill Ave & Lincoln Pl,4042,Carlton Ave & Dean St,4199,40.674012,-73.967145,40.6809741,-73.9710097,member
47695,7888BA02515A39FB,docked_bike,2021-04-17 10:02:38,2021-04-17 10:05:52,Underhill Ave & Lincoln Pl,4042,Carlton Ave & Dean St,4199,40.674012,-73.967145,40.6809741,-73.9710097,member
47747,7EBE020528D72DB9,docked_bike,2021-04-14 22:21:55,2021-04-14 22:26:42,Carlton Ave & Dean St,4199,Underhill Ave & Lincoln Pl,4042,40.680974,-73.971009,40.6740123,-73.9671457,member
47748,A629F5CF0008E003,docked_bike,2021-04-28 18:50:58,2021-04-28 18:55:43,Underhill Ave & Lincoln Pl,4042,Carlton Ave & Dean St,4199,40.674012,-73.967145,40.6809741,-73.9710097,member
47749,90F238E3B3411D78,docked_bike,2021-04-21 22:23:37,2021-04-21 22:29:06,Carlton Ave & Dean St,4199,Underhill Ave & Lincoln Pl,4042,40.680974,-73.971009,40.6740123,-73.9671457,member
47751,FCCAA96BC6A8459F,docked_bike,2021-04-28 22:24:20,2021-04-28 22:30:17,Carlton Ave & Dean St,4199,Underhill Ave & Lincoln Pl,4042,40.680974,-73.971009,40.6740123,-73.9671457,member
47752,F114F790CBECC662,docked_bike,2021-04-16 10:20:05,2021-04-16 10:21:47,Carlton Ave & Dean St,4199,Carlton Ave & Dean St,4199,40.680974,-73.971009,40.6809741,-73.9710097,member
47759,0E79E46AEE195FEF,docked_bike,2021-04-14 19:03:25,2021-04-14 19:07:56,Underhill Ave & Lincoln Pl,4042,Carlton Ave & Dean St,4199,40.674012,-73.967145,40.6809741,-73.9710097,member
47769,4EDEB61FC89B62A5,docked_bike,2021-04-15 07:55:53,2021-04-15 07:56:14,Carlton Ave & Dean St,4199,Carlton Ave & Dean St,4199,40.680974,-73.971009,40.6809741,-73.9710097,member
47774,5B7B27BD436EF28E,docked_bike,2021-04-26 14:40:54,2021-04-26 15:08:45,Carlton Ave & Dean St,4199,Carlton Ave & Dean St,4199,40.680974,-73.971009,40.6809741,-73.9710097,member
47780,AC799559CEB5EEEE,docked_bike,2021-04-14 08:49:02,2021-04-14 09:45:39,Carlton Ave & Dean St,4199,Carlton Ave & Dean St,4199,40.680974,-73.971009,40.6809741,-73.9710097,member
47783,8D77387C71A33FB3,docked_bike,2021-04-17 20:47:20,2021-04-17 20:51:13,Carlton Ave & Dean St,4199,Underhill Ave & Lincoln Pl,4042,40.680974,-73.971009,40.6740123,-73.9671457,casual
47800,1075BDC80B4D1FC6,docked_bike,2021-04-17 13:18:55,2021-04-17 13:19:16,Carlton Ave & Dean St,4199,Carlton Ave & Dean St,4199,40.680974,-73.971009,40.6809741,-73.9710097,member
47810,540D5679BE05E1B7,docked_bike,2021-04-23 11:41:19,2021-04-23 11:44:42,Underhill Ave & Lincoln Pl,4042,Carlton Ave & Dean St,4199,40.674012,-73.967145,40.6809741,-73.9710097,member
47822,B1705678F65A6136,docked_bike,2021-04-13 15:22:50,2021-04-13 15:27:53,Underhill Ave & Lincoln Pl,4042,Carlton Ave & Dean St,4199,40.674012,-73.967145,40.6809741,-73.9710097,member
47833,239395207DA22162,docked_bike,2021-04-05 20:09:48,2021-04-05 20:13:46,Carlton Ave & Dean St,4199,Underhill Ave & Lincoln Pl,4042,40.680974,-73.971009,40.6740123,-73.9671457,member
47835,EDB10625F81563BC,docked_bike,2021-04-20 20:08:45,2021-04-20 20:25:48,Carlton Ave & Dean St,4199,Carlton Ave & Dean St,4199,40.680974,-73.971009,40.6809741,-73.9710097,casual
47844,06F9E4596ED901E8,docked_bike,2021-04-04 17:48:30,2021-04-04 17:57:22,Carlton Ave & Dean St,4199,Underhill Ave & Lincoln Pl,4042,40.680974,-73.971009,40.6740123,-73.9671457,casual
47858,8E6AACDF29131F61,docked_bike,2021-04-15 17:16:07,2021-04-15 17:19:53,Underhill Ave & Lincoln Pl,4042,Carlton Ave & Dean St,4199,40.674012,-73.967145,40.6809741,-73.9710097,member
47863,4E6EF291B06249E0,docked_bike,2021-04-15 17:57:48,2021-04-15 17:58:10,Carlton Ave & Dean St,4199,Carlton Ave & Dean St,4199,40.680974,-73.971009,40.6809741,-73.9710097,member
47888,DB72C7301CD61F38,docked_bike,2021-04-09 09:47:58,2021-04-09 09:52:56,Carlton Ave & Dean St,4199,Carlton Ave & Dean St,4199,40.680974,-73.971009,40.6809741,-73.9710097,member
47895,CCE88EBA05E13651,docked_bike,2021-04-28 16:13:22,2021-04-28 16:20:55,Carlton Ave & Dean St,4199,Monroe St & Classon Ave,4336,40.680974,-73.971009,40.6845683,-73.95881081,member
47898,720EB42CC94C2328,docked_bike,2021-04-22 07:44:16,2021-04-22 07:51:34,Monroe St & Classon Ave,4336,Carlton Ave & Dean St,4199,40.684568,-73.95881,40.6809741,-73.9710097,member
47904,A1189BB5E575939D,docked_bike,2021-04-13 20:24:08,2021-04-13 21:29:32,Carlton Ave & Dean St,4199,Carlton Ave & Dean St,4199,40.680974,-73.971009,40.6809741,-73.9710097,member
47910,D17ED0E371A86CD0,docked_bike,2021-04-04 16:45:10,2021-04-04 17:04:57,Carlton Ave & Dean St,4199,Carlton Ave & Dean St,4199,40.680974,-73.971009,40.6809741,-73.9710097,member
47918,0A68A76291981884,docked_bike,2021-04-04 12:27:59,2021-04-04 12:39:07,Carlton Ave & Dean St,4199,Carlton Ave & Dean St,4199,40.680974,-73.971009,40.6809741,-73.9710097,member
47943,634E616A1D38951D,docked_bike,2021-04-23 22:44:29,2021-04-23 22:45:45,Carlton Ave & Dean St,4199,Carlton Ave & Dean St,4199,40.680974,-73.971009,40.6809741,-73.9710097,casual
47944,351F3877EF88AFFE,docked_bike,2021-04-07 19:40:51,2021-04-07 19:48:31,Carlton Ave & Dean St,4199,Carlton Ave & Dean St,4199,40.680974,-73.971009,40.6809741,-73.9710097,member
47948,FDD6E85418BDAF79,docked_bike,2021-04-12 09:36:54,2021-04-12 09:39:02,Carlton Ave & Dean St,4199,Carlton Ave & Dean St,4199,40.680974,-73.971009,40.6809741,-73.9710097,casual
47954,05A1B662F30FE38D,docked_bike,2021-04-19 18:55:01,2021-04-19 19:20:45,Carlton Ave & Dean St,4199,Carlton Ave & Dean St,4199,40.680974,-73.971009,40.6809741,-73.9710097,casual
47955,F0FFB682E723E68F,docked_bike,2021-04-30 15:28:55,2021-04-30 15:40:39,Carlton Ave & Dean St,4199,Monroe St & Classon Ave,4336,40.680974,-73.971009,40.6845683,-73.95881081,casual
47962,3330833E00F14275,docked_bike,2021-04-19 18:52:34,2021-04-19 19:20:43,Carlton Ave & Dean St,4199,Carlton Ave & Dean St,4199,40.680974,-73.971009,40.6809741,-73.9710097,casual
47963,7C8FD81378C91E99,docked_bike,2021-04-19 14:35:38,2021-04-19 14:39:42,Carlton Ave & Dean St,4199,Carlton Ave & Dean St,4199,40.680974,-73.971009,40.6809741,-73.9710097,member
47985,6CE88012104C8485,docked_bike,2021-04-30 14:20:19,2021-04-30 14:24:52,Carlton Ave & Dean St,4199,Underhill Ave & Lincoln Pl,4042,40.680974,-73.971009,40.6740123,-73.9671457,member
48007,63D4C8637708BEDF,docked_bike,2021-04-05 08:11:49,2021-04-05 08:12:01,Carlton Ave & Dean St,4199,Carlton Ave & Dean St,4199,40.680974,-73.971009,40.6809741,-73.9710097,member
48026,08F5F5BCD8A242D2,docked_bike,2021-04-02 13:58:38,2021-04-02 14:00:27,Carlton Ave & Dean St,4199,Carlton Ave & Dean St,4199,40.680974,-73.971009,40.6809741,-73.9710097,casual
48031,35ABD5BB6A1C7BE0,docked_bike,2021-04-11 14:15:39,2021-04-11 14:44:50,Carlton Ave & Dean St,4199,Carlton Ave & Dean St,4199,40.680974,-73.971009,40.6809741,-73.9710097,casual
48041,2C30BD27AB35574C,docked_bike,2021-04-30 19:18:43,2021-04-30 19:19:38,Carlton Ave & Dean St,4199,Carlton Ave & Dean St,4199,40.680974,-73.971009,40.6809741,-73.9710097,casual
48046,52D2F5FE964800A4,docked_bike,2021-04-18 14:36:18,2021-04-18 14:41:25,Carlton Ave & Dean St,4199,Underhill Ave & Lincoln Pl,4042,40.680974,-73.971009,40.6740123,-73.9671457,member
48057,F16059EB19523D7A,docked_bike,2021-04-30 18:21:42,2021-04-30 18:27:27,Carlton Ave & Dean St,4199,Underhill Ave & Lincoln Pl,4042,40.680974,-73.971009,40.6740123,-73.9671457,member
48068,84AD9C6A93AD5669,docked_bike,2021-04-14 20:03:11,2021-04-14 20:11:37,Carlton Ave & Dean St,4199,Carlton Ave & Dean St,4199,40.680974,-73.971009,40.6809741,-73.9710097,member
48073,4F7309BAB64F7EBF,docked_bike,2021-04-20 18:52:29,2021-04-20 18:53:05,Carlton Ave & Dean St,4199,Carlton Ave & Dean St,4199,40.680974,-73.971009,40.6809741,-73.9710097,member
48089,3D3D837A11A8362C,docked_bike,2021-04-03 18:16:23,2021-04-03 19:31:08,Carlton Ave & Dean St,4199,Carlton Ave & Dean St,4199,40.680974,-73.97101,40.680974,-73.97101,casual
48145,5C6D7CA372451C0C,docked_bike,2021-04-16 15:33:24,2021-04-16 16:07:47,Carlton Ave & Dean St,4199,Carlton Ave & Dean St,4199,40.680974,-73.971009,40.6809741,-73.9710097,casual
48152,CAEEFA1D57318AA0,docked_bike,2021-04-20 10:46:08,2021-04-20 10:55:57,Carlton Ave & Dean St,4199,Carlton Ave & Dean St,4199,40.680974,-73.971009,40.6809741,-73.9710097,member
48160,1A60469E38B645DE,docked_bike,2021-04-21 18:53:39,2021-04-21 19:00:08,Underhill Ave & Lincoln Pl,4042,Carlton Ave & Dean St,4199,40.674012,-73.967145,40.6809741,-73.9710097,member
48165,43C09A03D041B0AD,docked_bike,2021-04-22 23:03:55,2021-04-22 23:11:19,Carlton Ave & Dean St,4199,Carlton Ave & Dean St,4199,40.680974,-73.971009,40.6809741,-73.9710097,member
48166,EB5BEFF52EDA7BF8,docked_bike,2021-04-18 14:43:23,2021-04-18 14:48:35,Carlton Ave & Dean St,4199,Monroe St & Classon Ave,4336,40.680974,-73.971009,40.6845683,-73.95881081,member
48167,F2FC0533E78C680D,docked_bike,2021-04-10 22:42:51,2021-04-10 22:49:50,Monroe St & Classon Ave,4336,Carlton Ave & Dean St,4199,40.684568,-73.95881,40.6809741,-73.9710097,member
48168,4C475CE3A5214EDD,docked_bike,2021-04-17 11:27:12,2021-04-17 11:31:55,Carlton Ave & Dean St,4199,Monroe St & Classon Ave,4336,40.680974,-73.971009,40.6845683,-73.95881081,member
48169,0FB16FA91E0AC320,docked_bike,2021-04-30 20:14:13,2021-04-30 20:29:50,Carlton Ave & Dean St,4199,Carlton Ave & Dean St,4199,40.680974,-73.971009,40.6809741,-73.9710097,member
48179,00FD7AB42DCF5495,docked_bike,2021-04-10 09:56:09,2021-04-10 10:00:01,Underhill Ave & Lincoln Pl,4042,Carlton Ave & Dean St,4199,40.674012,-73.967145,40.6809741,-73.9710097,member
48187,4631E2627875EFA2,docked_bike,2021-04-26 10:20:08,2021-04-26 10:24:05,Carlton Ave & Dean St,4199,Carlton Ave & Dean St,4199,40.680974,-73.971009,40.6809741,-73.9710097,member
48192,13CBC605150A74CA,docked_bike,2021-04-15 08:03:27,2021-04-15 08:07:44,Underhill Ave & Lincoln Pl,4042,Carlton Ave & Dean St,4199,40.674012,-73.967145,40.6809741,-73.9710097,member
48197,363B348491D9CFF4,docked_bike,2021-04-20 02:09:43,2021-04-20 02:58:16,Carlton Ave & Dean St,4199,Carlton Ave & Dean St,4199,40.680974,-73.971009,40.6809741,-73.9710097,member
48215,2248DF88B5D5E66E,docked_bike,2021-04-03 16:38:17,2021-04-03 16:43:01,Carlton Ave & Dean St,4199,Carlton Ave & Dean St,4199,40.680974,-73.971009,40.6809741,-73.9710097,casual
48229,259B07804BF0D261,docked_bike,2021-04-27 15:16:03,2021-04-27 15:16:40,Carlton Ave & Dean St,4199,Carlton Ave & Dean St,4199,40.680974,-73.971009,40.6809741,-73.9710097,member
48242,BCAE54578F252EAD,docked_bike,2021-04-10 09:55:50,2021-04-10 09:57:34,Carlton Ave & Dean St,4199,Carlton Ave & Dean St,4199,40.680974,-73.971009,40.6809741,-73.9710097,casual
48248,3D660E8553AF0453,docked_bike,2021-04-13 20:33:19,2021-04-13 20:42:39,Carlton Ave & Dean St,4199,Carlton Ave & Dean St,4199,40.680974,-73.971009,40.6809741,-73.9710097,member
48249,59504E429B8C4E22,docked_bike,2021-04-04 19:36:16,2021-04-04 19:46:36,Carlton Ave & Dean St,4199,Carlton Ave & Dean St,4199,40.680974,-73.971009,40.6809741,-73.9710097,member
48250,E9BED92853348ABC,docked_bike,2021-04-24 17:36:51,2021-04-24 17:43:11,Carlton Ave & Dean St,4199,Carlton Ave & Dean St,4199,40.680974,-73.971009,40.6809741,-73.9710097,member
48251,5C1E56174967CF9A,docked_bike,2021-04-23 19:19:39,2021-04-23 19:40:53,Carlton Ave & Dean St,4199,Irving Ave & Halsey St,4695,40.680974,-73.971009,40.69467,-73.90663,member
48256,51F9F54B6CA3AFFD,docked_bike,2021-04-20 14:32:21,2021-04-20 14:53:51,Banker St & Meserole Ave,5633,Carlton Ave & Dean St,4199,40.72606,-73.95621,40.6809741,-73.9710097,member
48257,FA6CD5110AC49414,docked_bike,2021-04-21 11:33:09,2021-04-21 11:46:49,Henry St & Degraw St,4380,Carlton Ave & Dean St,4199,40.684751,-73.999172,40.6809741,-73.9710097,member
48274,6369A32427ADF914,docked_bike,2021-04-17 16:45:23,2021-04-17 17:13:19,Stanton St & Norfolk St,5445,Carlton Ave & Dean St,4199,40.720747,-73.986274,40.6809741,-73.9710097,casual
48286,939B18E3D824E934,docked_bike,2021-04-07 18:38:57,2021-04-07 18:59:16,Stanton St & Norfolk St,5445,Carlton Ave & Dean St,4199,40.720747,-73.986274,40.6809741,-73.9710097,member
48331,697BABA8F453FEEF,docked_bike,2021-04-14 07:58:35,2021-04-14 08:13:32,Kingston Ave & Herkimer St,4205,Carlton Ave & Dean St,4199,40.678906,-73.941427,40.6809741,-73.9710097,member
48344,13F4992B2BC9EDB0,docked_bike,2021-04-19 18:14:58,2021-04-19 18:28:11,Kingston Ave & Herkimer St,4205,Carlton Ave & Dean St,4199,40.678906,-73.941427,40.6809741,-73.9710097,member
48349,5C95606E7CA81466,docked_bike,2021-04-27 17:11:56,2021-04-27 17:21:37,Bond St & Bergen St,4404,Carlton Ave & Dean St,4199,40.684966,-73.986207,40.6809741,-73.9710097,member
48350,A679B78BEB982832,docked_bike,2021-04-22 17:05:42,2021-04-22 17:16:10,Bond St & Bergen St,4404,Carlton Ave & Dean St,4199,40.684966,-73.986207,40.6809741,-73.9710097,member
48371,4D145CCECA6FD055,docked_bike,2021-04-17 09:41:00,2021-04-17 10:02:47,Howard St & Centre St,5422,Carlton Ave & Dean St,4199,40.719105,-73.999733,40.6809741,-73.9710097,member
48384,9CE73D142AEACD33,docked_bike,2021-04-07 14:56:12,2021-04-07 15:09:46,Windsor Pl & Howard Pl,3579,Carlton Ave & Dean St,4199,40.65949,-73.980139,40.6809741,-73.9710097,member
48387,BD21132D7339AB04,docked_bike,2021-04-19 14:19:28,2021-04-19 14:34:35,Kingston Ave & Herkimer St,4205,Carlton Ave & Dean St,4199,40.678906,-73.941427,40.6809741,-73.9710097,member
48391,6139DB4371726439,docked_bike,2021-04-10 16:43:56,2021-04-10 16:57:04,Underhill Ave & Lincoln Pl,4042,Carlton Ave & Dean St,4199,40.674012,-73.967145,40.6809741,-73.9710097,casual
48404,92D63B78FB137F50,docked_bike,2021-04-24 17:59:19,2021-04-24 18:00:00,Carlton Ave & Dean St,4199,Carlton Ave & Dean St,4199,40.680974,-73.971009,40.6809741,-73.9710097,member
48414,DE47FD5CA394F8A6,docked_bike,2021-04-23 19:09:13,2021-04-23 19:30:06,Carlton Ave & Dean St,4199,Carlton Ave & Dean St,4199,40.680974,-73.971009,40.6809741,-73.9710097,member
48426,B4AD0428600EBD53,docked_bike,2021-04-30 17:24:37,2021-04-30 17:45:50,Carlton Ave & Dean St,4199,Carlton Ave & Dean St,4199,40.680974,-73.971009,40.6809741,-73.9710097,member
48427,3826E1180740FED7,docked_bike,2021-04-28 10:48:31,2021-04-28 10:48:45,Carlton Ave & Dean St,4199,Carlton Ave & Dean St,4199,40.680974,-73.971009,40.6809741,-73.9710097,member
48431,3F45D8B6A2F55B58,docked_bike,2021-04-18 17:53:24,2021-04-18 18:40:14,Carlton Ave & Dean St,4199,Carlton Ave & Dean St,4199,40.680974,-73.97101,40.680974,-73.97101,member
48434,8058D572B1BBB427,docked_bike,2021-04-23 21:43:59,2021-04-23 21:53:23,Carlton Ave & Dean St,4199,Monroe St & Classon Ave,4336,40.680974,-73.971009,40.6845683,-73.95881081,member
48442,ED60CCA9D6776621,docked_bike,2021-04-25 19:06:40,2021-04-25 19:07:19,Carlton Ave & Dean St,4199,Carlton Ave & Dean St,4199,40.680974,-73.971009,40.6809741,-73.9710097,member
48448,0AA4F502DC8A8CD9,docked_bike,2021-04-19 08:50:20,2021-04-19 08:50:36,Carlton Ave & Dean St,4199,Carlton Ave & Dean St,4199,40.680974,-73.971009,40.6809741,-73.9710097,member
48460,AE54FA113FD837BC,docked_bike,2021-04-19 20:26:03,2021-04-19 20:26:08,Carlton Ave & Dean St,4199,Carlton Ave & Dean St,4199,40.680974,-73.971009,40.6809741,-73.9710097,casual
48478,E4136EEFB71FEF29,docked_bike,2021-04-08 07:50:45,2021-04-08 08:03:22,Kingston Ave & Herkimer St,4205,Carlton Ave & Dean St,4199,40.678906,-73.941427,40.6809741,-73.9710097,member
48479,F7DCFFABBD7A7ADC,docked_bike,2021-04-23 07:25:35,2021-04-23 07:37:32,Kingston Ave & Herkimer St,4205,Carlton Ave & Dean St,4199,40.678906,-73.941427,40.6809741,-73.9710097,member
48485,54EAE93CD717A1C7,docked_bike,2021-04-06 19:10:25,2021-04-06 19:16:52,Bond St & Bergen St,4404,Carlton Ave & Dean St,4199,40.684966,-73.986207,40.6809741,-73.9710097,member
48486,8920EC489A65755A,docked_bike,2021-04-25 18:05:03,2021-04-25 18:15:18,Bond St & Bergen St,4404,Carlton Ave & Dean St,4199,40.684966,-73.986207,40.6809741,-73.9710097,member
48493,F52E6888A4662849,docked_bike,2021-04-26 20:21:54,2021-04-26 20:26:45,Monroe St & Classon Ave,4336,Carlton Ave & Dean St,4199,40.684568,-73.95881,40.6809741,-73.9710097,member
48520,AED3E374BEEC0BEF,docked_bike,2021-04-04 14:22:32,2021-04-04 15:11:17,Carlton Ave & Dean St,4199,Carlton Ave & Dean St,4199,40.680974,-73.971009,40.6809741,-73.9710097,casual
48521,6803E5F9CF3FFE89,docked_bike,2021-04-17 21:34:01,2021-04-17 21:38:45,Underhill Ave & Lincoln Pl,4042,Carlton Ave & Dean St,4199,40.674012,-73.967145,40.6809741,-73.9710097,casual
48537,F716E59AC435FE13,docked_bike,2021-04-30 18:45:56,2021-04-30 19:02:38,Carlton Ave & Dean St,4199,Underhill Ave & Lincoln Pl,4042,40.680974,-73.971009,40.6740123,-73.9671457,member
48558,EFD11AFA24D626EB,docked_bike,2021-04-03 09:12:03,2021-04-03 09:15:44,Underhill Ave & Lincoln Pl,4042,Carlton Ave & Dean St,4199,40.674012,-73.967145,40.6809741,-73.9710097,member
48559,6BA3389CA1E1D0A8,docked_bike,2021-04-22 13:58:58,2021-04-22 14:02:47,Underhill Ave & Lincoln Pl,4042,Carlton Ave & Dean St,4199,40.674012,-73.967145,40.6809741,-73.9710097,member
48561,4270311A577260B4,docked_bike,2021-04-11 14:16:21,2021-04-11 14:23:39,Monroe St & Classon Ave,4336,Carlton Ave & Dean St,4199,40.684568,-73.95881,40.6809741,-73.9710097,member
48579,87118EFEF0B6F645,docked_bike,2021-04-27 18:40:49,2021-04-27 18:41:12,Carlton Ave & Dean St,4199,Carlton Ave & Dean St,4199,40.680974,-73.971009,40.6809741,-73.9710097,casual
48585,88372BE8856C64BF,docked_bike,2021-04-08 15:03:16,2021-04-08 15:35:13,Carlton Ave & Dean St,4199,Carlton Ave & Dean St,4199,40.680974,-73.971009,40.6809741,-73.9710097,member
48592,D5766E4BDA6ABF65,docked_bike,2021-04-18 19:41:54,2021-04-18 20:03:35,Carlton Ave & Dean St,4199,Irving Ave & Halsey St,4695,40.680974,-73.971009,40.69467,-73.90663,member
48593,3FB34322BBCA39A1,docked_bike,2021-04-25 10:27:02,2021-04-25 10:32:42,Underhill Ave & Lincoln Pl,4042,Carlton Ave & Dean St,4199,40.674012,-73.967145,40.6809741,-73.9710097,member
48597,70F758E3F5717938,docked_bike,2021-04-10 19:14:14,2021-04-10 19:21:03,Underhill Ave & Lincoln Pl,4042,Carlton Ave & Dean St,4199,40.674012,-73.967145,40.6809741,-73.9710097,casual
48609,088F9E815241936D,docked_bike,2021-04-17 09:58:53,2021-04-17 10:11:34,Emerson Pl & Myrtle Ave,4683,Carlton Ave & Dean St,4199,40.693631,-73.962235,40.6809741,-73.9710097,member
48630,285BDEE9223F2EA9,docked_bike,2021-04-06 13:47:20,2021-04-06 13:57:10,Hoyt St & Warren St,4330,Carlton Ave & Dean St,4199,40.684355,-73.989016,40.680974,-73.97101,member
48638,1A3C9A1C0B1F8224,docked_bike,2021-04-25 11:24:35,2021-04-25 11:55:51,Lafayette St & E 8 St,5788,Carlton Ave & Dean St,4199,40.730206,-73.991026,40.6809741,-73.9710097,member
48650,C8C76A2D19EC54FB,docked_bike,2021-04-13 13:51:36,2021-04-13 13:59:31,Bond St & Bergen St,4404,Carlton Ave & Dean St,4199,40.684966,-73.986207,40.6809741,-73.9710097,member
48651,6D42DE13DCE41FAE,docked_bike,2021-04-27 21:35:50,2021-04-27 21:41:49,Bond St & Bergen St,4404,Carlton Ave & Dean St,4199,40.684966,-73.986207,40.6809741,-73.9710097,casual
48709,E379D4ED1AA35B8E,docked_bike,2021-04-11 09:46:24,2021-04-11 09:56:04,Hoyt St & Warren St,4330,Carlton Ave & Dean St,4199,40.684354,-73.989016,40.6809741,-73.9710097,member
48710,4125B2376CA991B2,docked_bike,2021-04-03 14:44:25,2021-04-03 14:53:55,Hoyt St & Warren St,4330,Carlton Ave & Dean St,4199,40.684354,-73.989016,40.6809741,-73.9710097,member
48726,DA148DBD52F2E420,docked_bike,2021-04-17 14:43:41,2021-04-17 14:55:24,Hoyt St & Warren St,4330,Carlton Ave & Dean St,4199,40.684354,-73.989016,40.6809741,-73.9710097,member
48731,21BB3A33EFDF26BE,docked_bike,2021-04-26 14:55:33,2021-04-26 15:17:46,Forsyth St & Canal St,5270,Carlton Ave & Dean St,4199,40.715815,-73.994223,40.6809741,-73.9710097,member
48734,A451179448AC4D30,docked_bike,2021-04-19 13:21:55,2021-04-19 13:46:40,34 St & 4 Ave,3492,Carlton Ave & Dean St,4199,40.655278,-74.003101,40.6809741,-73.9710097,casual
48736,43BC06000131C588,docked_bike,2021-04-08 17:06:32,2021-04-08 17:25:55,34 St & 4 Ave,3492,Carlton Ave & Dean St,4199,40.655278,-74.003101,40.6809741,-73.9710097,member
48739,21ACA3B5A19E4123,docked_bike,2021-04-17 15:42:11,2021-04-17 16:02:04,Forsyth St & Canal St,5270,Carlton Ave & Dean St,4199,40.715815,-73.994223,40.6809741,-73.9710097,member
48750,F66CF44D5D5686F6,docked_bike,2021-04-06 17:19:24,2021-04-06 17:31:39,Sterling St & Bedford Ave,3665,Carlton Ave & Dean St,4199,40.662705,-73.956911,40.6809741,-73.9710097,member
48760,8A9D56915EC52857,docked_bike,2021-04-10 14:17:22,2021-04-10 14:27:13,Hoyt St & Warren St,4330,Carlton Ave & Dean St,4199,40.684355,-73.989016,40.680974,-73.97101,member
48792,813F50EE2EF05F4B,docked_bike,2021-04-21 09:33:40,2021-04-21 09:55:39,Kent Ave & S 11 St,5062,Carlton Ave & Dean St,4199,40.707644,-73.968415,40.6809741,-73.9710097,casual
48799,007E7F6317FF45DC,docked_bike,2021-04-27 08:59:28,2021-04-27 09:21:55,Kent Ave & S 11 St,5062,Carlton Ave & Dean St,4199,40.707644,-73.968415,40.6809741,-73.9710097,casual
48800,5FF3852560C948EC,docked_bike,2021-04-15 22:39:06,2021-04-15 23:02:32,Kent Ave & S 11 St,5062,Carlton Ave & Dean St,4199,40.707644,-73.968415,40.6809741,-73.9710097,member
48819,909230FED887C448,docked_bike,2021-04-18 00:49:27,2021-04-18 01:00:22,Kent Ave & S 11 St,5062,Carlton Ave & Dean St,4199,40.707644,-73.968415,40.6809741,-73.9710097,casual
48825,C5E5714A7E6EF4D7,docked_bike,2021-04-27 19:04:06,2021-04-27 19:09:15,Hanson Pl & Ashland Pl,4395,Carlton Ave & Dean St,4199,40.685068,-73.977907,40.6809741,-73.9710097,member
48829,5BBEAAA32F746961,docked_bike,2021-04-01 19:07:41,2021-04-01 19:13:11,Hanson Pl & Ashland Pl,4395,Carlton Ave & Dean St,4199,40.685068,-73.977907,40.6809741,-73.9710097,member
48830,F9C627ACF037FF55,docked_bike,2021-04-05 14:58:04,2021-04-05 15:08:48,Dock 72 Way & Market St,4804,Carlton Ave & Dean St,4199,40.69985,-73.97141,40.6809741,-73.9710097,casual
48840,58C8371AD4EB2BA7,docked_bike,2021-04-07 15:03:09,2021-04-07 15:14:44,Dock 72 Way & Market St,4804,Carlton Ave & Dean St,4199,40.69985,-73.97141,40.6809741,-73.9710097,casual
48862,37120F9D32C58F9F,docked_bike,2021-04-27 11:21:49,2021-04-27 11:30:18,Dean St & Hoyt St,4446,Carlton Ave & Dean St,4199,40.686444,-73.987591,40.6809741,-73.9710097,casual
48866,21CE774D1A836A80,docked_bike,2021-04-19 19:39:36,2021-04-19 19:40:38,Carlton Ave & Dean St,4199,Carlton Ave & Dean St,4199,40.680974,-73.971009,40.6809741,-73.9710097,member
48880,6290AEC865EA6173,docked_bike,2021-04-24 17:15:09,2021-04-24 17:15:31,Carlton Ave & Dean St,4199,Carlton Ave & Dean St,4199,40.680974,-73.971009,40.6809741,-73.9710097,casual
48885,397D2B342A95FE39,docked_bike,2021-04-04 22:28:14,2021-04-04 22:34:39,Underhill Ave & Lincoln Pl,4042,Carlton Ave & Dean St,4199,40.674012,-73.967145,40.6809741,-73.9710097,casual
48900,A332EDDB122BFF34,docked_bike,2021-04-29 12:54:10,2021-04-29 13:01:17,Carlton Ave & Dean St,4199,Underhill Ave & Lincoln Pl,4042,40.680974,-73.97101,40.674012,-73.967146,member
48901,4DD0267723F5B9D7,docked_bike,2021-04-29 11:46:56,2021-04-29 11:53:48,Underhill Ave & Lincoln Pl,4042,Carlton Ave & Dean St,4199,40.674012,-73.967146,40.680974,-73.97101,member
48910,FD44C3AA20A21E69,docked_bike,2021-04-24 17:36:22,2021-04-24 17:39:14,Carlton Ave & Dean St,4199,Carlton Ave & Dean St,4199,40.680974,-73.971009,40.6809741,-73.9710097,casual
48913,BD911F34E3FA09B2,docked_bike,2021-04-09 17:43:53,2021-04-09 17:57:50,Carlton Ave & Dean St,4199,Carlton Ave & Dean St,4199,40.680974,-73.971009,40.6809741,-73.9710097,member
48916,F04DB1550DF6E7D9,docked_bike,2021-04-24 11:07:08,2021-04-24 11:07:33,Carlton Ave & Dean St,4199,Carlton Ave & Dean St,4199,40.680974,-73.971009,40.6809741,-73.9710097,member
48945,27D3E206234AC595,docked_bike,2021-04-20 17:45:18,2021-04-20 17:59:23,Dean St & Hoyt St,4446,Carlton Ave & Dean St,4199,40.686444,-73.987591,40.6809741,-73.9710097,casual
48948,E8D6AB50445C3765,docked_bike,2021-04-29 15:14:18,2021-04-29 15:29:34,Smith St & 3 St,4151,Carlton Ave & Dean St,4199,40.678724,-73.99599,40.6809741,-73.9710097,casual
48953,5CF64FDE9C1E40C0,docked_bike,2021-04-11 15:57:13,2021-04-11 16:05:11,Dean St & Hoyt St,4446,Carlton Ave & Dean St,4199,40.686444,-73.987591,40.6809741,-73.9710097,casual
48955,F77290C93A841355,docked_bike,2021-04-20 17:44:35,2021-04-20 17:59:06,Dean St & Hoyt St,4446,Carlton Ave & Dean St,4199,40.686444,-73.987591,40.6809741,-73.9710097,member
48959,A4641BE47C965DC6,docked_bike,2021-04-29 12:16:09,2021-04-29 12:26:12,Dean St & Hoyt St,4446,Carlton Ave & Dean St,4199,40.686444,-73.987591,40.6809741,-73.9710097,casual
48961,1A80CEE1FAD93ADB,docked_bike,2021-04-18 18:25:55,2021-04-18 18:33:56,Dean St & Hoyt St,4446,Carlton Ave & Dean St,4199,40.686444,-73.987591,40.6809741,-73.9710097,member
48976,5843FED5F5F18A2D,docked_bike,2021-04-20 17:14:55,2021-04-20 17:15:15,Carlton Ave & Dean St,4199,Carlton Ave & Dean St,4199,40.680974,-73.971009,40.6809741,-73.9710097,casual
48991,E4DD79CB1A014560,docked_bike,2021-04-03 13:56:13,2021-04-03 16:03:55,Carlton Ave & Dean St,4199,Carlton Ave & Dean St,4199,40.680974,-73.971009,40.6809741,-73.9710097,member
48998,CF5E137671F76410,docked_bike,2021-04-06 07:37:54,2021-04-06 08:19:33,Carlton Ave & Dean St,4199,Carlton Ave & Dean St,4199,40.680974,-73.971009,40.6809741,-73.9710097,member
49014,45F6C68CB0E80EA5,docked_bike,2021-04-02 22:19:30,2021-04-02 22:19:48,Carlton Ave & Dean St,4199,Carlton Ave & Dean St,4199,40.680974,-73.97101,40.680974,-73.97101,member
49021,EB4885945EA6F3B3,docked_bike,2021-04-22 08:48:11,2021-04-22 08:55:16,Dean St & Hoyt St,4446,Carlton Ave & Dean St,4199,40.686444,-73.987591,40.6809741,-73.9710097,member
49025,37D95AC95163EC77,docked_bike,2021-04-03 15:06:57,2021-04-03 15:13:37,Dean St & Hoyt St,4446,Carlton Ave & Dean St,4199,40.686444,-73.987591,40.680974,-73.97101,member
49036,1BA25F37FDC76C19,docked_bike,2021-04-13 21:23:40,2021-04-13 21:32:13,Dean St & Hoyt St,4446,Carlton Ave & Dean St,4199,40.686444,-73.987591,40.6809741,-73.9710097,member
49038,FEDBFBC684B031BA,docked_bike,2021-04-25 13:06:41,2021-04-25 13:18:48,Smith St & 3 St,4151,Carlton Ave & Dean St,4199,40.678724,-73.99599,40.6809741,-73.9710097,casual
49052,55134FA389AEDA00,docked_bike,2021-04-03 12:51:09,2021-04-03 12:58:59,Dean St & Hoyt St,4446,Carlton Ave & Dean St,4199,40.686444,-73.987591,40.6809741,-73.9710097,casual
49056,1AD7ACC4CE2B5644,docked_bike,2021-04-07 17:13:17,2021-04-07 17:21:52,Dean St & Hoyt St,4446,Carlton Ave & Dean St,4199,40.686444,-73.987591,40.680974,-73.97101,member
49074,9837234FAF979BC1,docked_bike,2021-04-29 22:32:41,2021-04-29 22:42:18,Dean St & Hoyt St,4446,Carlton Ave & Dean St,4199,40.686444,-73.987591,40.6809741,-73.9710097,casual
49086,E6D567C1B98F21BF,docked_bike,2021-04-23 14:09:12,2021-04-23 14:33:08,Kent Ave & N 7 St,5489,Carlton Ave & Dean St,4199,40.720367,-73.96165,40.6809741,-73.9710097,member
49096,01818C3D24D62633,docked_bike,2021-04-26 09:27:10,2021-04-26 09:30:22,Grand Ave & Bergen St,4190,Carlton Ave & Dean St,4199,40.678045,-73.962408,40.6809741,-73.9710097,member
49100,713C7A34B8A76299,docked_bike,2021-04-29 18:46:35,2021-04-29 18:51:06,Hanson Pl & Ashland Pl,4395,Carlton Ave & Dean St,4199,40.685068,-73.977907,40.6809741,-73.9710097,member
49105,57EAD8109B12D73D,docked_bike,2021-04-29 18:34:17,2021-04-29 18:42:18,Hanson Pl & Ashland Pl,4395,Carlton Ave & Dean St,4199,40.685068,-73.977907,40.6809741,-73.9710097,member
49108,B7FAD81B123485E1,docked_bike,2021-04-14 18:13:37,2021-04-14 18:18:18,Hanson Pl & Ashland Pl,4395,Carlton Ave & Dean St,4199,40.685068,-73.977907,40.6809741,-73.9710097,member
49109,DBDC206B58D3A0D5,docked_bike,2021-04-10 09:01:57,2021-04-10 09:07:13,Hanson Pl & Ashland Pl,4395,Carlton Ave & Dean St,4199,40.685068,-73.977907,40.6809741,-73.9710097,member
49110,51C0C3A7F40527B7,docked_bike,2021-04-25 17:36:45,2021-04-25 17:42:57,Hanson Pl & Ashland Pl,4395,Carlton Ave & Dean St,4199,40.685068,-73.977907,40.6809741,-73.9710097,member
49116,45E5D484ADDD55D1,docked_bike,2021-04-25 00:37:01,2021-04-25 00:51:36,Washington Ave & Greene Ave,4419,Carlton Ave & Dean St,4199,40.6865,-73.965633,40.6809741,-73.9710097,member
49138,49F192409090A73A,docked_bike,2021-04-20 15:16:51,2021-04-20 15:31:44,Carroll St & Bond St,4184,Carlton Ave & Dean St,4199,40.678611,-73.990372,40.6809741,-73.9710097,member
49150,2C4E828F80BD0B49,docked_bike,2021-04-28 17:09:01,2021-04-28 17:26:29,Kent Ave & S 11 St,5062,Carlton Ave & Dean St,4199,40.707644,-73.968415,40.6809741,-73.9710097,member
49157,02A4063A08E55C9C,docked_bike,2021-04-16 11:10:10,2021-04-16 11:13:44,Grand Army Plaza & Plaza St West,4010,Carlton Ave & Dean St,4199,40.672967,-73.970879,40.6809741,-73.9710097,member
49168,67B0228DB36A6C10,docked_bike,2021-04-04 17:16:35,2021-04-04 18:01:58,Grand Army Plaza & Plaza St West,4010,Carlton Ave & Dean St,4199,40.672967,-73.970879,40.6809741,-73.9710097,casual
49170,FD878F01C38044BD,docked_bike,2021-04-21 19:34:01,2021-04-21 19:43:12,10 St & 5 Ave,3842,Carlton Ave & Dean St,4199,40.668627,-73.987,40.6809741,-73.9710097,member
49176,34D6463A9FB6720A,docked_bike,2021-04-23 18:06:03,2021-04-23 18:19:49,Carroll St & Bond St,4184,Carlton Ave & Dean St,4199,40.678611,-73.990372,40.6809741,-73.9710097,member
49186,9005E4278A9D81CF,docked_bike,2021-04-15 11:53:05,2021-04-15 12:02:16,West Drive & Prospect Park West,3651,Carlton Ave & Dean St,4199,40.661063,-73.979452,40.6809741,-73.9710097,member
49192,3F08DD18C355ABE1,docked_bike,2021-04-18 18:50:28,2021-04-18 19:06:59,Grand Ave & Bergen St,4190,Carlton Ave & Dean St,4199,40.678045,-73.962408,40.6809741,-73.9710097,casual
49195,B19FE9238CDA696A,docked_bike,2021-04-23 20:03:24,2021-04-23 20:31:07,William St & Pine St,5065,Carlton Ave & Dean St,4199,40.707179,-74.008873,40.6809741,-73.9710097,member
49201,11F75952D51333AF,docked_bike,2021-04-18 18:51:05,2021-04-18 19:06:49,Grand Ave & Bergen St,4190,Carlton Ave & Dean St,4199,40.678045,-73.962408,40.6809741,-73.9710097,casual
49212,F53058A4E080FD45,docked_bike,2021-04-10 11:42:59,2021-04-10 12:28:28,William St & Pine St,5065,Carlton Ave & Dean St,4199,40.707179,-74.008873,40.6809741,-73.9710097,member
49226,0135C5892B2A4166,docked_bike,2021-04-02 18:18:46,2021-04-02 18:23:27,Washington Ave & Greene Ave,4419,Carlton Ave & Dean St,4199,40.6865,-73.965633,40.6809741,-73.9710097,member
49236,1B622BB657FED35F,docked_bike,2021-04-02 11:08:01,2021-04-02 11:16:11,Union St & Bedford Ave,3879,Carlton Ave & Dean St,4199,40.669178,-73.955416,40.6809741,-73.9710097,member
49270,DFA180D99E529965,docked_bike,2021-04-09 18:01:04,2021-04-09 18:14:20,Bond St & Bergen St,4404,Carlton Ave & Dean St,4199,40.684966,-73.986207,40.6809741,-73.9710097,member
49271,8D4E352320F094CC,docked_bike,2021-04-28 17:48:09,2021-04-28 18:00:49,Bond St & Bergen St,4404,Carlton Ave & Dean St,4199,40.684966,-73.986207,40.6809741,-73.9710097,member
49274,151359EC0A32FB53,docked_bike,2021-04-19 14:19:29,2021-04-19 14:34:24,Kingston Ave & Herkimer St,4205,Carlton Ave & Dean St,4199,40.678906,-73.941427,40.6809741,-73.9710097,member
49316,C90DE5249D1108EB,docked_bike,2021-04-01 14:52:23,2021-04-01 15:02:51,Windsor Pl & Howard Pl,3579,Carlton Ave & Dean St,4199,40.65949,-73.980139,40.6809741,-73.9710097,member
49337,391D0A14F05E40F3,docked_bike,2021-04-17 10:21:53,2021-04-17 10:39:46,Broadway & Berry St,5164,Carlton Ave & Dean St,4199,40.710445,-73.96525,40.6809741,-73.9710097,member
49350,A72777E0472C41BA,docked_bike,2021-04-28 10:15:44,2021-04-28 15:55:50,Prospect Park West & 8 St,3722,Carlton Ave & Dean St,4199,40.665146,-73.976376,40.6809741,-73.9710097,member
49361,5EC49A87EDB84C3A,docked_bike,2021-04-20 11:10:15,2021-04-20 11:22:32,Prospect Park West & 8 St,3722,Carlton Ave & Dean St,4199,40.665146,-73.976376,40.6809741,-73.9710097,member
49365,5C77D95378DE0592,docked_bike,2021-04-07 19:10:09,2021-04-07 19:14:02,S Portland Ave & Hanson Pl,4354,Carlton Ave & Dean St,4199,40.685395,-73.974314,40.6809741,-73.9710097,member
49366,CD3E7857E0BC4868,docked_bike,2021-04-13 18:34:07,2021-04-13 18:36:55,S Portland Ave & Hanson Pl,4354,Carlton Ave & Dean St,4199,40.685395,-73.974314,40.6809741,-73.9710097,member
49367,D491E88F6665A2BA,docked_bike,2021-04-07 14:55:25,2021-04-07 15:29:59,S Portland Ave & Hanson Pl,4354,Carlton Ave & Dean St,4199,40.685395,-73.974314,40.6809741,-73.9710097,member
49375,6B222D8D0BA13C3B,docked_bike,2021-04-08 08:04:50,2021-04-08 08:07:44,Plaza St West & Flatbush Ave,4010,Carlton Ave & Dean St,4199,40.67502,-73.971114,40.6809741,-73.9710097,member
49389,576E6ED06BCC103B,docked_bike,2021-04-09 14:40:15,2021-04-09 14:47:38,Bond St & Bergen St,4404,Carlton Ave & Dean St,4199,40.684966,-73.986207,40.6809741,-73.9710097,casual
49391,E563267BA81462D0,docked_bike,2021-04-13 11:31:08,2021-04-13 11:37:09,Bond St & Bergen St,4404,Carlton Ave & Dean St,4199,40.684966,-73.986207,40.6809741,-73.9710097,member
49405,14671A6ED975CB7C,docked_bike,2021-04-24 13:45:17,2021-04-24 13:57:52,Hoyt St & Warren St,4330,Carlton Ave & Dean St,4199,40.684354,-73.989016,40.6809741,-73.9710097,member
49446,426979D40C41F465,docked_bike,2021-04-20 18:41:10,2021-04-20 19:09:52,Harrison St & Hudson St,5400,Carlton Ave & Dean St,4199,40.718709,-74.009,40.6809741,-73.9710097,casual
49516,C0054459570E99EA,docked_bike,2021-04-02 14:49:55,2021-04-02 14:59:16,State St & Smith St,4565,Carlton Ave & Dean St,4199,40.689269,-73.989128,40.6809741,-73.9710097,member
49531,7B007AC319CCC7E5,docked_bike,2021-04-14 12:07:46,2021-04-14 12:18:30,State St & Smith St,4565,Carlton Ave & Dean St,4199,40.689269,-73.989128,40.6809741,-73.9710097,casual
49545,B87C65A997261228,docked_bike,2021-04-08 13:18:58,2021-04-08 13:49:12,State St & Smith St,4565,Carlton Ave & Dean St,4199,40.689269,-73.989128,40.6809741,-73.9710097,member
49546,E41E92CFA363828B,docked_bike,2021-04-20 19:10:10,2021-04-20 19:31:14,Cadman Plaza E & Red Cross Pl,4821,Carlton Ave & Dean St,4199,40.699917,-73.989717,40.6809741,-73.9710097,casual
49554,1E06D712536346C6,docked_bike,2021-04-02 17:15:59,2021-04-02 17:25:02,State St & Smith St,4565,Carlton Ave & Dean St,4199,40.689269,-73.989128,40.6809741,-73.9710097,member
49559,AF9031807303EFBA,docked_bike,2021-04-29 16:07:30,2021-04-29 16:17:12,State St & Smith St,4565,Carlton Ave & Dean St,4199,40.689269,-73.989128,40.6809741,-73.9710097,member
49560,08A9D831A213FD80,docked_bike,2021-04-26 17:41:26,2021-04-26 17:48:45,State St & Smith St,4565,Carlton Ave & Dean St,4199,40.689269,-73.989128,40.6809741,-73.9710097,member
49596,BF4DE4D548764BA1,docked_bike,2021-04-05 09:22:07,2021-04-05 09:29:03,State St & Smith St,4565,Carlton Ave & Dean St,4199,40.689269,-73.989128,40.6809741,-73.9710097,casual
49620,8B7DD52BAD94C462,docked_bike,2021-04-29 15:11:18,2021-04-29 15:21:05,State St & Smith St,4565,Carlton Ave & Dean St,4199,40.689269,-73.989128,40.6809741,-73.9710097,member
49621,B25F2D64268D077B,docked_bike,2021-04-25 09:29:57,2021-04-25 09:50:01,State St & Smith St,4565,Carlton Ave & Dean St,4199,40.689269,-73.989128,40.6809741,-73.9710097,casual
49638,91B04357AD987D0C,docked_bike,2021-04-17 07:05:35,2021-04-17 07:12:10,Pacific St & Nevins St,4362,Carlton Ave & Dean St,4199,40.685376,-73.983021,40.6809741,-73.9710097,member
49639,4FDED984DCC7D974,docked_bike,2021-04-30 07:24:34,2021-04-30 07:34:04,Pacific St & Nevins St,4362,Carlton Ave & Dean St,4199,40.685376,-73.983021,40.6809741,-73.9710097,member
49645,2BF2250082E2C314,docked_bike,2021-04-05 10:03:45,2021-04-05 10:09:43,Pacific St & Nevins St,4362,Carlton Ave & Dean St,4199,40.685376,-73.983021,40.6809741,-73.9710097,member
49671,E38FC28C695AB4A3,docked_bike,2021-04-14 12:22:59,2021-04-14 12:31:59,Bond St & Fulton St,4479,Carlton Ave & Dean St,4199,40.689621,-73.983042,40.6809741,-73.9710097,member
49679,F30360EFE21B347A,docked_bike,2021-04-27 19:58:27,2021-04-27 20:09:08,Bond St & Fulton St,4479,Carlton Ave & Dean St,4199,40.689621,-73.983042,40.6809741,-73.9710097,member
49688,138788D916B2B4EE,docked_bike,2021-04-18 02:36:38,2021-04-18 02:45:05,Lefferts Pl & Franklin Ave,4222,Carlton Ave & Dean St,4199,40.680342,-73.955768,40.6809741,-73.9710097,casual
49707,373F835C63648931,docked_bike,2021-04-24 17:09:40,2021-04-24 17:30:48,5 Ave & 3 St,3987,Carlton Ave & Dean St,4199,40.672815,-73.983523,40.6809741,-73.9710097,member
49768,8DE8FEC330881C61,docked_bike,2021-04-10 23:40:00,2021-04-11 00:06:11,Driggs Ave & N Henry St,5542,Carlton Ave & Dean St,4199,40.72325,-73.94308,40.6809741,-73.9710097,member
49782,AC81697E83E6D590,docked_bike,2021-04-29 09:37:49,2021-04-29 09:45:53,Union St & Bedford Ave,3879,Carlton Ave & Dean St,4199,40.669178,-73.955416,40.6809741,-73.9710097,member
49812,47D01FF6E338A969,docked_bike,2021-04-28 02:20:31,2021-04-28 02:54:33,E 4 St & 2 Ave,5593,Carlton Ave & Dean St,4199,40.72628,-73.98978,40.6809741,-73.9710097,casual
49865,9A73930AD989E3BA,docked_bike,2021-04-18 09:21:46,2021-04-18 09:55:34,E 4 St & 2 Ave,5593,Carlton Ave & Dean St,4199,40.726281,-73.98978,40.680974,-73.97101,member
49874,44B5C83B16F87D04,docked_bike,2021-04-10 11:41:29,2021-04-10 12:29:51,E 4 St & 2 Ave,5593,Carlton Ave & Dean St,4199,40.72628,-73.98978,40.6809741,-73.9710097,member
49876,B792AC8623DE1D5C,docked_bike,2021-04-10 11:44:07,2021-04-10 12:30:09,E 4 St & 2 Ave,5593,Carlton Ave & Dean St,4199,40.72628,-73.98978,40.6809741,-73.9710097,member
49900,DAB1EABA88C47C7C,docked_bike,2021-04-29 15:01:21,2021-04-29 15:09:11,Carroll St & 5 Ave,4060,Carlton Ave & Dean St,4199,40.675162,-73.981483,40.6809741,-73.9710097,member
49909,DB98C287A81F8AE3,docked_bike,2021-04-28 19:54:48,2021-04-28 20:05:23,Bond St & Fulton St,4479,Carlton Ave & Dean St,4199,40.689621,-73.983042,40.6809741,-73.9710097,member
49949,26CD6F290C2D280B,docked_bike,2021-04-12 08:29:48,2021-04-12 08:33:36,Hanson Pl & Ashland Pl,4395,Carlton Ave & Dean St,4199,40.685068,-73.977907,40.6809741,-73.9710097,member
49951,98E78A66AC1372B4,docked_bike,2021-04-27 14:56:27,2021-04-27 15:05:42,Dock 72 Way & Market St,4804,Carlton Ave & Dean St,4199,40.69985,-73.97141,40.6809741,-73.9710097,casual
50013,C97D41CE86F503F2,docked_bike,2021-04-20 12:39:08,2021-04-20 12:54:05,Hoyt St & Warren St,4330,Carlton Ave & Dean St,4199,40.684354,-73.989016,40.6809741,-73.9710097,member
50035,47AE53CDE10BA7AD,docked_bike,2021-04-30 17:13:20,2021-04-30 17:27:21,21 St & 4 Ave,3668,Carlton Ave & Dean St,4199,40.662584,-73.995554,40.6809741,-73.9710097,member
50040,45E7A676C98C5993,docked_bike,2021-04-08 07:56:37,2021-04-08 08:11:35,Caton Ave & E 10 St,3230,Carlton Ave & Dean St,4199,40.648481,-73.97058,40.6809741,-73.9710097,member
50041,730E53DAD6ECF5F1,docked_bike,2021-04-07 19:39:21,2021-04-07 19:43:48,Berkeley Pl & 7 Ave,4051,Carlton Ave & Dean St,4199,40.675146,-73.975232,40.6809741,-73.9710097,member
50050,1D09A15509B5F35F,docked_bike,2021-04-29 17:17:58,2021-04-29 17:26:18,Bedford Ave & Bergen St,4066,Carlton Ave & Dean St,4199,40.676368,-73.952918,40.6809741,-73.9710097,member
50068,2F69B6AAB28E94A2,docked_bike,2021-04-06 10:55:15,2021-04-06 11:00:36,Eastern Pkwy & Washington Ave,3928,Carlton Ave & Dean St,4199,40.671649,-73.963114,40.6809741,-73.9710097,member
50069,8EC88D46460447DA,docked_bike,2021-04-13 11:15:36,2021-04-13 11:20:27,Eastern Pkwy & Washington Ave,3928,Carlton Ave & Dean St,4199,40.671649,-73.963114,40.6809741,-73.9710097,member
50077,F11B78753DF58B48,docked_bike,2021-04-19 16:52:01,2021-04-19 17:24:05,Milton St & Franklin St,5752,Carlton Ave & Dean St,4199,40.72906,-73.95779,40.6809741,-73.9710097,member
50082,F15E8D1CB6E81C63,docked_bike,2021-04-26 16:44:34,2021-04-26 17:09:46,Milton St & Franklin St,5752,Carlton Ave & Dean St,4199,40.72906,-73.95779,40.6809741,-73.9710097,member
50100,9C432C154AF3D68F,docked_bike,2021-04-21 15:55:47,2021-04-21 15:59:58,Pacific St & Classon Ave,4148,Carlton Ave & Dean St,4199,40.679194,-73.95879,40.6809741,-73.9710097,member
50109,BADAC44FF267602B,docked_bike,2021-04-19 07:56:47,2021-04-19 08:04:58,Eastern Pkwy & Washington Ave,3928,Carlton Ave & Dean St,4199,40.671649,-73.963114,40.6809741,-73.9710097,casual
50111,801AF0C473606CCE,docked_bike,2021-04-19 16:01:10,2021-04-19 16:06:34,Pacific St & Classon Ave,4148,Carlton Ave & Dean St,4199,40.679194,-73.95879,40.6809741,-73.9710097,member
50112,3B92A220F6B4E818,docked_bike,2021-04-22 16:12:18,2021-04-22 16:17:46,Pacific St & Classon Ave,4148,Carlton Ave & Dean St,4199,40.679194,-73.95879,40.6809741,-73.9710097,member
50115,061B1561307BDDB4,docked_bike,2021-04-08 08:24:17,2021-04-08 08:36:42,Eastern Pkwy & Washington Ave,3928,Carlton Ave & Dean St,4199,40.671649,-73.963114,40.6809741,-73.9710097,casual
50116,87F7DFECD86B48B6,docked_bike,2021-04-08 11:07:28,2021-04-08 11:12:38,Eastern Pkwy & Washington Ave,3928,Carlton Ave & Dean St,4199,40.671649,-73.963114,40.6809741,-73.9710097,member
50122,888D7346370B6351,docked_bike,2021-04-20 12:58:08,2021-04-20 13:03:33,Pacific St & Classon Ave,4148,Carlton Ave & Dean St,4199,40.679194,-73.95879,40.6809741,-73.9710097,member
50125,07EA7B2CFD3109C8,docked_bike,2021-04-04 05:54:11,2021-04-04 06:15:45,Broadway & Madison St,4483,Carlton Ave & Dean St,4199,40.68822,-73.91966,40.6809741,-73.9710097,member
50133,59F9C7EF4F027686,docked_bike,2021-04-19 13:21:53,2021-04-19 13:46:32,34 St & 4 Ave,3492,Carlton Ave & Dean St,4199,40.655278,-74.003101,40.6809741,-73.9710097,member
50157,3D1424B81BF9AA14,docked_bike,2021-04-24 23:26:06,2021-04-24 23:49:16,Van Brunt St & Wolcott St,4095,Carlton Ave & Dean St,4199,40.677342,-74.01275,40.6809741,-73.9710097,member
50176,C17ED6C76623E98E,docked_bike,2021-04-20 18:28:35,2021-04-20 18:52:08,34 St & 4 Ave,3492,Carlton Ave & Dean St,4199,40.655278,-74.003101,40.6809741,-73.9710097,member
50186,CB239519A97E0FC6,docked_bike,2021-04-20 20:06:32,2021-04-20 20:12:41,Bergen St & Flatbush Ave,4281,Carlton Ave & Dean St,4199,40.680944,-73.975673,40.6809741,-73.9710097,member
50196,84F91EB33FBB245F,docked_bike,2021-04-28 19:36:08,2021-04-28 19:49:49,Putnam Ave & Throop Ave,4392,Carlton Ave & Dean St,4199,40.685153,-73.94111,40.6809741,-73.9710097,member
50200,E5091C52BF547DA9,docked_bike,2021-04-21 12:52:05,2021-04-21 13:04:09,Putnam Ave & Throop Ave,4392,Carlton Ave & Dean St,4199,40.685153,-73.94111,40.6809741,-73.9710097,member
50207,3A201DBE866DD9D4,docked_bike,2021-04-25 22:08:40,2021-04-25 22:14:44,3 Ave & Schermerhorn St,4437,Carlton Ave & Dean St,4199,40.686832,-73.979677,40.6809741,-73.9710097,member
50218,8E18CCBCDD3D6431,docked_bike,2021-04-23 16:42:13,2021-04-23 16:50:55,6 St & 7 Ave,3834,Carlton Ave & Dean St,4199,40.668662,-73.97988,40.6809741,-73.9710097,member
50219,2EC7C57A8BAFA5D8,docked_bike,2021-04-24 21:55:43,2021-04-24 22:05:27,3 Ave & Schermerhorn St,4437,Carlton Ave & Dean St,4199,40.686832,-73.979677,40.6809741,-73.9710097,casual
50220,191098648242667E,docked_bike,2021-04-17 12:35:31,2021-04-17 12:40:23,Union St & 4 Ave,4175,Carlton Ave & Dean St,4199,40.677274,-73.98282,40.6809741,-73.9710097,casual
50228,7CEC2E2FDADF14EE,docked_bike,2021-04-26 11:07:09,2021-04-26 11:14:11,6 St & 7 Ave,3834,Carlton Ave & Dean St,4199,40.668662,-73.97988,40.6809741,-73.9710097,member
50229,E034E5F2E700D2E5,docked_bike,2021-04-05 14:42:51,2021-04-05 14:48:34,6 St & 7 Ave,3834,Carlton Ave & Dean St,4199,40.668662,-73.97988,40.6809741,-73.9710097,member
50271,A3ADE4921C9D1C30,docked_bike,2021-04-08 15:14:44,2021-04-08 15:21:26,DeKalb Ave & S Portland Ave,4546,Carlton Ave & Dean St,4199,40.68981,-73.974931,40.6809741,-73.9710097,member
50287,E48D30DB773240A4,docked_bike,2021-04-15 08:29:38,2021-04-15 08:31:49,Underhill Ave & Pacific St,4231,Carlton Ave & Dean St,4199,40.680483,-73.964679,40.6809741,-73.9710097,member
50332,ED5EDD92FB97F09B,docked_bike,2021-04-03 12:26:31,2021-04-03 12:28:55,Underhill Ave & Pacific St,4231,Carlton Ave & Dean St,4199,40.680484,-73.96468,40.680974,-73.97101,member
50333,EEC2B7770F240F61,docked_bike,2021-04-17 14:46:38,2021-04-17 14:52:51,DeKalb Ave & S Portland Ave,4546,Carlton Ave & Dean St,4199,40.68981,-73.974931,40.6809741,-73.9710097,member
50343,939367AA29CDB74A,docked_bike,2021-04-09 20:41:05,2021-04-09 20:48:57,DeKalb Ave & S Portland Ave,4546,Carlton Ave & Dean St,4199,40.68981,-73.974931,40.6809741,-73.9710097,member
50344,CF07EC0FCD70B952,docked_bike,2021-04-02 19:02:11,2021-04-02 19:11:01,3 Ave & Schermerhorn St,4437,Carlton Ave & Dean St,4199,40.686832,-73.979677,40.6809741,-73.9710097,member
50385,DBCAB87EF34E6700,docked_bike,2021-04-08 08:53:03,2021-04-08 08:56:33,Underhill Ave & Pacific St,4231,Carlton Ave & Dean St,4199,40.680483,-73.964679,40.6809741,-73.9710097,member
50421,CA55A58C5D8D1B1D,docked_bike,2021-04-10 15:33:57,2021-04-10 15:41:03,Berkeley Pl & 6 Ave,4134,Carlton Ave & Dean St,4199,40.67653,-73.978468,40.6809741,-73.9710097,casual
50458,83838C4BF5BE612D,docked_bike,2021-04-08 17:59:23,2021-04-08 18:51:53,20 Ave & 38 St,7196,Carlton Ave & Dean St,4199,40.777112,-73.902382,40.6809741,-73.9710097,member
50530,8AD944885176A5A2,docked_bike,2021-04-12 14:51:23,2021-04-12 15:15:53,Forsyth St & Canal St,5270,Carlton Ave & Dean St,4199,40.715815,-73.994223,40.6809741,-73.9710097,member
50537,3CFD4BB8EBD55B46,docked_bike,2021-04-09 21:39:15,2021-04-09 21:55:25,Forsyth St & Canal St,5270,Carlton Ave & Dean St,4199,40.715815,-73.994223,40.6809741,-73.9710097,casual
50553,CC491218CA78A298,docked_bike,2021-04-22 18:18:40,2021-04-22 18:22:49,Berkeley Pl & 6 Ave,4134,Carlton Ave & Dean St,4199,40.67653,-73.978468,40.6809741,-73.9710097,member
50562,5A0935F5DDB120B6,docked_bike,2021-04-05 13:56:03,2021-04-05 14:21:29,Metropolitan Ave & Meeker Ave,5300,Carlton Ave & Dean St,4199,40.714133,-73.952343,40.6809741,-73.9710097,casual
50567,912AEC7E0E4F1F88,docked_bike,2021-04-18 16:49:09,2021-04-18 17:15:20,Willoughby Ave & Myrtle Ave,4759,Carlton Ave & Dean St,4199,40.69757,-73.93098,40.6809741,-73.9710097,member
50574,BBF47394DD514D68,docked_bike,2021-04-05 18:19:11,2021-04-05 18:49:58,E 6 St & Avenue B,5584,Carlton Ave & Dean St,4199,40.724537,-73.981854,40.6809741,-73.9710097,member
50633,E1A1343A6F83F182,docked_bike,2021-04-18 16:47:56,2021-04-18 17:10:16,Willoughby Ave & Myrtle Ave,4759,Carlton Ave & Dean St,4199,40.69757,-73.93098,40.6809741,-73.9710097,casual
50663,2BC88312116055E6,docked_bike,2021-04-26 17:30:41,2021-04-26 18:08:45,Broadway & W 36 St,6441,Carlton Ave & Dean St,4199,40.750977,-73.987654,40.6809741,-73.9710097,member
50664,E7E6615D20F6695E,docked_bike,2021-04-16 21:07:57,2021-04-16 21:16:36,Classon Ave & St Marks Ave,4074,Carlton Ave & Dean St,4199,40.676519,-73.959608,40.6809741,-73.9710097,casual
50741,884A3484092BCF57,docked_bike,2021-04-26 19:30:37,2021-04-26 19:45:23,Broadway & Roebling St,5125,Carlton Ave & Dean St,4199,40.709248,-73.960631,40.6809741,-73.9710097,member
50742,718829513958FCE9,docked_bike,2021-04-14 19:33:44,2021-04-14 19:53:34,Broadway & Roebling St,5125,Carlton Ave & Dean St,4199,40.709248,-73.960631,40.6809741,-73.9710097,member
50803,F025D9342898F014,docked_bike,2021-04-30 10:40:15,2021-04-30 10:56:07,President St & Henry St,4307,Carlton Ave & Dean St,4199,40.6828,-73.999904,40.6809741,-73.9710097,member
50808,3F0ABBFD6C1C8BE2,docked_bike,2021-04-10 13:54:05,2021-04-10 14:32:03,E 13 St & Avenue A,5779,Carlton Ave & Dean St,4199,40.729667,-73.980679,40.6809741,-73.9710097,member
50825,926817AA5BB3C12B,docked_bike,2021-04-18 13:49:18,2021-04-18 14:11:59,5 Ave & 41 St,3306,Carlton Ave & Dean St,4199,40.649983,-74.005144,40.6809741,-73.9710097,member
50847,A34A3071D6B102A2,docked_bike,2021-04-17 13:09:23,2021-04-17 13:29:28,Boerum St & Broadway,5004,Carlton Ave & Dean St,4199,40.70538,-73.949765,40.6809741,-73.9710097,member
50862,4026B00F606E3497,docked_bike,2021-04-20 16:26:12,2021-04-20 16:49:58,Centre St & Chambers St,5207,Carlton Ave & Dean St,4199,40.712732,-74.004607,40.6809741,-73.9710097,member
50865,E83288D622183168,docked_bike,2021-04-08 22:26:07,2021-04-08 22:55:46,Driggs Ave & Lorimer St,5481,Carlton Ave & Dean St,4199,40.721791,-73.950415,40.6809741,-73.9710097,member
50870,91D42C74587E4F6F,docked_bike,2021-04-28 19:02:26,2021-04-28 19:07:53,Fulton St & Waverly Ave,4345,Carlton Ave & Dean St,4199,40.683238,-73.965995,40.6809741,-73.9710097,member
50875,9F4CF702D932B63A,docked_bike,2021-04-12 13:27:07,2021-04-13 14:26:46,Myrtle Ave & Grove St,4816,Carlton Ave & Dean St,4199,40.69905,-73.91516,40.6809741,-73.9710097,member
50876,09DDF743AF8A2EAE,docked_bike,2021-04-20 11:14:12,2021-04-20 11:18:34,Fulton St & Waverly Ave,4345,Carlton Ave & Dean St,4199,40.683238,-73.965995,40.6809741,-73.9710097,member
50877,00965FA28345D2BC,docked_bike,2021-04-28 13:16:38,2021-04-28 13:21:08,Fulton St & Waverly Ave,4345,Carlton Ave & Dean St,4199,40.683238,-73.965995,40.6809741,-73.9710097,member
50888,24EC315C8FA48EDD,docked_bike,2021-04-13 11:27:02,2021-04-13 11:32:23,Fulton St & Waverly Ave,4345,Carlton Ave & Dean St,4199,40.683238,-73.965995,40.6809741,-73.9710097,member
50893,AD0FE716DA058C7C,docked_bike,2021-04-06 17:12:43,2021-04-06 17:42:36,E 17 St & Broadway,5980,Carlton Ave & Dean St,4199,40.737049,-73.990092,40.6809741,-73.9710097,member
51652,9205EA90B589EA11,docked_bike,2021-04-22 18:18:16,2021-04-22 18:22:45,Berkeley Pl & 6 Ave,4134,Carlton Ave & Dean St,4199,40.67653,-73.978468,40.6809741,-73.9710097,member
51989,C931E4DDF1B3562F,docked_bike,2021-04-04 16:24:23,2021-04-04 16:30:56,Eastern Pkwy & Washington Ave,3928,Carlton Ave & Dean St,4199,40.671649,-73.963114,40.6809741,-73.9710097,member
53008,12ACC57E60C1C383,docked_bike,2021-04-06 19:35:43,2021-04-06 20:15:59,6 Ave & W 33 St,6364,Carlton Ave & Dean St,4199,40.749012,-73.988483,40.6809741,-73.9710097,member
53015,F65D39AF945CEAE2,docked_bike,2021-04-27 00:22:22,2021-04-27 00:47:50,58 St & 2 Ave - Brooklyn Army Terminal Vaccination Site,3138,Carlton Ave & Dean St,4199,40.644512,-74.021506,40.6809741,-73.9710097,member
53021,A846EB8768118D1A,docked_bike,2021-04-18 11:41:36,2021-04-18 12:08:07,E 4 St & 2 Ave,5593,Carlton Ave & Dean St,4199,40.72628,-73.98978,40.6809741,-73.9710097,member
53191,5AD057F00F6FCE5B,docked_bike,2021-04-10 17:16:15,2021-04-10 17:41:50,Carlton Ave & Dean St,4199,Knickerbocker Ave & George St,4979,40.680974,-73.971009,40.704425,-73.92836,casual
53213,F5CE59A510EA3ABF,docked_bike,2021-04-27 09:10:36,2021-04-27 09:38:13,Carlton Ave & Dean St,4199,India St Pier,5794,40.680974,-73.971009,40.731734785883454,-73.9612390102593,member
53651,0E29D74E7B025CC4,docked_bike,2021-04-17 20:08:29,2021-04-17 20:15:06,Carlton Ave & Dean St,4199,Bergen St & 4 Ave,4322,40.680974,-73.971009,40.68256425759694,-73.9798977971077,member
53654,7A845F834D40340C,docked_bike,2021-04-22 07:08:52,2021-04-22 07:12:46,Carlton Ave & Dean St,4199,Bergen St & 4 Ave,4322,40.680974,-73.971009,40.68256425759694,-73.9798977971077,member
53655,3F895716763316C8,docked_bike,2021-04-26 13:56:47,2021-04-26 14:17:52,Carlton Ave & Dean St,4199,Greene Ave & Throop Ave,4510,40.680974,-73.971009,40.6894932,-73.942061,member
55495,ED4FB10BCAC3691A,docked_bike,2021-04-13 09:55:25,2021-04-13 10:06:11,Carlton Ave & Dean St,4199,Willoughby St & Fleet St,4628,40.680974,-73.971009,40.69196566,-73.9813018,member
56993,0581DEBA3162205C,docked_bike,2021-04-20 11:44:00,2021-04-20 11:57:12,Carlton Ave & Dean St,4199,Willoughby St & Fleet St,4628,40.680974,-73.971009,40.69196566,-73.9813018,member
57612,49CD5706F77D91F3,docked_bike,2021-04-21 14:42:16,2021-04-21 14:50:56,Carlton Ave & Dean St,4199,Carroll St & 6 Ave,4019,40.680974,-73.971009,40.6740886,-73.9787282,member
57618,F01095A33D59360F,docked_bike,2021-04-06 20:52:03,2021-04-06 20:58:33,Carlton Ave & Dean St,4199,Carroll St & 6 Ave,4019,40.680974,-73.971009,40.6740886,-73.9787282,casual
58689,38B7F8A2C5CAE8C5,docked_bike,2021-04-10 17:17:28,2021-04-10 17:24:44,Carlton Ave & Dean St,4199,Carroll St & 6 Ave,4019,40.680974,-73.971009,40.6740886,-73.9787282,casual
58732,5DB9539E0FBD2588,docked_bike,2021-04-04 14:14:07,2021-04-04 14:26:24,Carlton Ave & Dean St,4199,Congress St & Clinton St,4455,40.680974,-73.971009,40.6881529,-73.99520919,casual
58733,EC65B03A3976DF5E,docked_bike,2021-04-07 19:37:16,2021-04-07 19:43:51,Carlton Ave & Dean St,4199,Carroll St & 6 Ave,4019,40.680974,-73.971009,40.6740886,-73.9787282,member
58736,2489999B02F57679,docked_bike,2021-04-23 08:45:56,2021-04-23 08:58:46,Carlton Ave & Dean St,4199,Henry St & Middagh St,4861,40.680974,-73.971009,40.7003,-73.991581,member
58740,2CA60BB508060D33,docked_bike,2021-04-23 18:36:43,2021-04-23 18:48:21,Carlton Ave & Dean St,4199,Carroll St & 6 Ave,4019,40.680974,-73.971009,40.6740886,-73.9787282,member
58751,D587FDE8FFE6FDEA,docked_bike,2021-04-23 12:32:27,2021-04-23 12:39:53,Carlton Ave & Dean St,4199,Carroll St & 6 Ave,4019,40.680974,-73.971009,40.6740886,-73.9787282,member
58761,2A04D5CFED60A4F6,docked_bike,2021-04-06 17:07:21,2021-04-06 17:16:46,Carlton Ave & Dean St,4199,Congress St & Clinton St,4455,40.680974,-73.971009,40.6881529,-73.99520919,member
58794,428C1808624EECE3,docked_bike,2021-04-04 14:13:01,2021-04-04 14:26:21,Carlton Ave & Dean St,4199,Congress St & Clinton St,4455,40.680974,-73.971009,40.6881529,-73.99520919,casual
58798,32E37D9DF735009C,docked_bike,2021-04-30 13:03:58,2021-04-30 13:15:44,Carlton Ave & Dean St,4199,Congress St & Clinton St,4455,40.680974,-73.971009,40.6881529,-73.99520919,member
58810,6E4DB88C2EB298AA,docked_bike,2021-04-01 18:59:00,2021-04-01 19:05:02,Carlton Ave & Dean St,4199,Carroll St & 6 Ave,4019,40.680974,-73.971009,40.6740886,-73.9787282,member
61192,04878AA25D4EB2D8,docked_bike,2021-04-22 16:03:30,2021-04-22 16:36:19,Carlton Ave & Dean St,4199,Warren St & W Broadway,5288,40.680974,-73.971009,40.71473993,-74.00910627,member
61193,8444B0F8C1B2D94E,docked_bike,2021-04-27 18:00:47,2021-04-27 18:27:09,Carlton Ave & Dean St,4199,Warren St & W Broadway,5288,40.680974,-73.971009,40.71473993,-74.00910627,member
64776,EF99089DDF0AE008,docked_bike,2021-04-06 07:48:49,2021-04-06 08:14:02,Carlton Ave & Dean St,4199,Forsyth St & Canal St,5270,40.680974,-73.971009,40.7158155,-73.99422366,member
64777,DC54C7A582C69F93,docked_bike,2021-04-20 07:48:45,2021-04-20 08:13:18,Carlton Ave & Dean St,4199,Forsyth St & Canal St,5270,40.680974,-73.971009,40.7158155,-73.99422366,member
64778,FB9E67A8768D3FC6,docked_bike,2021-04-07 07:47:35,2021-04-07 08:10:39,Carlton Ave & Dean St,4199,Forsyth St & Canal St,5270,40.680974,-73.971009,40.7158155,-73.99422366,member
64785,41C26A8734A8D641,docked_bike,2021-04-29 15:13:14,2021-04-29 15:28:08,Carlton Ave & Dean St,4199,Clinton St & Centre St,4045,40.680974,-73.971009,40.67434,-74.00194698,casual
69115,3355478287E02062,docked_bike,2021-04-16 13:20:44,2021-04-16 13:32:06,Carlton Ave & Dean St,4199,Nassau St & Navy St,4812,40.680974,-73.971009,40.69839895,-73.98068914,casual
69126,D3144C762CA51DA4,docked_bike,2021-04-09 08:54:59,2021-04-09 09:23:30,Carlton Ave & Dean St,4199,Maiden Ln & Pearl St,5065,40.680974,-73.971009,40.70706456,-74.00731853,member
69165,DB4C33F06723DF03,docked_bike,2021-04-18 12:04:55,2021-04-18 12:32:23,Carlton Ave & Dean St,4199,Banker St & Meserole Ave,5633,40.680974,-73.971009,40.72606,-73.95621,member
72286,2C6B16EE034EA680,docked_bike,2021-04-18 17:28:58,2021-04-18 17:41:09,Carlton Ave & Dean St,4199,Henry St & Degraw St,4380,40.680974,-73.971009,40.6847514,-73.99917254,member
72297,B70B31DE9326FBCB,docked_bike,2021-04-17 15:07:01,2021-04-17 15:30:03,Carlton Ave & Dean St,4199,Stanton St & Norfolk St,5445,40.680974,-73.971009,40.720747,-73.986274,casual
75365,F581E9FE8B594661,docked_bike,2021-04-06 11:55:28,2021-04-06 12:00:20,Carlton Ave & Dean St,4199,3 Ave & Schermerhorn St,4437,40.680974,-73.971009,40.68683208,-73.9796772,member
75370,E52AAD24371C3DB8,docked_bike,2021-04-27 15:42:10,2021-04-27 15:57:35,Carlton Ave & Dean St,4199,3 Ave & Schermerhorn St,4437,40.680974,-73.971009,40.68683208,-73.9796772,member
76737,5D99D900ADE93568,docked_bike,2021-04-29 18:40:37,2021-04-29 18:51:06,Carlton Ave & Dean St,4199,4 Ave & 9 St,3955,40.680974,-73.971009,40.6705135,-73.98876585,casual
78175,E05A761A031EF314,docked_bike,2021-04-10 13:27:46,2021-04-10 14:16:17,Carlton Ave & Dean St,4199,Broadway & Berry St,5164,40.680974,-73.971009,40.71044554,-73.96525063,casual
80024,854DF50982E3671E,docked_bike,2021-04-15 07:56:33,2021-04-15 08:05:04,Carlton Ave & Dean St,4199,Fulton St & Irving Pl,4263,40.680974,-73.971009,40.68186,-73.959432,member
80294,995A70D5FC3AA612,docked_bike,2021-04-13 12:09:41,2021-04-13 12:17:56,Carlton Ave & Dean St,4199,Lafayette Ave & Classon Ave,4452,40.680974,-73.971009,40.68900443,-73.96023854,casual
82286,DC97246ED501B0CE,docked_bike,2021-04-24 02:49:54,2021-04-24 03:00:23,Carlton Ave & Dean St,4199,10 St & 7 Ave,3762,40.680974,-73.971009,40.6662078,-73.98199886,member
83750,7E8ACDA822008736,docked_bike,2021-04-10 12:52:23,2021-04-10 13:12:22,Carlton Ave & Dean St,4199,7 Ave & 20 St,3588,40.680974,-73.971009,40.659053,-73.98854,member
84389,0C4267D539E49AD5,docked_bike,2021-04-14 19:56:44,2021-04-14 20:04:16,Carlton Ave & Dean St,4199,St Johns Pl & Washington Ave,4001,40.680974,-73.971009,40.6737236,-73.9631611,member
84807,517FFF4D466C45B2,docked_bike,2021-04-06 22:33:12,2021-04-06 23:01:32,Carlton Ave & Dean St,4199,Stanton St & Mangin St,5326,40.680974,-73.971009,40.71782143,-73.97628939,member
86226,19EDF4E165EE0137,docked_bike,2021-04-16 23:20:55,2021-04-16 23:34:42,Carlton Ave & Dean St,4199,Kent Ave & S 11 St,5062,40.680974,-73.971009,40.707644944175705,-73.96841526031494,casual
91750,423C9CE8C4A3017C,docked_bike,2021-04-10 14:24:45,2021-04-10 14:58:42,Carlton Ave & Dean St,4199,Milton St & Franklin St,5752,40.680974,-73.971009,40.72906,-73.95779,member
91755,A28B9662FAD09D0A,docked_bike,2021-04-04 18:31:25,2021-04-04 18:56:37,Carlton Ave & Dean St,4199,Milton St & Franklin St,5752,40.680974,-73.971009,40.72906,-73.95779,member
92138,9AF4DE3028147AB8,docked_bike,2021-04-27 15:16:59,2021-04-27 15:24:55,Carlton Ave & Dean St,4199,Berkeley Pl & 7 Ave,4051,40.680974,-73.971009,40.675146838709786,-73.97523209452629,member
92849,6580EB1E95C82F0C,docked_bike,2021-04-24 17:16:12,2021-04-24 17:24:59,Carlton Ave & Dean St,4199,Bedford Ave & Bergen St,4066,40.680974,-73.971009,40.676368,-73.952918,casual
92854,C406EFBE9F8698FF,docked_bike,2021-04-13 09:56:03,2021-04-13 10:04:11,Carlton Ave & Dean St,4199,Bedford Ave & Bergen St,4066,40.680974,-73.971009,40.676368,-73.952918,member
92855,2A425787C60C48D8,docked_bike,2021-04-14 10:03:50,2021-04-14 10:15:50,Carlton Ave & Dean St,4199,Halsey St & Tompkins Ave,4319,40.680974,-73.971009,40.6823687,-73.944118,member
92856,E52215D01FB2E4B0,docked_bike,2021-04-10 18:11:39,2021-04-10 18:17:12,Carlton Ave & Dean St,4199,Berkeley Pl & 7 Ave,4051,40.680974,-73.97101,40.675147,-73.975232,member
93868,92CF313E0885A0E4,docked_bike,2021-04-14 20:32:45,2021-04-14 20:44:45,Carlton Ave & Dean St,4199,Bedford Ave & Bergen St,4066,40.680974,-73.971009,40.676368,-73.952918,casual
95115,321DE257656B3FDD,docked_bike,2021-04-04 10:55:16,2021-04-04 10:58:44,Carlton Ave & Dean St,4199,Baltic St & 5 Ave,4208,40.680974,-73.971009,40.6795766,-73.97854971,member
95117,13DDD1A70C779325,docked_bike,2021-04-04 22:44:24,2021-04-04 22:58:49,Carlton Ave & Dean St,4199,Prospect Pl & 6 Ave,4166,40.680974,-73.971009,40.6793307,-73.97519523,casual
95124,7D21B4740F6804C5,docked_bike,2021-04-20 07:12:46,2021-04-20 07:34:38,Carlton Ave & Dean St,4199,Pioneer St & Van Brunt St,4169,40.680974,-73.971009,40.679043,-74.011169,member
95125,AA0181CD1AF63B60,docked_bike,2021-04-15 18:54:26,2021-04-15 18:59:06,Carlton Ave & Dean St,4199,Baltic St & 5 Ave,4208,40.680974,-73.971009,40.6795766,-73.97854971,member
95131,F0EC46FCF1CC93C9,docked_bike,2021-04-03 21:32:15,2021-04-03 21:37:33,Carlton Ave & Dean St,4199,Baltic St & 5 Ave,4208,40.680974,-73.971009,40.6795766,-73.97854971,member
97617,C06C3F7120290D31,docked_bike,2021-04-21 09:03:57,2021-04-21 09:26:37,Carlton Ave & Dean St,4199,Centre St & Worth St,5279,40.680974,-73.971009,40.71494807,-74.00234482,member
100722,EC7B51D1260F9304,docked_bike,2021-04-03 17:17:19,2021-04-03 17:28:17,Carlton Ave & Dean St,4199,3 St & Hoyt St,4110,40.680974,-73.971009,40.6777287,-73.99364123,casual
100730,03850DBBE46DA5D9,docked_bike,2021-04-20 19:33:28,2021-04-20 20:00:31,Carlton Ave & Dean St,4199,3 St & Hoyt St,4110,40.680974,-73.971009,40.6777287,-73.99364123,member
106029,85CA39A659B87803,docked_bike,2021-04-02 08:43:30,2021-04-02 09:06:20,Carlton Ave & Dean St,4199,S 4 St & Wythe Ave,5204,40.680974,-73.971009,40.71285887,-73.96590294,member
106031,4A93453DBE414906,docked_bike,2021-04-27 13:36:29,2021-04-27 13:58:29,Carlton Ave & Dean St,4199,S 4 St & Wythe Ave,5204,40.680974,-73.971009,40.71285887,-73.96590294,casual
106038,09565D26B22EA643,docked_bike,2021-04-08 18:03:57,2021-04-08 18:22:39,Carlton Ave & Dean St,4199,S 4 St & Wythe Ave,5204,40.680974,-73.971009,40.71285887,-73.96590294,casual
106040,DD86D69C9E4141C1,docked_bike,2021-04-25 11:32:47,2021-04-25 12:06:19,Carlton Ave & Dean St,4199,S 4 St & Wythe Ave,5204,40.680974,-73.971009,40.71285887,-73.96590294,member
106042,7EE33B55C73A4A58,docked_bike,2021-04-23 22:24:45,2021-04-23 22:39:09,Carlton Ave & Dean St,4199,Columbia St & Degraw St,4422,40.680974,-73.971009,40.6859296,-74.00242364,member
106052,72B2B93AA8B1AB25,docked_bike,2021-04-20 20:23:46,2021-04-20 20:54:00,Carlton Ave & Dean St,4199,S 4 St & Wythe Ave,5204,40.680974,-73.971009,40.71285887,-73.96590294,member
106078,91EBEEC34C9AAB90,docked_bike,2021-04-24 13:51:47,2021-04-24 14:09:53,Carlton Ave & Dean St,4199,S 4 St & Wythe Ave,5204,40.680974,-73.971009,40.71285887,-73.96590294,member
106083,94FDE8BF2CFC62B8,docked_bike,2021-04-26 08:42:17,2021-04-26 08:52:14,Carlton Ave & Dean St,4199,Sands St Gate,4812,40.680974,-73.971009,40.699569,-73.979827,member
106084,0692751AFB5B7F71,docked_bike,2021-04-21 14:08:28,2021-04-21 14:19:15,Carlton Ave & Dean St,4199,Sands St Gate,4812,40.680974,-73.971009,40.699569,-73.979827,casual
107483,D73F33994D277392,docked_bike,2021-04-09 15:28:33,2021-04-09 15:32:19,Carlton Ave & Dean St,4199,Lafayette Ave & Fort Greene Pl,4395,40.680974,-73.971009,40.68691865,-73.976682,member
107485,DE3D80DCA0C567FA,docked_bike,2021-04-17 13:44:27,2021-04-17 14:09:14,Carlton Ave & Dean St,4199,Graham Ave & Grand St,5178,40.680974,-73.971009,40.711863,-73.944024,member
108725,2B109E898E0A0CC8,docked_bike,2021-04-29 09:49:09,2021-04-29 09:54:34,Carlton Ave & Dean St,4199,Lafayette Ave & Fort Greene Pl,4395,40.680974,-73.971009,40.68691865,-73.976682,member
108727,F1206A523D511249,docked_bike,2021-04-30 18:52:47,2021-04-30 19:03:06,Carlton Ave & Dean St,4199,Hancock St & Bedford Ave,4255,40.680974,-73.971009,40.68216564,-73.95399026,member
108728,62C7BE97F7520920,docked_bike,2021-04-16 13:13:06,2021-04-16 13:18:57,Carlton Ave & Dean St,4199,Lafayette Ave & Fort Greene Pl,4395,40.680974,-73.971009,40.68691865,-73.976682,member
108732,9225E896E4BAE3D7,docked_bike,2021-04-03 17:26:39,2021-04-03 17:32:26,Carlton Ave & Dean St,4199,Lafayette Ave & Fort Greene Pl,4395,40.680974,-73.971009,40.68691865,-73.976682,member
108736,E0059E3CBBA84E28,docked_bike,2021-04-06 16:20:32,2021-04-06 16:28:20,Carlton Ave & Dean St,4199,Lafayette Ave & Fort Greene Pl,4395,40.680974,-73.971009,40.68691865,-73.976682,member
108737,189FA73763DE2A00,docked_bike,2021-04-01 19:37:27,2021-04-01 19:42:55,Carlton Ave & Dean St,4199,Lafayette Ave & Fort Greene Pl,4395,40.680974,-73.971009,40.68691865,-73.976682,member
110242,FD47FB9CD8D94CBE,docked_bike,2021-04-23 15:33:15,2021-04-23 15:40:08,Carlton Ave & Dean St,4199,Adelphi St & Myrtle Ave,4620,40.680974,-73.971009,40.69308257,-73.97178913,member
110243,B58F502152F5118C,docked_bike,2021-04-13 18:22:25,2021-04-13 18:29:25,Carlton Ave & Dean St,4199,Adelphi St & Myrtle Ave,4620,40.680974,-73.971009,40.69308257,-73.97178913,member
110246,77A337FF92879014,docked_bike,2021-04-21 16:16:30,2021-04-21 16:23:03,Carlton Ave & Dean St,4199,Dean St & Franklin Ave,4107,40.680974,-73.971009,40.67759206937376,-73.955637216568,casual
110260,0460B9313F8440B2,docked_bike,2021-04-14 22:42:34,2021-04-14 22:49:09,Carlton Ave & Dean St,4199,Adelphi St & Myrtle Ave,4620,40.680974,-73.971009,40.69308257,-73.97178913,member
116171,6EAF4BEFE089E88D,docked_bike,2021-04-28 22:04:57,2021-04-28 22:17:40,Carlton Ave & Dean St,4199,Willoughby Ave & Walworth St,4634,40.680974,-73.971009,40.69331716,-73.95381995,casual
122902,CAEF860B08CCEEE0,docked_bike,2021-04-06 11:57:23,2021-04-06 12:51:28,Carlton Ave & Dean St,4199,6 Ave & W 33 St,6364,40.680974,-73.971009,40.74901271,-73.98848395,casual
122904,1E504E866DDFBB90,docked_bike,2021-04-03 14:53:21,2021-04-03 15:26:34,Carlton Ave & Dean St,4199,E 4 St & 2 Ave,5593,40.680974,-73.971009,40.7262807,-73.98978041,member
125878,670724549A9F9C63,docked_bike,2021-04-13 18:25:25,2021-04-13 18:36:43,Carlton Ave & Dean St,4199,3 St & 7 Ave,3905,40.680974,-73.97101,40.670384,-73.978397,member
125952,45AAD795D348DC92,docked_bike,2021-04-07 17:43:18,2021-04-07 17:53:48,Carlton Ave & Dean St,4199,Kosciuszko St & Tompkins Ave,4553,40.680974,-73.971009,40.69128258,-73.9452416,member
127200,4E0BB02658B1BFD3,docked_bike,2021-04-29 13:23:23,2021-04-29 13:31:41,Carlton Ave & Dean St,4199,3 St & 7 Ave,3905,40.680974,-73.971009,40.6703837,-73.97839676,member
127209,10C07E67449E7C02,docked_bike,2021-04-09 10:05:31,2021-04-09 10:17:42,Carlton Ave & Dean St,4199,3 St & 7 Ave,3905,40.680974,-73.971009,40.6703837,-73.97839676,casual
130225,80D58585ECADC782,docked_bike,2021-04-08 20:25:43,2021-04-08 20:30:44,Carlton Ave & Dean St,4199,Berkeley Pl & 6 Ave,4134,40.680974,-73.971009,40.6765304,-73.97846879,member
130233,EE785AACE4836AB8,docked_bike,2021-04-09 18:34:50,2021-04-09 18:44:34,Carlton Ave & Dean St,4199,Berkeley Pl & 6 Ave,4134,40.680974,-73.971009,40.6765304,-73.97846879,casual
132331,14A729FB73203D23,docked_bike,2021-04-23 15:35:31,2021-04-23 15:39:58,Carlton Ave & Dean St,4199,Fulton St & Clermont Ave,4386,40.680974,-73.971009,40.68415748,-73.96922273,casual
132334,5692F7AB3A55F7AC,docked_bike,2021-04-25 18:08:09,2021-04-25 18:33:15,Carlton Ave & Dean St,4199,West Drive & Prospect Park West,3651,40.680974,-73.971009,40.6610633719006,-73.97945255041122,member
134414,32E20F7F6D6E2DF3,docked_bike,2021-04-19 13:43:49,2021-04-19 13:59:48,Carlton Ave & Dean St,4199,West Drive & Prospect Park West,3651,40.680974,-73.971009,40.6610633719006,-73.97945255041122,member
134415,E768271EE1126226,docked_bike,2021-04-08 18:08:13,2021-04-08 18:16:30,Carlton Ave & Dean St,4199,Washington Ave & Greene Ave,4419,40.680974,-73.971009,40.68650065,-73.96563307,casual
134416,AD293F721DF3DDE3,docked_bike,2021-04-08 20:26:11,2021-04-08 20:31:36,Carlton Ave & Dean St,4199,Fulton St & Clermont Ave,4386,40.680974,-73.97101,40.684157,-73.969223,member
134421,FFD1E94DDCF0594A,docked_bike,2021-04-12 09:20:37,2021-04-12 09:25:54,Carlton Ave & Dean St,4199,Washington Ave & Greene Ave,4419,40.680974,-73.971009,40.68650065,-73.96563307,member
134422,F2437E921906909D,docked_bike,2021-04-14 18:20:29,2021-04-14 18:26:00,Carlton Ave & Dean St,4199,Washington Ave & Greene Ave,4419,40.680974,-73.971009,40.68650065,-73.96563307,casual
136723,29D317B9F0E7DD12,docked_bike,2021-04-23 23:52:15,2021-04-23 23:57:02,Carlton Ave & Dean St,4199,Fulton St & Clermont Ave,4386,40.680974,-73.971009,40.68415748,-73.96922273,member
136725,4887F5975A606070,docked_bike,2021-04-26 18:14:55,2021-04-26 18:20:40,Carlton Ave & Dean St,4199,Washington Ave & Greene Ave,4419,40.680974,-73.971009,40.68650065,-73.96563307,casual
136728,0670EE7CBC605340,docked_bike,2021-04-24 14:15:02,2021-04-24 14:27:42,Carlton Ave & Dean St,4199,Grand Ave & Bergen St,4190,40.680974,-73.971009,40.678045,-73.962408,member
136729,A4521863333C524E,docked_bike,2021-04-24 15:40:14,2021-04-24 16:20:29,Carlton Ave & Dean St,4199,William St & Pine St,5065,40.680974,-73.971009,40.70717936,-74.00887308,member
136773,38C4944BFEE4E3C7,docked_bike,2021-04-08 17:47:14,2021-04-08 18:02:19,Carlton Ave & Dean St,4199,Carroll St & Bond St,4184,40.680974,-73.971009,40.6786115,-73.99037292,casual
136787,88309FA78739F717,docked_bike,2021-04-23 13:43:10,2021-04-23 13:47:03,Carlton Ave & Dean St,4199,Fulton St & Clermont Ave,4386,40.680974,-73.971009,40.68415748,-73.96922273,member
139344,3B728116127D1818,docked_bike,2021-04-18 14:16:12,2021-04-18 14:20:22,Carlton Ave & Dean St,4199,Underhill Ave & Pacific St,4231,40.680974,-73.971009,40.6804836,-73.9646795,member
139351,44D0D6D5A602A54B,docked_bike,2021-04-02 13:54:13,2021-04-02 14:17:46,Carlton Ave & Dean St,4199,Underhill Ave & Pacific St,4231,40.680974,-73.971009,40.6804836,-73.9646795,member
144210,0ABA22D7902477C0,docked_bike,2021-04-29 16:31:56,2021-04-29 16:47:06,Carlton Ave & Dean St,4199,Bergen St & Smith St,4446,40.680974,-73.971009,40.6867443,-73.99063168,member
144215,CEF82ECAA303E0E0,docked_bike,2021-04-25 11:01:54,2021-04-25 11:11:21,Carlton Ave & Dean St,4199,Bergen St & Smith St,4446,40.680974,-73.971009,40.6867443,-73.99063168,member
149599,C56143BB0BE91280,docked_bike,2021-04-15 19:35:26,2021-04-15 19:46:14,Carlton Ave & Dean St,4199,Bond St & Fulton St,4479,40.680974,-73.971009,40.68962188790333,-73.98304268717766,casual
149608,87AA8B3409FBCAF2,docked_bike,2021-04-28 19:22:23,2021-04-28 19:31:00,Carlton Ave & Dean St,4199,Carroll St & 5 Ave,4060,40.680974,-73.971009,40.6751622,-73.9814832,member
149612,D80C3782934F47A7,docked_bike,2021-04-14 14:39:48,2021-04-14 14:48:39,Carlton Ave & Dean St,4199,Bond St & Fulton St,4479,40.680974,-73.971009,40.68962188790333,-73.98304268717766,member
151843,6E143A603211EF1F,docked_bike,2021-04-21 15:22:48,2021-04-21 15:41:59,Carlton Ave & Dean St,4199,Bond St & Fulton St,4479,40.680974,-73.971009,40.68962188790333,-73.98304268717766,member
151848,873620D337425099,docked_bike,2021-04-06 15:47:16,2021-04-06 16:06:57,Carlton Ave & Dean St,4199,Bond St & Fulton St,4479,40.680974,-73.971009,40.68962188790333,-73.98304268717766,casual
151871,814DAB87C90BB9C0,docked_bike,2021-04-15 07:39:27,2021-04-15 07:49:12,Carlton Ave & Dean St,4199,Bond St & Fulton St,4479,40.680974,-73.971009,40.68962188790333,-73.98304268717766,member
151877,222A91305E328E6A,docked_bike,2021-04-26 11:54:42,2021-04-26 12:02:31,Carlton Ave & Dean St,4199,Carroll St & 5 Ave,4060,40.680974,-73.971009,40.6751622,-73.9814832,member
151881,6E2A0D89AE1BF65C,docked_bike,2021-04-25 15:38:31,2021-04-25 15:45:10,Carlton Ave & Dean St,4199,Carroll St & 5 Ave,4060,40.680974,-73.971009,40.6751622,-73.9814832,member
151889,4672B757E393A85C,docked_bike,2021-04-14 13:04:32,2021-04-14 13:23:11,Carlton Ave & Dean St,4199,Bond St & Fulton St,4479,40.680974,-73.971009,40.68962188790333,-73.98304268717766,member
151893,140B7D077919CA30,docked_bike,2021-04-22 16:39:55,2021-04-22 16:46:10,Carlton Ave & Dean St,4199,Carroll St & 5 Ave,4060,40.680974,-73.971009,40.6751622,-73.9814832,member
151895,75F1970F57C73333,docked_bike,2021-04-23 14:36:07,2021-04-23 14:43:31,Carlton Ave & Dean St,4199,Carroll St & 5 Ave,4060,40.680974,-73.971009,40.6751622,-73.9814832,member
151912,953B12C9CD13244A,docked_bike,2021-04-29 18:20:01,2021-04-29 18:25:13,Carlton Ave & Dean St,4199,Carroll St & 5 Ave,4060,40.680974,-73.971009,40.6751622,-73.9814832,member
151924,6DE80592BA3F2022,docked_bike,2021-04-04 18:07:10,2021-04-04 18:14:58,Carlton Ave & Dean St,4199,Lefferts Pl & Franklin Ave,4222,40.680974,-73.971009,40.680342423,-73.9557689392,member
151925,72019AC67F6B15DB,docked_bike,2021-04-23 17:52:33,2021-04-23 18:01:35,Carlton Ave & Dean St,4199,Carroll St & 5 Ave,4060,40.680974,-73.971009,40.6751622,-73.9814832,member
152618,09F7997E5D4EFFD4,docked_bike,2021-04-16 12:58:04,2021-04-16 13:03:45,Carlton Ave & Dean St,4199,Carroll St & 5 Ave,4060,40.680974,-73.971009,40.6751622,-73.9814832,member
152626,D5FB206634A48A00,docked_bike,2021-04-10 09:42:56,2021-04-10 09:50:09,Carlton Ave & Dean St,4199,Lefferts Pl & Franklin Ave,4222,40.680974,-73.971009,40.680342423,-73.9557689392,member
153030,27524BD93DCC45B7,docked_bike,2021-04-16 12:02:44,2021-04-16 12:33:19,Carlton Ave & Dean St,4199,Division St & Bowery,5270,40.680974,-73.971009,40.714193,-73.996732,member
153101,E3243B35A279082F,docked_bike,2021-04-27 09:50:34,2021-04-27 10:21:58,Carlton Ave & Dean St,4199,Liberty St & Nassau St,5105,40.680974,-73.971009,40.70858894240581,-74.00935482235809,member
153783,930B22AA2D7705E6,docked_bike,2021-04-03 12:08:32,2021-04-03 12:27:40,Carlton Ave & Dean St,4199,Kent Ave & N 7 St,5489,40.680974,-73.971009,40.72036775298455,-73.96165072917938,member
154539,35DBDB0514FF3AEE,docked_bike,2021-04-18 17:49:49,2021-04-18 17:57:51,Carlton Ave & Dean St,4199,Schermerhorn St & Court St,4565,40.680974,-73.971009,40.69102925677968,-73.99183362722397,member
154556,56E20015F92DA2DD,docked_bike,2021-04-29 17:35:18,2021-04-29 17:49:22,Carlton Ave & Dean St,4199,Schermerhorn St & Court St,4565,40.680974,-73.971009,40.69102925677968,-73.99183362722397,casual
154727,1434351D311F6AC0,docked_bike,2021-04-19 15:36:24,2021-04-19 18:32:16,Carlton Ave & Dean St,4199,Southern Blvd & E 174 St,8163,40.680974,-73.971009,40.836733,-73.887931,member
154729,0E7FEDD22D8C4244,docked_bike,2021-04-16 18:35:02,2021-04-16 19:00:12,Carlton Ave & Dean St,4199,Kent Ave & N 7 St,5489,40.680974,-73.971009,40.72036775298455,-73.96165072917938,member
158952,19041F0FD8DA0F30,docked_bike,2021-04-15 12:07:17,2021-04-15 12:17:32,Carlton Ave & Dean St,4199,Garfield Pl & 8 Ave,3978,40.680974,-73.971009,40.6711978,-73.97484126,member
160979,B2BCE1A7AE09D3E7,docked_bike,2021-04-21 07:53:53,2021-04-21 08:09:09,Carlton Ave & Dean St,4199,Putnam Ave & Throop Ave,4392,40.680974,-73.971009,40.6851532,-73.94111,member
163237,9B0D5BD0E46DD661,docked_bike,2021-04-10 23:01:45,2021-04-10 23:10:00,Carlton Ave & Dean St,4199,Monroe St & Bedford Ave,4368,40.680974,-73.971009,40.6851443,-73.95380904,member
163240,33531199D7316CA7,docked_bike,2021-04-04 16:28:23,2021-04-04 16:41:17,Carlton Ave & Dean St,4199,Monroe St & Bedford Ave,4368,40.680974,-73.971009,40.6851443,-73.95380904,member
163241,94B679761C3479F9,docked_bike,2021-04-23 19:50:25,2021-04-23 20:03:55,Carlton Ave & Dean St,4199,Monroe St & Bedford Ave,4368,40.680974,-73.971009,40.6851443,-73.95380904,casual
163348,07F6E2C93AE858C8,docked_bike,2021-04-29 19:01:12,2021-04-29 19:13:22,Carlton Ave & Dean St,4199,Putnam Ave & Throop Ave,4392,40.680974,-73.971009,40.6851532,-73.94111,casual
163361,4E999B816B599EE9,docked_bike,2021-04-09 13:18:26,2021-04-09 13:26:19,Carlton Ave & Dean St,4199,Monroe St & Bedford Ave,4368,40.680974,-73.971009,40.6851443,-73.95380904,member
164268,6EBB15EE247A08D7,docked_bike,2021-04-18 15:49:30,2021-04-18 16:14:45,Carlton Ave & Dean St,4199,S 3 St & Bedford Ave,5235,40.680974,-73.971009,40.71260486,-73.96264403,casual
164269,1A214B24C4B0B798,docked_bike,2021-04-02 16:20:28,2021-04-02 16:49:40,Carlton Ave & Dean St,4199,57 St & 1 Ave - Brooklyn Army Terminal Vaccination Site,3178,40.680974,-73.971009,40.646377,-74.023087,member
164276,2BD922A540D00203,docked_bike,2021-04-02 16:20:37,2021-04-02 16:49:40,Carlton Ave & Dean St,4199,57 St & 1 Ave - Brooklyn Army Terminal Vaccination Site,3178,40.680974,-73.971009,40.646377,-74.023087,member
164279,84C4798BDD89BED4,docked_bike,2021-04-19 18:20:52,2021-04-19 18:37:50,Carlton Ave & Dean St,4199,S 3 St & Bedford Ave,5235,40.680974,-73.971009,40.71260486,-73.96264403,member
164321,FEAACC3A07961A24,docked_bike,2021-04-26 19:03:20,2021-04-26 19:07:36,Carlton Ave & Dean St,4199,Plaza St West & Flatbush Ave,4010,40.680974,-73.971009,40.6750207,-73.97111473,member
164323,D00964722E3C0D51,docked_bike,2021-04-07 10:39:11,2021-04-07 10:43:36,Carlton Ave & Dean St,4199,Plaza St West & Flatbush Ave,4010,40.680974,-73.971009,40.6750207,-73.97111473,member
164326,B5716BA09C07F9B5,docked_bike,2021-04-19 16:38:07,2021-04-19 16:44:40,Carlton Ave & Dean St,4199,Plaza St West & Flatbush Ave,4010,40.680974,-73.971009,40.6750207,-73.97111473,member
166986,80146F24212B2BEE,docked_bike,2021-04-08 08:36:52,2021-04-08 08:53:08,Carlton Ave & Dean St,4199,17 St & 5 Ave,3699,40.680974,-73.97101,40.663493,-73.991007,member
166987,8EB5D93540F9503E,docked_bike,2021-04-07 08:48:31,2021-04-07 09:02:08,Carlton Ave & Dean St,4199,17 St & 5 Ave,3699,40.680974,-73.97101,40.663493,-73.991007,member
166991,7B54CADCC77B3F29,docked_bike,2021-04-03 10:29:16,2021-04-03 10:36:47,Carlton Ave & Dean St,4199,Lexington Ave & Classon Ave,4452,40.680974,-73.971009,40.68676793,-73.95928168,member
166992,FCFE9185F9767CCC,docked_bike,2021-04-13 18:10:03,2021-04-13 18:46:31,Carlton Ave & Dean St,4199,30 St & 4 Ave,3564,40.680974,-73.971009,40.657743,-74.001141,casual
166993,37E755F3E87C1292,docked_bike,2021-04-09 15:34:09,2021-04-09 15:42:41,Carlton Ave & Dean St,4199,Lexington Ave & Classon Ave,4452,40.680974,-73.971009,40.68676793,-73.95928168,member
167006,E2F27DD22CBB3D23,docked_bike,2021-04-14 16:06:37,2021-04-14 16:21:48,Carlton Ave & Dean St,4199,17 St & 5 Ave,3699,40.680974,-73.971009,40.663493,-73.991007,casual
167007,A0D47A7463580BE6,docked_bike,2021-04-05 17:12:33,2021-04-05 17:20:41,Carlton Ave & Dean St,4199,Lexington Ave & Classon Ave,4452,40.680974,-73.971009,40.68676793,-73.95928168,member
167021,1CFC1C824A44497E,docked_bike,2021-04-21 10:57:54,2021-04-21 11:08:41,Carlton Ave & Dean St,4199,10 St & 2 Ave,3922,40.680974,-73.971009,40.671907,-73.993612,casual
167027,7EE9E2341CD48FFA,docked_bike,2021-04-06 16:13:04,2021-04-06 16:25:07,Carlton Ave & Dean St,4199,10 St & 2 Ave,3922,40.680974,-73.971009,40.671907,-73.993612,member
167030,40FF5AC07C073644,docked_bike,2021-04-03 11:00:03,2021-04-03 11:17:45,Carlton Ave & Dean St,4199,30 St & 4 Ave,3564,40.680974,-73.971009,40.657743,-74.001141,casual
167034,29DA22450926E0AA,docked_bike,2021-04-03 11:00:09,2021-04-03 11:17:48,Carlton Ave & Dean St,4199,30 St & 4 Ave,3564,40.680974,-73.971009,40.657743,-74.001141,member
167035,DDB6DDB0CDB192B3,docked_bike,2021-04-10 19:12:48,2021-04-10 19:28:14,Carlton Ave & Dean St,4199,Prospect Park SW & Greenwood Ave,3385,40.680974,-73.971009,40.652563,-73.972573,member
167036,1C9DFE689821DBFB,docked_bike,2021-04-15 09:39:03,2021-04-15 09:53:57,Carlton Ave & Dean St,4199,Atlantic Ave & Furman St,4614,40.680974,-73.971009,40.69165183,-73.9999786,casual
167039,4B03A5EE4388CE91,docked_bike,2021-04-18 11:32:36,2021-04-18 11:58:30,Carlton Ave & Dean St,4199,30 St & 4 Ave,3564,40.680974,-73.971009,40.657743,-74.001141,member
167371,2BE8D00A049A0321,docked_bike,2021-04-13 18:43:44,2021-04-13 19:03:12,Carlton Ave & Dean St,4199,Atlantic Ave & Furman St,4614,40.680974,-73.971009,40.69165183,-73.9999786,member
167372,B390FFE15F27AD6B,docked_bike,2021-04-30 08:39:27,2021-04-30 08:53:57,Carlton Ave & Dean St,4199,17 St & 5 Ave,3699,40.680974,-73.971009,40.663493,-73.991007,member
167416,1BF81B18CCA020A8,docked_bike,2021-04-19 08:51:21,2021-04-19 09:08:13,Carlton Ave & Dean St,4199,17 St & 5 Ave,3699,40.680974,-73.971009,40.663493,-73.991007,member
167635,FB3CD35FA48DC8EF,docked_bike,2021-04-18 11:33:33,2021-04-18 11:58:22,Carlton Ave & Dean St,4199,30 St & 4 Ave,3564,40.680974,-73.971009,40.657743,-74.001141,casual
167641,91D4A5CD6BFEF3AF,docked_bike,2021-04-10 09:58:30,2021-04-10 10:13:53,Carlton Ave & Dean St,4199,Atlantic Ave & Furman St,4614,40.680974,-73.971009,40.69165183,-73.9999786,casual
171407,D45EED078A6D8EAB,docked_bike,2021-04-13 21:33:14,2021-04-13 21:38:45,Carlton Ave & Dean St,4199,Clermont Ave & Lafayette Ave,4461,40.680974,-73.97101,40.687645,-73.969689,member
171408,7FC7B41D60599B4E,docked_bike,2021-04-24 15:06:18,2021-04-24 15:28:16,Carlton Ave & Dean St,4199,Clermont Ave & Lafayette Ave,4461,40.680974,-73.971009,40.68764484,-73.96968902,member
171416,B986A255145E5318,docked_bike,2021-04-30 09:12:09,2021-04-30 09:19:33,Carlton Ave & Dean St,4199,Washington Park,4546,40.680974,-73.971009,40.6917823,-73.9737299,member
171436,E4FF6F2F24EF28A4,docked_bike,2021-04-24 12:24:21,2021-04-24 12:31:15,Carlton Ave & Dean St,4199,Clermont Ave & Lafayette Ave,4461,40.680974,-73.971009,40.68764484,-73.96968902,member
171443,24F6045378BA5F70,docked_bike,2021-04-19 13:00:00,2021-04-19 13:05:35,Carlton Ave & Dean St,4199,Clermont Ave & Lafayette Ave,4461,40.680974,-73.971009,40.68764484,-73.96968902,member
171447,1E2891A3A2E0A339,docked_bike,2021-04-01 12:43:05,2021-04-01 12:48:05,Carlton Ave & Dean St,4199,Clermont Ave & Lafayette Ave,4461,40.680974,-73.971009,40.68764484,-73.96968902,member
171459,2566BE4BBC5A283A,docked_bike,2021-04-24 15:04:19,2021-04-24 16:53:58,Carlton Ave & Dean St,4199,Washington Park,4546,40.680974,-73.97101,40.691782,-73.97373,casual
171465,D9AEFE9ABACEC9E5,docked_bike,2021-04-19 16:13:33,2021-04-19 16:19:05,Carlton Ave & Dean St,4199,Washington Park,4546,40.680974,-73.971009,40.6917823,-73.9737299,member
171473,3E055F32E456784A,docked_bike,2021-04-24 10:59:35,2021-04-24 11:06:37,Carlton Ave & Dean St,4199,Washington Park,4546,40.680974,-73.971009,40.6917823,-73.9737299,member
171857,C6718C3652912861,docked_bike,2021-04-28 06:18:36,2021-04-28 06:23:53,Carlton Ave & Dean St,4199,Washington Park,4546,40.680974,-73.971009,40.6917823,-73.9737299,member
171858,7C0B6FE4707EC862,docked_bike,2021-04-10 09:20:58,2021-04-10 09:27:43,Carlton Ave & Dean St,4199,Washington Park,4546,40.680974,-73.971009,40.6917823,-73.9737299,member
171864,AED384418F0999DE,docked_bike,2021-04-17 08:35:59,2021-04-17 08:41:30,Carlton Ave & Dean St,4199,Washington Park,4546,40.680974,-73.971009,40.6917823,-73.9737299,member
171865,3364EC95DA977F2E,docked_bike,2021-04-24 18:55:01,2021-04-24 19:00:33,Carlton Ave & Dean St,4199,Clermont Ave & Lafayette Ave,4461,40.680974,-73.971009,40.68764484,-73.96968902,member
171869,D864D1DEACE0D0F6,docked_bike,2021-04-30 22:32:18,2021-04-30 22:43:04,Carlton Ave & Dean St,4199,Park Pl & Franklin Ave,4033,40.680974,-73.971009,40.6741806,-73.9564947,member
172929,1A461E3432E06B2C,docked_bike,2021-04-19 16:54:00,2021-04-19 17:14:04,Carlton Ave & Dean St,4199,Clermont Ave & Lafayette Ave,4461,40.680974,-73.971009,40.68764484,-73.96968902,member
172931,ED5A4E0BA1327222,docked_bike,2021-04-24 15:05:57,2021-04-24 15:27:36,Carlton Ave & Dean St,4199,Clermont Ave & Lafayette Ave,4461,40.680974,-73.971009,40.68764484,-73.96968902,member
172937,41CB418F5C23F335,docked_bike,2021-04-03 08:47:47,2021-04-03 08:57:37,Carlton Ave & Dean St,4199,Washington Park,4546,40.680974,-73.971009,40.6917823,-73.9737299,member
172938,8ABA5943B7F0BFD8,docked_bike,2021-04-11 19:33:22,2021-04-11 19:37:58,Carlton Ave & Dean St,4199,Clermont Ave & Lafayette Ave,4461,40.680974,-73.971009,40.68764484,-73.96968902,member
172940,D512DE45BE021101,docked_bike,2021-04-08 20:01:10,2021-04-08 20:12:06,Carlton Ave & Dean St,4199,Park Pl & Franklin Ave,4033,40.680974,-73.971009,40.6741806,-73.9564947,member
172944,1F9B0760C65362D7,docked_bike,2021-04-30 11:16:04,2021-04-30 11:21:04,Carlton Ave & Dean St,4199,Clermont Ave & Lafayette Ave,4461,40.680974,-73.971009,40.68764484,-73.96968902,casual
172976,85591952344C7154,docked_bike,2021-04-22 13:37:10,2021-04-22 13:59:19,Carlton Ave & Dean St,4199,Washington Park,4546,40.680974,-73.971009,40.6917823,-73.9737299,member
172982,013909236E301CEA,docked_bike,2021-04-30 16:00:54,2021-04-30 16:05:28,Carlton Ave & Dean St,4199,Washington Park,4546,40.680974,-73.971009,40.6917823,-73.9737299,member
172985,059F1A75A68FC137,docked_bike,2021-04-03 08:49:13,2021-04-03 08:57:33,Carlton Ave & Dean St,4199,Washington Park,4546,40.680974,-73.971009,40.6917823,-73.9737299,casual
172990,3BF01D569FE250E2,docked_bike,2021-04-06 16:12:41,2021-04-06 16:26:11,Carlton Ave & Dean St,4199,Park Pl & Franklin Ave,4033,40.680974,-73.971009,40.6741806,-73.9564947,member
173475,35A8E8FB1880ECF1,docked_bike,2021-04-04 23:53:53,2021-04-05 00:12:26,Carlton Ave & Dean St,4199,Jefferson Ave & Evergreen Ave,4517,40.680974,-73.971009,40.68989,-73.91458,member
173485,4D2A33AE29A6E96A,docked_bike,2021-04-23 14:10:31,2021-04-23 14:22:50,Carlton Ave & Dean St,4199,Prospect Park West & 8 St,3722,40.680974,-73.971009,40.66514681533792,-73.97637605667114,member
173487,3CA51C30C4DC27A7,docked_bike,2021-04-25 13:24:02,2021-04-25 13:38:11,Carlton Ave & Dean St,4199,Prospect Park West & 8 St,3722,40.680974,-73.971009,40.66514681533792,-73.97637605667114,member
173496,BED25CE23CE750F5,docked_bike,2021-04-24 18:59:56,2021-04-24 19:14:12,Carlton Ave & Dean St,4199,Prospect Park West & 8 St,3722,40.680974,-73.971009,40.66514681533792,-73.97637605667114,member
173498,A2A37018C8F4EECA,docked_bike,2021-04-06 15:56:43,2021-04-06 16:08:40,Carlton Ave & Dean St,4199,Prospect Park West & 8 St,3722,40.680974,-73.971009,40.66514681533792,-73.97637605667114,casual
173512,67880A0D38213F4C,docked_bike,2021-04-13 13:01:18,2021-04-13 16:54:51,Carlton Ave & Dean St,4199,36 St & 3 Ave,3460,40.680974,-73.971009,40.655716,-74.006664,member
173531,CDE0679515336168,docked_bike,2021-04-21 15:44:20,2021-04-21 16:00:54,Carlton Ave & Dean St,4199,Prospect Park West & 8 St,3722,40.680974,-73.971009,40.66514681533792,-73.97637605667114,member
173573,A01DE703CC789937,docked_bike,2021-04-18 14:06:24,2021-04-18 14:17:01,Carlton Ave & Dean St,4199,Prospect Park West & 8 St,3722,40.680974,-73.971009,40.66514681533792,-73.97637605667114,member
173574,194F7740A4D2BEFA,docked_bike,2021-04-10 12:52:42,2021-04-10 13:04:30,Carlton Ave & Dean St,4199,Prospect Park West & 8 St,3722,40.680974,-73.971009,40.66514681533792,-73.97637605667114,member
173592,47E2BFD63F67648E,docked_bike,2021-04-28 15:56:19,2021-04-28 16:17:47,Carlton Ave & Dean St,4199,Prospect Park West & 8 St,3722,40.680974,-73.971009,40.66514681533792,-73.97637605667114,member
173598,7CE608DC3B378883,docked_bike,2021-04-15 08:32:33,2021-04-15 08:49:40,Carlton Ave & Dean St,4199,36 St & 3 Ave,3460,40.680974,-73.971009,40.655716,-74.006664,member
173603,9A6479D77DE9CDA7,docked_bike,2021-04-02 23:09:58,2021-04-02 23:17:21,Carlton Ave & Dean St,4199,Prospect Park West & 8 St,3722,40.680974,-73.971009,40.66514681533792,-73.97637605667114,member
173609,E89CB16A9E8719CE,docked_bike,2021-04-08 16:07:14,2021-04-08 16:31:07,Carlton Ave & Dean St,4199,Rockaway Ave & Bainbridge St,4285,40.680974,-73.971009,40.68319988172761,-73.91166642308235,casual
173616,10C8DC7DCD465684,docked_bike,2021-04-28 17:22:06,2021-04-28 17:35:59,Carlton Ave & Dean St,4199,Prospect Park West & 8 St,3722,40.680974,-73.971009,40.66514681533792,-73.97637605667114,casual
173689,E51401292B82A5FE,docked_bike,2021-04-05 09:20:37,2021-04-05 09:29:49,Carlton Ave & Dean St,4199,Prospect Park West & 8 St,3722,40.680974,-73.971009,40.66514681533792,-73.97637605667114,casual
173691,E53EB53D9748E45A,docked_bike,2021-04-10 12:59:25,2021-04-10 13:21:25,Carlton Ave & Dean St,4199,Prospect Park West & 8 St,3722,40.680974,-73.97101,40.665147,-73.976376,member
173697,694B8DF41F0DBA94,docked_bike,2021-04-28 18:11:41,2021-04-28 18:22:14,Carlton Ave & Dean St,4199,Prospect Park West & 8 St,3722,40.680974,-73.971009,40.66514681533792,-73.97637605667114,casual
174266,07EC8C135E908A91,docked_bike,2021-04-22 15:37:00,2021-04-22 16:13:31,Carlton Ave & Dean St,4199,Steinway St & Broadway,6711,40.680974,-73.971009,40.75905795418586,-73.91897544264793,member
177687,56B1E28E6B7381CE,docked_bike,2021-04-10 09:52:44,2021-04-10 10:03:53,Carlton Ave & Dean St,4199,Sullivan Pl & Franklin Ave,3704,40.680974,-73.971009,40.66407983678161,-73.96025128666679,member
177730,68D2269E76B2A29D,docked_bike,2021-04-04 16:40:12,2021-04-04 16:51:48,Carlton Ave & Dean St,4199,Sullivan Pl & Franklin Ave,3704,40.680974,-73.971009,40.66407983678161,-73.96025128666679,member
177739,99C93A1DA3FC50EC,docked_bike,2021-04-10 12:35:22,2021-04-10 13:06:36,Carlton Ave & Dean St,4199,Sullivan Pl & Franklin Ave,3704,40.680974,-73.971009,40.66407983678161,-73.96025128666679,member
177782,66D91A04D030B7E8,docked_bike,2021-04-10 12:52:24,2021-04-10 13:12:24,Carlton Ave & Dean St,4199,7 Ave & 20 St,3588,40.680974,-73.971009,40.659053,-73.98854,member
186840,410F6A6E81A6CD89,docked_bike,2021-04-07 18:50:08,2021-04-07 18:57:02,Carlton Ave & Dean St,4199,Lafayette Ave & Classon Ave,4452,40.680974,-73.971009,40.68900443,-73.96023854,casual
186841,85FB3EC62306C576,docked_bike,2021-04-15 08:25:30,2021-04-15 08:38:56,Carlton Ave & Dean St,4199,Lafayette Ave & Classon Ave,4452,40.680974,-73.971009,40.68900443,-73.96023854,member
189965,7B7F1B0A2CC4F514,docked_bike,2021-04-15 07:09:29,2021-04-15 07:30:26,Carlton Ave & Dean St,4199,Wolcott St & Dwight St,4054,40.680974,-73.971009,40.6753274,-74.0100698,member
191028,C6527FEE7211A77D,docked_bike,2021-04-03 15:48:07,2021-04-03 15:59:03,Carlton Ave & Dean St,4199,Washington Ave & Park Ave,4724,40.680974,-73.971009,40.69610226,-73.96751037,casual
191033,08C393CF44361C81,docked_bike,2021-04-21 17:44:15,2021-04-21 17:53:29,Carlton Ave & Dean St,4199,DeKalb Ave & Vanderbilt Ave,4461,40.680974,-73.971009,40.68940747,-73.96885458,member
192452,744D02B4F8DC896D,docked_bike,2021-04-03 15:45:06,2021-04-03 15:59:03,Carlton Ave & Dean St,4199,Washington Ave & Park Ave,4724,40.680974,-73.971009,40.69610226,-73.96751037,member
192455,D141D2F4AF5527EA,docked_bike,2021-04-20 10:55:28,2021-04-20 14:51:12,Carlton Ave & Dean St,4199,DeKalb Ave & Vanderbilt Ave,4461,40.680974,-73.971009,40.68940747,-73.96885458,member
192464,0D87F3C4FD0BC7DB,docked_bike,2021-04-24 19:06:21,2021-04-24 19:34:48,Carlton Ave & Dean St,4199,Cooper Square & Astor Pl,5712,40.680974,-73.971009,40.72951496224949,-73.99075269699097,member
192719,6ECDD887FE772D50,docked_bike,2021-04-14 17:27:29,2021-04-14 18:19:49,Carlton Ave & Dean St,4199,Rogers Ave & Sterling St,3696,40.680974,-73.971009,40.6630619,-73.9538746,casual
192720,86DB27E2795414D6,docked_bike,2021-04-02 12:54:46,2021-04-02 13:04:32,Carlton Ave & Dean St,4199,Washington Ave & Park Ave,4724,40.680974,-73.971009,40.69610226,-73.96751037,member
192726,04F86F7C0245909C,docked_bike,2021-04-23 18:48:59,2021-04-23 19:00:07,Carlton Ave & Dean St,4199,5 St & 6 Ave,3874,40.680974,-73.971009,40.6704836,-73.98208968,member
192731,C39804F5178E7022,docked_bike,2021-04-27 08:37:39,2021-04-27 08:58:09,Carlton Ave & Dean St,4199,Allen St & Rivington St,5414,40.680974,-73.971009,40.72019576,-73.98997825,member
194111,C6E6405893AFD559,docked_bike,2021-04-15 08:18:35,2021-04-15 08:41:14,Carlton Ave & Dean St,4199,Wythe Ave & Metropolitan Ave,5348,40.680974,-73.971009,40.716887,-73.963198,member
194113,2C1C970015F4E3AA,docked_bike,2021-04-09 15:34:19,2021-04-09 15:52:53,Carlton Ave & Dean St,4199,Brooklyn Bridge Park - Pier 2,4756,40.680974,-73.971009,40.698458,-73.997178,member
201690,B8926ACE9A2448DB,docked_bike,2021-04-20 13:23:37,2021-04-20 13:42:32,Carlton Ave & Dean St,4199,Metropolitan Ave & Bedford Ave,5308,40.680974,-73.971009,40.71534825,-73.96024116,casual
201697,634CB493D3682579,docked_bike,2021-04-27 15:10:18,2021-04-27 15:15:32,Carlton Ave & Dean St,4199,Dean St & Franklin Ave,4107,40.680974,-73.971009,40.67759206937376,-73.955637216568,casual
201698,91E6578DC4855FE0,docked_bike,2021-04-01 12:57:05,2021-04-01 13:16:02,Carlton Ave & Dean St,4199,Metropolitan Ave & Bedford Ave,5308,40.680974,-73.971009,40.71534825,-73.96024116,casual
201700,FBBAD0D66EAD1800,docked_bike,2021-04-28 20:05:38,2021-04-28 20:12:57,Carlton Ave & Dean St,4199,Adelphi St & Myrtle Ave,4620,40.680974,-73.971009,40.69308257,-73.97178913,member
201713,54FE0C0F9736662A,docked_bike,2021-04-03 15:44:33,2021-04-03 16:27:00,Carlton Ave & Dean St,4199,Metropolitan Ave & Bedford Ave,5308,40.680974,-73.971009,40.71534825,-73.96024116,member
201716,738FE443791783FB,docked_bike,2021-04-24 23:06:38,2021-04-24 23:15:13,Carlton Ave & Dean St,4199,Adelphi St & Myrtle Ave,4620,40.680974,-73.971009,40.69308257,-73.97178913,member
201724,3400B78DA1143F87,docked_bike,2021-04-06 18:01:41,2021-04-06 18:10:02,Carlton Ave & Dean St,4199,Dean St & Franklin Ave,4107,40.680974,-73.971009,40.67759206937376,-73.955637216568,member
201727,2966DF743EF9BCDC,docked_bike,2021-04-27 11:08:56,2021-04-27 11:16:27,Carlton Ave & Dean St,4199,Dean St & Franklin Ave,4107,40.680974,-73.971009,40.67759206937376,-73.955637216568,member
201729,C94D2FB60C692B34,docked_bike,2021-04-25 18:08:28,2021-04-25 18:14:26,Carlton Ave & Dean St,4199,Dean St & Franklin Ave,4107,40.680974,-73.971009,40.67759206937376,-73.955637216568,member
201737,E2CD7AE0D2439A8F,docked_bike,2021-04-23 13:41:05,2021-04-23 13:48:32,Carlton Ave & Dean St,4199,Dean St & Franklin Ave,4107,40.680974,-73.971009,40.67759206937376,-73.955637216568,member
201745,6E5913B063AE9E65,docked_bike,2021-04-08 18:01:04,2021-04-08 18:09:59,Carlton Ave & Dean St,4199,Adelphi St & Myrtle Ave,4620,40.680974,-73.971009,40.69308257,-73.97178913,member
201746,F4057F127167E808,docked_bike,2021-04-20 18:03:23,2021-04-20 18:09:56,Carlton Ave & Dean St,4199,Dean St & Franklin Ave,4107,40.680974,-73.971009,40.67759206937376,-73.955637216568,member
201748,DCB7FB4A6A025BDD,docked_bike,2021-04-30 17:33:11,2021-04-30 17:40:53,Carlton Ave & Dean St,4199,Dean St & Franklin Ave,4107,40.680974,-73.971009,40.67759206937376,-73.955637216568,member
201771,EA359CF837FB9A9E,docked_bike,2021-04-27 14:06:04,2021-04-27 14:12:37,Carlton Ave & Dean St,4199,Dean St & Franklin Ave,4107,40.680974,-73.971009,40.67759206937376,-73.955637216568,member
201797,45F036057A1DDAB8,docked_bike,2021-04-04 16:35:56,2021-04-04 16:44:04,Carlton Ave & Dean St,4199,Dean St & Franklin Ave,4107,40.680974,-73.971009,40.67759206937376,-73.955637216568,casual
201799,E5F5383ECF7C9880,docked_bike,2021-04-14 22:42:34,2021-04-14 22:49:05,Carlton Ave & Dean St,4199,Adelphi St & Myrtle Ave,4620,40.680974,-73.971009,40.69308257,-73.97178913,member
201801,3E5F193E76975718,docked_bike,2021-04-27 13:45:01,2021-04-27 13:54:00,Carlton Ave & Dean St,4199,Dean St & Franklin Ave,4107,40.680974,-73.971009,40.67759206937376,-73.955637216568,member
201802,4E5FED413CAB9A79,docked_bike,2021-04-21 12:03:09,2021-04-21 12:08:49,Carlton Ave & Dean St,4199,Adelphi St & Myrtle Ave,4620,40.680974,-73.971009,40.69308257,-73.97178913,member
201805,F8451680A27DD549,docked_bike,2021-04-10 16:58:53,2021-04-10 17:07:03,Carlton Ave & Dean St,4199,Adelphi St & Myrtle Ave,4620,40.680974,-73.971009,40.69308257,-73.97178913,member
201806,67AE966AB797F38B,docked_bike,2021-04-15 17:48:14,2021-04-15 17:55:49,Carlton Ave & Dean St,4199,Adelphi St & Myrtle Ave,4620,40.680974,-73.971009,40.69308257,-73.97178913,member
201817,8185A2FF1CAD4EB0,docked_bike,2021-04-24 15:04:54,2021-04-24 15:27:26,Carlton Ave & Dean St,4199,N 11 St & Kent Ave,5489,40.680974,-73.971009,40.72248188638219,-73.95921930670738,casual
201818,BB0760F2CDB81653,docked_bike,2021-04-29 15:30:11,2021-04-29 15:36:45,Carlton Ave & Dean St,4199,Dean St & Franklin Ave,4107,40.680974,-73.971009,40.67759206937376,-73.955637216568,casual
201820,4EAE06614E7A401F,docked_bike,2021-04-27 18:36:22,2021-04-27 18:53:25,Carlton Ave & Dean St,4199,Metropolitan Ave & Bedford Ave,5308,40.680974,-73.971009,40.71534825,-73.96024116,member
201832,FC0EC9884F2890B1,docked_bike,2021-04-21 14:09:34,2021-04-21 14:29:41,Carlton Ave & Dean St,4199,N 11 St & Kent Ave,5489,40.680974,-73.971009,40.72248188638219,-73.95921930670738,member
201834,A393F6CC204BB5EB,docked_bike,2021-04-13 17:57:16,2021-04-13 18:05:57,Carlton Ave & Dean St,4199,Adelphi St & Myrtle Ave,4620,40.680974,-73.971009,40.69308257,-73.97178913,member
201835,A36DBBCAB678747D,docked_bike,2021-04-20 16:58:40,2021-04-20 17:11:30,Carlton Ave & Dean St,4199,Dean St & Franklin Ave,4107,40.680974,-73.971009,40.67759206937376,-73.955637216568,casual
201837,AE08420E7757C9C4,docked_bike,2021-04-25 17:02:30,2021-04-25 17:07:27,Carlton Ave & Dean St,4199,Adelphi St & Myrtle Ave,4620,40.680974,-73.971009,40.69308257,-73.97178913,member
201838,D1B08B81BA5056FB,docked_bike,2021-04-14 17:42:21,2021-04-14 17:50:33,Carlton Ave & Dean St,4199,Dean St & Franklin Ave,4107,40.680974,-73.971009,40.67759206937376,-73.955637216568,member
201840,B55DE89EAFF7EF43,docked_bike,2021-04-29 14:36:20,2021-04-29 14:56:17,Carlton Ave & Dean St,4199,Metropolitan Ave & Bedford Ave,5308,40.680974,-73.971009,40.71534825,-73.96024116,casual
202375,83337AF2E6BCAEF8,docked_bike,2021-04-23 08:45:48,2021-04-23 09:10:38,Carlton Ave & Dean St,4199,Metropolitan Ave & Bedford Ave,5308,40.680974,-73.971009,40.71534825,-73.96024116,member
202379,CFC7CDE3AC6382DE,docked_bike,2021-04-01 17:57:19,2021-04-01 18:06:10,Carlton Ave & Dean St,4199,Adelphi St & Myrtle Ave,4620,40.680974,-73.97101,40.693083,-73.971789,member
202539,2DAE990D4D623C42,docked_bike,2021-04-20 09:03:55,2021-04-20 09:12:06,Carlton Ave & Dean St,4199,Dean St & Franklin Ave,4107,40.680974,-73.971009,40.67759206937376,-73.955637216568,casual
203307,9859A5FC1A78B7D9,docked_bike,2021-04-06 14:22:59,2021-04-06 14:25:45,Carlton Ave & Dean St,4199,Bergen St & Vanderbilt Ave,4157,40.680974,-73.971009,40.6794388,-73.9680438,member
203706,18FBD01A6466CB1E,docked_bike,2021-04-13 07:06:52,2021-04-13 07:09:12,Carlton Ave & Dean St,4199,Bergen St & Vanderbilt Ave,4157,40.680974,-73.971009,40.6794388,-73.9680438,member
208662,61A707F11CC45531,docked_bike,2021-04-09 22:48:40,2021-04-09 22:57:41,Carlton Ave & Dean St,4199,Kane St & Clinton St,4455,40.680974,-73.971009,40.6861758,-73.99645295,casual
208705,6DE7FE783C82F565,docked_bike,2021-04-10 15:09:44,2021-04-10 15:22:33,Carlton Ave & Dean St,4199,Marcy Ave & Lafayette Ave,4476,40.680974,-73.97101,40.690082,-73.947915,casual
210300,17A9D97F3F2BF030,docked_bike,2021-04-22 07:48:45,2021-04-22 08:04:23,Carlton Ave & Dean St,4199,DeKalb Ave & Hudson Ave,4513,40.680974,-73.971009,40.689888,-73.981013,member
210341,9F8070BE1FF52E32,docked_bike,2021-04-09 18:48:43,2021-04-09 18:56:58,Carlton Ave & Dean St,4199,DeKalb Ave & Hudson Ave,4513,40.680974,-73.971009,40.689888,-73.981013,member
210996,DD07F300D250F30A,docked_bike,2021-04-20 17:15:08,2021-04-20 17:32:24,Carlton Ave & Dean St,4199,Greenwood Ave & E 4 St,3353,40.680974,-73.971009,40.650739,-73.977739,member
210999,75842C1D5DBDEA4D,docked_bike,2021-04-16 15:46:06,2021-04-16 16:22:55,Carlton Ave & Dean St,4199,DeKalb Ave & Hudson Ave,4513,40.680974,-73.971009,40.689888,-73.981013,member
211022,50173D3834B4EA18,docked_bike,2021-04-24 14:28:10,2021-04-24 14:38:15,Carlton Ave & Dean St,4199,DeKalb Ave & Hudson Ave,4513,40.680974,-73.971009,40.689888,-73.981013,member
211024,D6CC4B55C29F5934,docked_bike,2021-04-24 12:45:51,2021-04-24 13:01:39,Carlton Ave & Dean St,4199,Clinton St & Tillary St,4748,40.680974,-73.971009,40.69623297129316,-73.99142056703568,member
211035,8A88CD1955624ECD,docked_bike,2021-04-19 12:27:50,2021-04-19 12:40:07,Carlton Ave & Dean St,4199,DeKalb Ave & Hudson Ave,4513,40.680974,-73.971009,40.689888,-73.981013,member
213466,3D0984F3C918237C,docked_bike,2021-04-30 12:21:53,2021-04-30 12:31:09,Carlton Ave & Dean St,4199,DeKalb Ave & Hudson Ave,4513,40.680974,-73.971009,40.689888,-73.981013,member
213819,A1DDDEF881D3E992,docked_bike,2021-04-20 13:48:37,2021-04-20 13:55:13,Carlton Ave & Dean St,4199,DeKalb Ave & Hudson Ave,4513,40.680974,-73.971009,40.689888,-73.981013,member
213821,FCB37E0AED14F0ED,docked_bike,2021-04-04 18:49:48,2021-04-04 18:56:56,Carlton Ave & Dean St,4199,DeKalb Ave & Hudson Ave,4513,40.680974,-73.971009,40.689888,-73.981013,member
213824,839014A9E5146603,docked_bike,2021-04-27 07:48:16,2021-04-27 07:57:07,Carlton Ave & Dean St,4199,DeKalb Ave & Hudson Ave,4513,40.680974,-73.971009,40.689888,-73.981013,member
217631,891A7E1F41739E62,docked_bike,2021-04-29 17:41:15,2021-04-29 17:50:57,Carlton Ave & Dean St,4199,Cambridge Pl & Gates Ave,4377,40.680974,-73.971009,40.68488,-73.96304,member
217633,7A53E04A21195833,docked_bike,2021-04-19 07:11:21,2021-04-19 07:36:05,Carlton Ave & Dean St,4199,Van Brunt St & Wolcott St,4095,40.680974,-73.971009,40.6773429,-74.01275056,member
217637,B7889A91703D94C6,docked_bike,2021-04-01 13:49:11,2021-04-01 14:03:28,Carlton Ave & Dean St,4199,Cambridge Pl & Gates Ave,4377,40.680974,-73.971009,40.68488,-73.96304,member
217686,B03D4FF22716CBCD,docked_bike,2021-04-06 17:21:12,2021-04-06 17:32:40,Carlton Ave & Dean St,4199,Verona Pl & Fulton St,4124,40.680974,-73.971009,40.6803560840434,-73.9476791024208,member
218287,88358BE5317A4985,docked_bike,2021-04-17 11:14:44,2021-04-17 11:19:41,Carlton Ave & Dean St,4199,Cambridge Pl & Gates Ave,4377,40.680974,-73.971009,40.68488,-73.96304,member
220795,360D88EBD735CCE7,docked_bike,2021-04-19 23:19:37,2021-04-19 23:26:41,Carlton Ave & Dean St,4199,6 Ave & 9 St,3803,40.680974,-73.971009,40.668127,-73.98377641,member
224008,C7C2449F0AE5FE88,docked_bike,2021-04-16 16:09:01,2021-04-16 16:21:32,Carlton Ave & Dean St,4199,Greene Ave & Throop Ave,4510,40.680974,-73.971009,40.6894932,-73.942061,member
224011,C8AC4C006B811318,docked_bike,2021-04-19 09:39:59,2021-04-19 09:52:16,Carlton Ave & Dean St,4199,Greene Ave & Throop Ave,4510,40.680974,-73.971009,40.6894932,-73.942061,casual
224033,704A30A6915E434C,docked_bike,2021-04-20 20:26:52,2021-04-20 20:34:59,Carlton Ave & Dean St,4199,Franklin Ave & St Marks Ave,4107,40.680974,-73.971009,40.6758324,-73.9561677,member
224038,D29FC1356A0A9616,docked_bike,2021-04-09 14:38:40,2021-04-09 14:48:53,Carlton Ave & Dean St,4199,Greene Ave & Throop Ave,4510,40.680974,-73.971009,40.6894932,-73.942061,casual
224041,F9D085CD31882430,docked_bike,2021-04-12 09:43:03,2021-04-12 09:56:03,Carlton Ave & Dean St,4199,Greene Ave & Throop Ave,4510,40.680974,-73.971009,40.6894932,-73.942061,casual
224045,8F99EB58C6B4B9CE,docked_bike,2021-04-07 21:35:24,2021-04-07 21:46:47,Carlton Ave & Dean St,4199,Sterling Pl & Bedford Ave,3993,40.680974,-73.971009,40.672695,-73.954131,casual
224047,39A2E8660463ABD2,docked_bike,2021-04-29 07:08:50,2021-04-29 07:12:32,Carlton Ave & Dean St,4199,Bergen St & 4 Ave,4322,40.680974,-73.971009,40.68256425759694,-73.9798977971077,member
224050,EA3DD0EB388621CD,docked_bike,2021-04-13 22:42:57,2021-04-13 22:52:38,Carlton Ave & Dean St,4199,Sterling Pl & Bedford Ave,3993,40.680974,-73.971009,40.672695,-73.954131,member
224051,B28AE24045D52E40,docked_bike,2021-04-20 22:47:14,2021-04-20 22:55:59,Carlton Ave & Dean St,4199,Sterling Pl & Bedford Ave,3993,40.680974,-73.971009,40.672695,-73.954131,member
224052,D1B0E771080DFD42,docked_bike,2021-04-24 18:26:34,2021-04-24 18:37:02,Carlton Ave & Dean St,4199,Bergen St & 4 Ave,4322,40.680974,-73.971009,40.68256425759694,-73.9798977971077,member
224080,389C2D3F068D743E,docked_bike,2021-04-26 20:06:56,2021-04-26 20:12:07,Carlton Ave & Dean St,4199,Franklin Ave & St Marks Ave,4107,40.680974,-73.971009,40.6758324,-73.9561677,member
224081,865E54F2C5CBD082,docked_bike,2021-04-26 21:42:06,2021-04-26 21:47:16,Carlton Ave & Dean St,4199,Franklin Ave & St Marks Ave,4107,40.680974,-73.971009,40.6758324,-73.9561677,member
224087,F264F88AB11193C2,docked_bike,2021-04-27 07:13:28,2021-04-27 07:16:40,Carlton Ave & Dean St,4199,Bergen St & 4 Ave,4322,40.680974,-73.971009,40.68256425759694,-73.9798977971077,member
224088,5EA7E24C1602D4C1,docked_bike,2021-04-20 07:03:46,2021-04-20 07:06:28,Carlton Ave & Dean St,4199,Bergen St & 4 Ave,4322,40.680974,-73.971009,40.68256425759694,-73.9798977971077,member
224089,4DF39AFAE187296F,docked_bike,2021-04-07 19:03:32,2021-04-07 19:35:47,Carlton Ave & Dean St,4199,Greene Ave & Throop Ave,4510,40.680974,-73.971009,40.6894932,-73.942061,member
224091,75051704739A2055,docked_bike,2021-04-27 22:28:48,2021-04-27 22:36:14,Carlton Ave & Dean St,4199,Sterling Pl & Bedford Ave,3993,40.680974,-73.971009,40.672695,-73.954131,member
224103,9B4AB4A7E2574DC3,docked_bike,2021-04-22 10:53:03,2021-04-22 10:58:08,Carlton Ave & Dean St,4199,Bergen St & 4 Ave,4322,40.680974,-73.971009,40.68256425759694,-73.9798977971077,member
224105,9D3EAB3147D8DD93,docked_bike,2021-04-09 18:18:02,2021-04-09 18:52:51,Carlton Ave & Dean St,4199,University Pl & E 8 St,5755,40.680974,-73.971009,40.73143724085228,-73.99490341544151,member
224108,CBDA5DD0EE72EBFB,docked_bike,2021-04-24 10:53:08,2021-04-24 10:57:37,Carlton Ave & Dean St,4199,Bergen St & 4 Ave,4322,40.680974,-73.971009,40.68256425759694,-73.9798977971077,casual
224111,E02919A666FAAC36,docked_bike,2021-04-25 14:06:39,2021-04-25 14:17:20,Carlton Ave & Dean St,4199,Greene Ave & Throop Ave,4510,40.680974,-73.971009,40.6894932,-73.942061,casual
224144,F165E8709189AACC,docked_bike,2021-04-23 10:49:56,2021-04-23 10:59:18,Carlton Ave & Dean St,4199,Bergen St & 4 Ave,4322,40.680974,-73.971009,40.68256425759694,-73.9798977971077,member
224196,EB81C90031D0EFC5,docked_bike,2021-04-10 09:54:36,2021-04-10 10:03:34,Carlton Ave & Dean St,4199,Franklin Ave & St Marks Ave,4107,40.680974,-73.971009,40.6758324,-73.9561677,casual
224199,BFEBE197929F1BDF,docked_bike,2021-04-16 16:50:41,2021-04-16 17:03:35,Carlton Ave & Dean St,4199,Sterling Pl & Bedford Ave,3993,40.680974,-73.971009,40.672695,-73.954131,member
224203,C91BB94E292D38D1,docked_bike,2021-04-23 11:55:45,2021-04-23 12:45:15,Carlton Ave & Dean St,4199,Clinton St & Union St,4266,40.680974,-73.971009,40.6831164,-73.99785267,member
227962,9D783B6B004E3E1A,docked_bike,2021-04-09 15:02:47,2021-04-09 15:25:37,Carlton Ave & Dean St,4199,Broadway & Berry St,5164,40.680974,-73.97101,40.710446,-73.965251,member
228066,7EE465EB0BCAF901,docked_bike,2021-04-15 17:58:28,2021-04-15 18:25:54,Carlton Ave & Dean St,4199,46 Ave & 5 St,6286,40.680974,-73.971009,40.74731,-73.95451,member
242472,CB095538A499D430,docked_bike,2021-04-28 18:26:00,2021-04-28 18:55:23,Carlton Ave & Dean St,4199,University Pl & E 14 St,5905,40.680974,-73.971009,40.734814,-73.992085,casual
242479,C7B9520D3C9310A4,docked_bike,2021-04-14 17:52:36,2021-04-14 17:59:25,Carlton Ave & Dean St,4199,Berkeley Pl & 6 Ave,4134,40.680974,-73.971009,40.6765304,-73.97846879,member
242519,66A046710207E9DE,docked_bike,2021-04-12 12:13:14,2021-04-12 12:19:50,Carlton Ave & Dean St,4199,Berkeley Pl & 6 Ave,4134,40.680974,-73.971009,40.6765304,-73.97846879,member
242532,E04C2F193CAF608A,docked_bike,2021-04-14 17:56:07,2021-04-14 18:02:59,Carlton Ave & Dean St,4199,Berkeley Pl & 6 Ave,4134,40.680974,-73.971009,40.6765304,-73.97846879,member
242591,E395F02F93E03EE3,docked_bike,2021-04-20 20:29:18,2021-04-20 20:56:47,Carlton Ave & Dean St,4199,Broadway & Roebling St,5125,40.680974,-73.971009,40.70924826276157,-73.96063148975372,casual
249401,5308D32AD73B4C8D,docked_bike,2021-04-09 16:30:29,2021-04-09 16:44:07,Carlton Ave & Dean St,4199,11 Ave & Prospect Ave,3538,40.680974,-73.971009,40.65629,-73.977335,member
249410,21FC5DCFC4B1E102,docked_bike,2021-04-20 18:52:57,2021-04-20 19:24:36,Carlton Ave & Dean St,4199,McGuinness Blvd & Eagle St,5977,40.680974,-73.971009,40.73555,-73.95284,member
260354,B2985A95CBBE8ED0,docked_bike,2021-04-26 16:09:51,2021-04-26 16:37:29,Carlton Ave & Dean St,4199,Barclay St & Church St,5216,40.680974,-73.971009,40.71291224,-74.01020234,member
268609,C7BF0892B4ACDC57,docked_bike,2021-04-24 09:56:07,2021-04-24 10:10:23,Carlton Ave & Dean St,4199,10 St & 7 Ave,3762,40.680974,-73.971009,40.6662078,-73.98199886,member
268610,A1A4AC1BB096B195,docked_bike,2021-04-28 10:49:13,2021-04-28 11:01:24,Carlton Ave & Dean St,4199,10 St & 7 Ave,3762,40.680974,-73.971009,40.6662078,-73.98199886,member
268627,53CBDE94A36E9A46,docked_bike,2021-04-28 10:49:06,2021-04-28 11:01:29,Carlton Ave & Dean St,4199,10 St & 7 Ave,3762,40.680974,-73.971009,40.6662078,-73.98199886,member
269414,BA7EFD0EFFCB0315,docked_bike,2021-04-24 17:00:51,2021-04-24 17:15:51,Carlton Ave & Dean St,4199,10 St & 7 Ave,3762,40.680974,-73.971009,40.6662078,-73.98199886,casual
270323,75D07954E4074126,docked_bike,2021-04-24 17:00:36,2021-04-24 17:16:04,Carlton Ave & Dean St,4199,10 St & 7 Ave,3762,40.680974,-73.971009,40.6662078,-73.98199886,member
270326,C3BDC8A6383C5E17,docked_bike,2021-04-30 23:33:16,2021-04-30 23:41:50,Carlton Ave & Dean St,4199,10 St & 7 Ave,3762,40.680974,-73.971009,40.6662078,-73.98199886,member
272317,15F9B7513CE1A8C4,docked_bike,2021-04-02 22:26:10,2021-04-02 22:29:52,Carlton Ave & Dean St,4199,Bergen St & Flatbush Ave,4281,40.680974,-73.971009,40.680944723477296,-73.97567331790923,member
272319,D31DCB5D34EAD156,docked_bike,2021-04-21 09:12:43,2021-04-21 09:20:21,Carlton Ave & Dean St,4199,Douglass St & 3 Ave,4217,40.680974,-73.971009,40.6802133,-73.98432695,casual
272320,109F703D20EBA03C,docked_bike,2021-04-18 14:43:56,2021-04-18 14:54:37,Carlton Ave & Dean St,4199,Douglass St & 3 Ave,4217,40.680974,-73.971009,40.6802133,-73.98432695,member
272321,9295AB15349278B5,docked_bike,2021-04-18 14:45:59,2021-04-18 14:54:48,Carlton Ave & Dean St,4199,Douglass St & 3 Ave,4217,40.680974,-73.971009,40.6802133,-73.98432695,member
272325,ACE59377796925C7,docked_bike,2021-04-19 18:36:19,2021-04-19 18:39:54,Carlton Ave & Dean St,4199,Bergen St & Flatbush Ave,4281,40.680974,-73.971009,40.680944723477296,-73.97567331790923,member
272334,3474E86B4B32EB26,docked_bike,2021-04-03 14:03:45,2021-04-03 14:07:18,Carlton Ave & Dean St,4199,Bergen St & Flatbush Ave,4281,40.680974,-73.971009,40.680944723477296,-73.97567331790923,member
272335,6A36B0EB51A4FB3E,docked_bike,2021-04-10 14:14:53,2021-04-10 14:18:00,Carlton Ave & Dean St,4199,Bergen St & Flatbush Ave,4281,40.680974,-73.971009,40.680944723477296,-73.97567331790923,member
272336,2437EFBEB3DB87DD,docked_bike,2021-04-23 14:09:39,2021-04-23 14:12:14,Carlton Ave & Dean St,4199,Bergen St & Flatbush Ave,4281,40.680974,-73.971009,40.680944723477296,-73.97567331790923,member
272340,D62FC2E184E3B269,docked_bike,2021-04-08 15:12:01,2021-04-08 15:27:35,Carlton Ave & Dean St,4199,Bergen St & Flatbush Ave,4281,40.680974,-73.971009,40.680944723477296,-73.97567331790923,casual
272350,56C1E81582F58FAC,docked_bike,2021-04-12 11:40:14,2021-04-12 11:44:14,Carlton Ave & Dean St,4199,Bergen St & Flatbush Ave,4281,40.680974,-73.971009,40.680944723477296,-73.97567331790923,member
272352,B8682FD90C9479F9,docked_bike,2021-04-30 11:47:56,2021-04-30 11:52:16,Carlton Ave & Dean St,4199,Bergen St & Flatbush Ave,4281,40.680974,-73.971009,40.680944723477296,-73.97567331790923,member
272358,2DCCFD915A05AFF7,docked_bike,2021-04-10 14:28:50,2021-04-10 14:36:39,Carlton Ave & Dean St,4199,Bergen St & Flatbush Ave,4281,40.680974,-73.971009,40.680944723477296,-73.97567331790923,casual
272369,65EECAB769CE3833,docked_bike,2021-04-14 14:36:58,2021-04-14 14:51:17,Carlton Ave & Dean St,4199,Douglass St & 3 Ave,4217,40.680974,-73.971009,40.6802133,-73.98432695,member
272412,E3FA1AD1B65B25D0,docked_bike,2021-04-03 19:33:08,2021-04-03 19:37:46,Carlton Ave & Dean St,4199,Bergen St & Flatbush Ave,4281,40.680974,-73.97101,40.680945,-73.975673,member
272427,3C8C34607085CB14,docked_bike,2021-04-28 17:11:28,2021-04-28 17:14:10,Carlton Ave & Dean St,4199,Bergen St & Flatbush Ave,4281,40.680974,-73.971009,40.680944723477296,-73.97567331790923,member
272430,80038525FF4EE507,docked_bike,2021-04-13 15:50:57,2021-04-13 15:54:04,Carlton Ave & Dean St,4199,Bergen St & Flatbush Ave,4281,40.680974,-73.971009,40.680944723477296,-73.97567331790923,member
280066,5A554348E18391D2,docked_bike,2021-04-22 18:41:53,2021-04-22 18:51:07,Carlton Ave & Dean St,4199,4 Ave & 9 St,3955,40.680974,-73.971009,40.6705135,-73.98876585,casual
280091,979D49E6491E5B5B,docked_bike,2021-04-17 21:50:26,2021-04-17 22:34:41,Carlton Ave & Dean St,4199,12 Ave & W 40 St,6765,40.680974,-73.971009,40.76087502,-74.00277668,member
292260,18BAA3DECB283240,docked_bike,2021-04-28 15:32:45,2021-04-28 15:56:17,Carlton Ave & Dean St,4199,Monroe St & Bedford Ave,4368,40.680974,-73.97101,40.685144,-73.953809,member
292261,C8AC2F77D4C85B6C,docked_bike,2021-04-10 11:59:13,2021-04-10 12:08:33,Carlton Ave & Dean St,4199,Monroe St & Bedford Ave,4368,40.680974,-73.97101,40.685144,-73.953809,member
299624,54DF18061DDCC7A0,docked_bike,2021-04-19 14:57:24,2021-04-19 15:12:54,Carlton Ave & Dean St,4199,Macon St & Nostrand Ave,4214,40.680974,-73.971009,40.6809833854,-73.9500479759,casual
299640,C9B113D4A2F3895E,docked_bike,2021-04-19 16:23:13,2021-04-19 16:32:35,Carlton Ave & Dean St,4199,Macon St & Nostrand Ave,4214,40.680974,-73.971009,40.6809833854,-73.9500479759,member
299670,55296611886878B5,docked_bike,2021-04-09 10:32:11,2021-04-09 10:46:06,Carlton Ave & Dean St,4199,Macon St & Nostrand Ave,4214,40.680974,-73.971009,40.6809833854,-73.9500479759,member
299737,841A3024C7BE4B42,docked_bike,2021-04-23 19:42:50,2021-04-23 19:53:42,Carlton Ave & Dean St,4199,Macon St & Nostrand Ave,4214,40.680974,-73.971009,40.6809833854,-73.9500479759,member
303119,097F021FFE53C555,docked_bike,2021-04-23 13:14:40,2021-04-23 13:21:39,Carlton Ave & Dean St,4199,Grand Ave & Bergen St,4190,40.680974,-73.971009,40.678045,-73.962408,casual
303124,87E26CBC199F18F1,docked_bike,2021-04-17 18:57:22,2021-04-17 19:04:54,Carlton Ave & Dean St,4199,Washington Ave & Greene Ave,4419,40.680974,-73.971009,40.68650065,-73.96563307,member
303130,9FCECFC458835C89,docked_bike,2021-04-09 14:51:25,2021-04-09 14:55:05,Carlton Ave & Dean St,4199,Fulton St & Clermont Ave,4386,40.680974,-73.971009,40.68415748,-73.96922273,member
303133,EEB7781AC258F7A3,docked_bike,2021-04-08 09:27:02,2021-04-08 09:32:11,Carlton Ave & Dean St,4199,Washington Ave & Greene Ave,4419,40.680974,-73.971009,40.68650065,-73.96563307,member
303139,F9BC10AADA57FB57,docked_bike,2021-04-17 16:43:02,2021-04-17 16:50:06,Carlton Ave & Dean St,4199,Grand Ave & Bergen St,4190,40.680974,-73.971009,40.678045,-73.962408,member
303143,DFBFE30ADBFB76A9,docked_bike,2021-04-08 08:54:32,2021-04-08 08:56:57,Carlton Ave & Dean St,4199,Fulton St & Clermont Ave,4386,40.680974,-73.971009,40.68415748,-73.96922273,member
303146,39C52BCCE2F1B716,docked_bike,2021-04-13 12:07:08,2021-04-13 12:12:33,Carlton Ave & Dean St,4199,Grand Ave & Bergen St,4190,40.680974,-73.971009,40.678045,-73.962408,member
303147,8A443F36D5A5BA16,docked_bike,2021-04-21 19:17:50,2021-04-21 19:22:17,Carlton Ave & Dean St,4199,Washington Ave & Greene Ave,4419,40.680974,-73.971009,40.68650065,-73.96563307,member
303159,6970C5C933039877,docked_bike,2021-04-18 23:23:00,2021-04-18 23:39:12,Carlton Ave & Dean St,4199,Lorimer St & Broadway,4965,40.680974,-73.971009,40.70411791,-73.94818595,member
303162,906B5DC782B11C50,docked_bike,2021-04-23 11:07:01,2021-04-23 11:13:44,Carlton Ave & Dean St,4199,Grand Ave & Bergen St,4190,40.680974,-73.971009,40.678045,-73.962408,member
303164,2C6DE54DBEE764DC,docked_bike,2021-04-18 12:52:45,2021-04-18 12:57:40,Carlton Ave & Dean St,4199,Grand Ave & Bergen St,4190,40.680974,-73.971009,40.678045,-73.962408,member
303167,05380D2C40B39FE0,docked_bike,2021-04-04 15:21:13,2021-04-04 17:19:52,Carlton Ave & Dean St,4199,Fulton St & Clermont Ave,4386,40.680974,-73.97101,40.684157,-73.969223,casual
303170,583E0830BB0FFBFB,docked_bike,2021-04-24 14:27:12,2021-04-24 14:41:48,Carlton Ave & Dean St,4199,West Drive & Prospect Park West,3651,40.680974,-73.971009,40.6610633719006,-73.97945255041122,casual
303175,F1F0E29413EE97E3,docked_bike,2021-04-01 12:49:30,2021-04-01 12:52:26,Carlton Ave & Dean St,4199,Fulton St & Clermont Ave,4386,40.680974,-73.97101,40.684157,-73.969223,member
303206,F1785A87E1D0EC0E,docked_bike,2021-04-11 10:05:29,2021-04-11 10:08:23,Carlton Ave & Dean St,4199,Fulton St & Clermont Ave,4386,40.680974,-73.97101,40.684157,-73.969223,member
303207,1213D1062E0EEB1C,docked_bike,2021-04-25 20:58:10,2021-04-25 21:06:56,Carlton Ave & Dean St,4199,West Drive & Prospect Park West,3651,40.680974,-73.971009,40.6610633719006,-73.97945255041122,casual
306589,FCEE9668ADE59655,docked_bike,2021-04-19 09:12:59,2021-04-19 09:19:13,Carlton Ave & Dean St,4199,Washington Ave & Greene Ave,4419,40.680974,-73.971009,40.68650065,-73.96563307,member
306592,0BDAB739D21BB687,docked_bike,2021-04-20 18:16:18,2021-04-20 18:20:33,Carlton Ave & Dean St,4199,Grand Ave & Bergen St,4190,40.680974,-73.971009,40.678045,-73.962408,member
306593,9BE09CC8B704241D,docked_bike,2021-04-06 15:30:23,2021-04-06 15:42:40,Carlton Ave & Dean St,4199,West Drive & Prospect Park West,3651,40.680974,-73.971009,40.6610633719006,-73.97945255041122,member
306601,CE60775A29D90C82,docked_bike,2021-04-29 12:19:37,2021-04-29 12:22:56,Carlton Ave & Dean St,4199,Grand Ave & Bergen St,4190,40.680974,-73.971009,40.678045,-73.962408,member
306605,5117EE18B8EA8A87,docked_bike,2021-04-16 08:37:58,2021-04-16 08:47:11,Carlton Ave & Dean St,4199,West Drive & Prospect Park West,3651,40.680974,-73.971009,40.6610633719006,-73.97945255041122,member
306606,59DCFC51E5AF7665,docked_bike,2021-04-27 08:49:02,2021-04-27 09:33:44,Carlton Ave & Dean St,4199,William St & Pine St,5065,40.680974,-73.971009,40.70717936,-74.00887308,casual
306611,2F95C0E670F75B13,docked_bike,2021-04-14 17:06:34,2021-04-14 17:14:19,Carlton Ave & Dean St,4199,Fulton St & Clermont Ave,4386,40.680974,-73.971009,40.68415748,-73.96922273,member
306636,A5864AAAC6750A42,docked_bike,2021-04-25 00:04:19,2021-04-25 00:09:37,Carlton Ave & Dean St,4199,Washington Ave & Greene Ave,4419,40.680974,-73.971009,40.68650065,-73.96563307,member
306638,034E8EAB33B313D1,docked_bike,2021-04-14 17:49:04,2021-04-14 17:52:51,Carlton Ave & Dean St,4199,Grand Ave & Bergen St,4190,40.680974,-73.971009,40.678045,-73.962408,member
306642,46CC4C91FEA2B024,docked_bike,2021-04-02 14:51:13,2021-04-02 14:54:21,Carlton Ave & Dean St,4199,Fulton St & Clermont Ave,4386,40.680974,-73.971009,40.68415748,-73.96922273,member
306656,FADC3A6EF12F9F0A,docked_bike,2021-04-02 18:06:07,2021-04-02 18:11:06,Carlton Ave & Dean St,4199,Grand Ave & Bergen St,4190,40.680974,-73.971009,40.678045,-73.962408,member
306659,B180AF66EB747E8E,docked_bike,2021-04-01 13:20:30,2021-04-01 13:23:46,Carlton Ave & Dean St,4199,Fulton St & Clermont Ave,4386,40.680974,-73.971009,40.68415748,-73.96922273,member
310043,416D66010A1FDE24,docked_bike,2021-04-30 14:20:00,2021-04-30 14:32:50,Carlton Ave & Dean St,4199,West Drive & Prospect Park West,3651,40.680974,-73.971009,40.6610633719006,-73.97945255041122,member
310051,2007C49066233877,docked_bike,2021-04-11 19:09:55,2021-04-11 19:13:09,Carlton Ave & Dean St,4199,Fulton St & Clermont Ave,4386,40.680974,-73.971009,40.68415748,-73.96922273,casual
310052,FB10C1564D41026E,docked_bike,2021-04-10 14:05:58,2021-04-10 14:08:22,Carlton Ave & Dean St,4199,Fulton St & Clermont Ave,4386,40.680974,-73.971009,40.68415748,-73.96922273,member
310057,F75C68FC080352C6,docked_bike,2021-04-18 15:22:53,2021-04-18 15:27:52,Carlton Ave & Dean St,4199,Washington Ave & Greene Ave,4419,40.680974,-73.971009,40.68650065,-73.96563307,member
310061,90C1F875A12A1AFB,docked_bike,2021-04-25 19:38:19,2021-04-25 19:42:08,Carlton Ave & Dean St,4199,Grand Ave & Bergen St,4190,40.680974,-73.971009,40.678045,-73.962408,member
311089,6E68544187E36450,docked_bike,2021-04-25 13:50:23,2021-04-25 14:23:13,Carlton Ave & Dean St,4199,Columbia St & Kane St,4422,40.680974,-73.971009,40.68763155,-74.0016256,member
314626,204BB8209C8BB427,docked_bike,2021-04-04 16:37:20,2021-04-04 16:44:06,Carlton Ave & Dean St,4199,DeKalb Ave & S Portland Ave,4546,40.680974,-73.971009,40.68981035,-73.97493121,casual
314631,DAEF5598F85AFE0E,docked_bike,2021-04-06 09:42:20,2021-04-06 10:13:52,Carlton Ave & Dean St,4199,E 23 St & 1 Ave,5929,40.680974,-73.97101,40.736502,-73.978095,member
314733,08B3D337794C7F1F,docked_bike,2021-04-26 13:52:13,2021-04-26 13:57:47,Carlton Ave & Dean St,4199,DeKalb Ave & S Portland Ave,4546,40.680974,-73.971009,40.68981035,-73.97493121,member
314734,217466F113D0595D,docked_bike,2021-04-09 08:42:04,2021-04-09 08:44:50,Carlton Ave & Dean St,4199,Underhill Ave & Pacific St,4231,40.680974,-73.97101,40.680484,-73.96468,member
314740,4AFA691DE4BE223D,docked_bike,2021-04-04 14:22:55,2021-04-04 14:29:06,Carlton Ave & Dean St,4199,DeKalb Ave & S Portland Ave,4546,40.680974,-73.971009,40.68981035,-73.97493121,member
314747,F5E34D2BC15C6D6F,docked_bike,2021-04-05 21:27:37,2021-04-05 21:31:15,Carlton Ave & Dean St,4199,DeKalb Ave & S Portland Ave,4546,40.680974,-73.971009,40.68981035,-73.97493121,member
314756,E86D0D1E7FBA8B1E,docked_bike,2021-04-12 14:38:55,2021-04-12 14:44:25,Carlton Ave & Dean St,4199,DeKalb Ave & S Portland Ave,4546,40.680974,-73.97101,40.68981,-73.974931,member
314760,60C0D8C56FA79A29,docked_bike,2021-04-29 16:46:54,2021-04-29 16:49:51,Carlton Ave & Dean St,4199,Underhill Ave & Pacific St,4231,40.680974,-73.971009,40.6804836,-73.9646795,member
314762,7F65FF3272B22A95,docked_bike,2021-04-30 20:34:01,2021-04-30 20:38:02,Carlton Ave & Dean St,4199,DeKalb Ave & S Portland Ave,4546,40.680974,-73.971009,40.68981035,-73.97493121,member
314772,7035CEFEEE1AF946,docked_bike,2021-04-04 12:51:13,2021-04-04 13:07:46,Carlton Ave & Dean St,4199,Underhill Ave & Pacific St,4231,40.680974,-73.971009,40.6804836,-73.9646795,member
314783,34158C73D5890DFD,docked_bike,2021-04-23 23:45:04,2021-04-23 23:51:42,Carlton Ave & Dean St,4199,Underhill Ave & Pacific St,4231,40.680974,-73.971009,40.6804836,-73.9646795,member
314864,95D1A710665E5912,docked_bike,2021-04-27 09:13:42,2021-04-27 10:02:30,Carlton Ave & Dean St,4199,E 23 St & 1 Ave,5929,40.680974,-73.971009,40.736502,-73.97809472,casual
319358,5EF13B2F9FE48E4A,docked_bike,2021-04-23 13:27:24,2021-04-23 13:34:13,Carlton Ave & Dean St,4199,DeKalb Ave & S Portland Ave,4546,40.680974,-73.971009,40.68981035,-73.97493121,member
319363,DCC0B06AB8C3470C,docked_bike,2021-04-26 15:41:37,2021-04-26 16:11:35,Carlton Ave & Dean St,4199,Onderdonk Ave & Gates Ave,4994,40.680974,-73.971009,40.70413,-73.90737,member
319369,9C8AEED1DB700F0E,docked_bike,2021-04-19 19:09:58,2021-04-19 19:14:46,Carlton Ave & Dean St,4199,DeKalb Ave & S Portland Ave,4546,40.680974,-73.971009,40.68981035,-73.97493121,member
319370,CDFE8CB16D388041,docked_bike,2021-04-13 18:52:09,2021-04-13 18:56:08,Carlton Ave & Dean St,4199,DeKalb Ave & S Portland Ave,4546,40.680974,-73.971009,40.68981035,-73.97493121,member
319379,4D027B56284E6D0A,docked_bike,2021-04-20 20:56:28,2021-04-20 21:03:07,Carlton Ave & Dean St,4199,DeKalb Ave & S Portland Ave,4546,40.680974,-73.971009,40.68981035,-73.97493121,member
319386,957F10504E99A3B7,docked_bike,2021-04-08 11:48:40,2021-04-08 11:54:37,Carlton Ave & Dean St,4199,DeKalb Ave & S Portland Ave,4546,40.680974,-73.971009,40.68981035,-73.97493121,member
319402,3A14B8FC12B1F66C,docked_bike,2021-04-18 21:13:49,2021-04-18 21:18:32,Carlton Ave & Dean St,4199,Underhill Ave & Pacific St,4231,40.680974,-73.971009,40.6804836,-73.9646795,member
319501,310A4C18348E986D,docked_bike,2021-04-02 16:42:15,2021-04-02 16:46:13,Carlton Ave & Dean St,4199,Underhill Ave & Pacific St,4231,40.680974,-73.971009,40.6804836,-73.9646795,member
322496,F630C5F9F0B629FA,docked_bike,2021-04-16 18:19:38,2021-04-16 18:23:15,Carlton Ave & Dean St,4199,Underhill Ave & Pacific St,4231,40.680974,-73.971009,40.6804836,-73.9646795,member
322504,CE9AA8D8808E968E,docked_bike,2021-04-02 17:19:04,2021-04-02 17:21:40,Carlton Ave & Dean St,4199,Underhill Ave & Pacific St,4231,40.680974,-73.971009,40.6804836,-73.9646795,member
322506,34398AAB0AB9F0C4,docked_bike,2021-04-05 18:22:08,2021-04-05 18:45:39,Carlton Ave & Dean St,4199,W Broadway & Spring St,5569,40.680974,-73.971009,40.72494672359416,-74.00165855884552,member
323120,84007F9435176710,docked_bike,2021-04-07 17:11:22,2021-04-07 17:16:11,Carlton Ave & Dean St,4199,Underhill Ave & Pacific St,4231,40.680974,-73.971009,40.6804836,-73.9646795,member
323121,39065DEEBC83563F,docked_bike,2021-04-27 07:47:02,2021-04-27 07:53:13,Carlton Ave & Dean St,4199,DeKalb Ave & S Portland Ave,4546,40.680974,-73.971009,40.68981035,-73.97493121,member
323123,E5DD0188AE0A4419,docked_bike,2021-04-04 16:37:14,2021-04-04 16:44:05,Carlton Ave & Dean St,4199,DeKalb Ave & S Portland Ave,4546,40.680974,-73.971009,40.68981035,-73.97493121,member
323396,FFE1E0ABB3C11ACE,docked_bike,2021-04-15 08:36:52,2021-04-15 08:44:10,Carlton Ave & Dean St,4199,DeKalb Ave & S Portland Ave,4546,40.680974,-73.971009,40.68981035,-73.97493121,casual
323397,BB6284853B7475AE,docked_bike,2021-04-08 14:56:17,2021-04-08 14:59:41,Carlton Ave & Dean St,4199,Underhill Ave & Pacific St,4231,40.680974,-73.971009,40.6804836,-73.9646795,member
323402,18F96FCCD3C0F9BF,docked_bike,2021-04-05 16:25:31,2021-04-05 16:57:42,Carlton Ave & Dean St,4199,Onderdonk Ave & Gates Ave,4994,40.680974,-73.971009,40.70413,-73.90737,member
323405,7F54BA8474A626BB,docked_bike,2021-04-10 16:21:42,2021-04-10 16:52:53,Carlton Ave & Dean St,4199,Underhill Ave & Pacific St,4231,40.680974,-73.971009,40.6804836,-73.9646795,member
329225,70A89676131BE67C,docked_bike,2021-04-24 14:58:34,2021-04-24 16:53:45,Carlton Ave & Dean St,4199,Washington Park,4546,40.680974,-73.971009,40.6917823,-73.9737299,casual
329235,4262313A7987FD4C,docked_bike,2021-04-30 09:12:06,2021-04-30 09:19:31,Carlton Ave & Dean St,4199,Washington Park,4546,40.680974,-73.971009,40.6917823,-73.9737299,member
329236,D7AB0868E305F0A7,docked_bike,2021-04-29 11:19:50,2021-04-29 11:25:11,Carlton Ave & Dean St,4199,Washington Park,4546,40.680974,-73.971009,40.6917823,-73.9737299,member
329237,E82755FB919607AF,docked_bike,2021-04-07 07:36:43,2021-04-07 07:43:10,Carlton Ave & Dean St,4199,Washington Park,4546,40.680974,-73.971009,40.6917823,-73.9737299,member
329238,66FC8B736D858ADD,docked_bike,2021-04-15 11:14:39,2021-04-15 11:20:17,Carlton Ave & Dean St,4199,Washington Park,4546,40.680974,-73.971009,40.6917823,-73.9737299,member
330697,8CC7D95E925D96C8,docked_bike,2021-04-13 15:25:13,2021-04-13 15:32:41,Carlton Ave & Dean St,4199,Washington Park,4546,40.680974,-73.971009,40.6917823,-73.9737299,member
330699,0BBCD42FC0682326,docked_bike,2021-04-24 14:29:20,2021-04-24 14:39:28,Carlton Ave & Dean St,4199,Washington Park,4546,40.680974,-73.971009,40.6917823,-73.9737299,member
330700,9DB1A25361070FC4,docked_bike,2021-04-20 15:54:54,2021-04-20 16:01:37,Carlton Ave & Dean St,4199,Clermont Ave & Lafayette Ave,4461,40.680974,-73.971009,40.68764484,-73.96968902,member
330817,A3F3DC68FDB52B73,docked_bike,2021-04-09 18:56:56,2021-04-09 19:00:28,Carlton Ave & Dean St,4199,Clermont Ave & Lafayette Ave,4461,40.680974,-73.971009,40.68764484,-73.96968902,member
330818,9BBDF8DAFB4F5D30,docked_bike,2021-04-10 08:52:06,2021-04-10 08:58:11,Carlton Ave & Dean St,4199,Washington Park,4546,40.680974,-73.971009,40.6917823,-73.9737299,member
334791,FF6BD35CDDC541CB,docked_bike,2021-04-25 19:20:54,2021-04-25 19:54:15,Carlton Ave & Dean St,4199,Bank St & Hudson St,5922,40.680974,-73.971009,40.73652889,-74.00618026,member
334803,D22087CF2BD54B4C,docked_bike,2021-04-26 22:41:44,2021-04-26 23:07:39,Carlton Ave & Dean St,4199,Union St & Bedford Ave,3879,40.680974,-73.971009,40.6691783,-73.9554162,casual
338061,2610DD49D6803F29,docked_bike,2021-04-17 17:21:14,2021-04-17 17:24:02,Carlton Ave & Dean St,4199,S Portland Ave & Hanson Pl,4354,40.680974,-73.971009,40.68539567,-73.97431458,member
338065,526921DC7EEDE22D,docked_bike,2021-04-13 17:54:01,2021-04-13 18:15:00,Carlton Ave & Dean St,4199,Somers St & Broadway,4203,40.680974,-73.971009,40.67945,-73.90474,member
338067,4F44B85BDF83E4C8,docked_bike,2021-04-06 15:48:38,2021-04-06 16:10:28,Carlton Ave & Dean St,4199,Somers St & Broadway,4203,40.680974,-73.971009,40.67945,-73.90474,member
338068,A0414F50D1BF9AE0,docked_bike,2021-04-17 20:23:06,2021-04-17 20:47:32,Carlton Ave & Dean St,4199,Somers St & Broadway,4203,40.680974,-73.971009,40.67945,-73.90474,member
340444,E1DE0BA2BBB8D89F,docked_bike,2021-04-14 10:25:27,2021-04-14 10:59:40,Carlton Ave & Dean St,4199,5 Ave & E 29 St,6248,40.680974,-73.971009,40.7451677,-73.98683077,member
340447,CD2D1240BFBF3133,docked_bike,2021-04-10 18:35:08,2021-04-10 18:43:43,Carlton Ave & Dean St,4199,Lafayette Ave & St James Pl,4494,40.680974,-73.971009,40.68851534,-73.9647628,casual
340448,4C42AB577F70EB24,docked_bike,2021-04-02 16:08:41,2021-04-02 16:15:35,Carlton Ave & Dean St,4199,Lafayette Ave & St James Pl,4494,40.680974,-73.971009,40.68851534,-73.9647628,member
340452,0DD6C2E33113F078,docked_bike,2021-04-08 18:40:46,2021-04-08 18:50:25,Carlton Ave & Dean St,4199,3 St & 3 Ave,4028,40.680974,-73.971009,40.6750705,-73.98775226,member
340454,2E6FEB7C8C6E2D90,docked_bike,2021-04-29 17:22:00,2021-04-29 17:58:50,Carlton Ave & Dean St,4199,W 22 St & 10 Ave,6306,40.680974,-73.971009,40.74691959,-74.00451887,member
340456,196BB660260FD994,docked_bike,2021-04-27 16:52:53,2021-04-27 17:23:14,Carlton Ave & Dean St,4199,Greenpoint Ave & Manhattan Ave,5785,40.680974,-73.971009,40.73026,-73.95394,member
344546,516320865EE552AE,docked_bike,2021-04-29 11:48:58,2021-04-29 11:52:57,Carlton Ave & Dean St,4199,Hanson Pl & Ashland Pl,4395,40.680974,-73.971009,40.68506807308177,-73.97790759801863,member
344559,722E98E1AC904AEB,docked_bike,2021-04-29 18:57:12,2021-04-29 19:02:58,Carlton Ave & Dean St,4199,Hanson Pl & Ashland Pl,4395,40.680974,-73.971009,40.68506807308177,-73.97790759801863,member
344563,7EE78F77557609A8,docked_bike,2021-04-27 11:58:46,2021-04-27 12:08:36,Carlton Ave & Dean St,4199,Dock 72 Way & Market St,4804,40.680974,-73.971009,40.69985,-73.97141,member
346462,248C7DB6B24784F4,docked_bike,2021-04-30 15:51:31,2021-04-30 15:57:45,Carlton Ave & Dean St,4199,St Johns Pl & Washington Ave,4001,40.680974,-73.971009,40.6737236,-73.9631611,member
346463,35E6B8ADA81CF2FE,docked_bike,2021-04-05 08:23:20,2021-04-05 08:28:46,Carlton Ave & Dean St,4199,St Johns Pl & Washington Ave,4001,40.680974,-73.971009,40.6737236,-73.9631611,member
346464,5213AD86B14BBFDC,docked_bike,2021-04-08 15:19:17,2021-04-08 15:24:10,Carlton Ave & Dean St,4199,St Johns Pl & Washington Ave,4001,40.680974,-73.971009,40.6737236,-73.9631611,member
346465,D9D5214036482230,docked_bike,2021-04-18 19:06:54,2021-04-18 19:11:37,Carlton Ave & Dean St,4199,St Johns Pl & Washington Ave,4001,40.680974,-73.971009,40.6737236,-73.9631611,member
346466,1BEADC73772F74BB,docked_bike,2021-04-27 19:22:25,2021-04-27 19:30:08,Carlton Ave & Dean St,4199,St Johns Pl & Washington Ave,4001,40.680974,-73.971009,40.6737236,-73.9631611,member
346497,252F740073162BBB,docked_bike,2021-04-04 12:56:07,2021-04-04 13:05:05,Carlton Ave & Dean St,4199,St Johns Pl & Washington Ave,4001,40.680974,-73.971009,40.6737236,-73.9631611,member
348050,8D2A0028E64F6A48,docked_bike,2021-04-26 17:56:16,2021-04-26 18:16:00,Carlton Ave & Dean St,4199,Kent Ave & S 11 St,5062,40.680974,-73.971009,40.707644944175705,-73.96841526031494,casual
348075,D966BEC10EE085C6,docked_bike,2021-04-20 17:16:30,2021-04-20 17:36:25,Carlton Ave & Dean St,4199,Kent Ave & S 11 St,5062,40.680974,-73.971009,40.707644944175705,-73.96841526031494,casual
348088,F263344661AF9DB3,docked_bike,2021-04-24 15:14:22,2021-04-24 15:30:25,Carlton Ave & Dean St,4199,Kent Ave & S 11 St,5062,40.680974,-73.971009,40.707644944175705,-73.96841526031494,casual
348091,9024E0878E599957,docked_bike,2021-04-23 21:43:58,2021-04-23 22:15:15,Carlton Ave & Dean St,4199,Woodward Ave & Harman St,5074,40.680974,-73.971009,40.70793,-73.91092,casual
348967,D613FF08F6E21B76,docked_bike,2021-04-06 17:15:28,2021-04-06 17:19:24,Fulton St & Waverly Ave,4345,Carlton Ave & Dean St,4199,40.683238,-73.965995,40.6809741,-73.9710097,member
348969,9E95AFC2E1DBB797,docked_bike,2021-04-23 17:06:06,2021-04-23 17:51:16,E 17 St & Broadway,5980,Carlton Ave & Dean St,4199,40.737049,-73.990092,40.6809741,-73.9710097,member
349033,F6625F767AAF54C1,docked_bike,2021-04-20 15:10:49,2021-04-20 15:24:21,Carlton Ave & Park Ave,4732,Carlton Ave & Dean St,4199,40.695807,-73.973555,40.6809741,-73.9710097,member
349035,271A55DAA826D214,docked_bike,2021-04-16 11:54:54,2021-04-16 12:15:38,McKibbin St & Manhattan Ave,4996,Carlton Ave & Dean St,4199,40.705109,-73.944072,40.6809741,-73.9710097,member
349056,0CDA98E4B3F8861C,docked_bike,2021-04-23 10:43:51,2021-04-23 10:57:35,President St & Henry St,4307,Carlton Ave & Dean St,4199,40.6828,-73.999904,40.6809741,-73.9710097,member
349068,A6F2E562D860BF00,docked_bike,2021-04-25 16:36:18,2021-04-25 16:54:43,Grove St & Broadway,4526,Carlton Ave & Dean St,4199,40.69047,-73.923511,40.6809741,-73.9710097,member
349084,6CA2EE598BFE8F24,docked_bike,2021-04-17 23:25:45,2021-04-17 23:33:04,Hancock St & Bedford Ave,4255,Carlton Ave & Dean St,4199,40.682165,-73.95399,40.6809741,-73.9710097,member
349085,1BE6F6BB419F08A8,docked_bike,2021-04-28 22:40:38,2021-04-28 22:45:40,Lafayette Ave & Fort Greene Pl,4395,Carlton Ave & Dean St,4199,40.686918,-73.976682,40.6809741,-73.9710097,member
349087,9C12E2649EFE282C,docked_bike,2021-04-18 11:43:42,2021-04-18 11:48:27,Lafayette Ave & Fort Greene Pl,4395,Carlton Ave & Dean St,4199,40.686918,-73.976682,40.6809741,-73.9710097,member
349089,40FCE66EEE4F900F,docked_bike,2021-04-29 12:10:09,2021-04-29 12:14:42,Lafayette Ave & Fort Greene Pl,4395,Carlton Ave & Dean St,4199,40.686918,-73.976682,40.6809741,-73.9710097,member
349096,209389A8D63C9EBC,docked_bike,2021-04-18 13:54:06,2021-04-18 14:31:25,Graham Ave & Grand St,5178,Carlton Ave & Dean St,4199,40.711863,-73.944024,40.6809741,-73.9710097,casual
349101,058D27A3D0FB3BA3,docked_bike,2021-04-14 18:34:26,2021-04-14 18:40:44,Lafayette Ave & Fort Greene Pl,4395,Carlton Ave & Dean St,4199,40.686918,-73.976682,40.6809741,-73.9710097,casual
349108,C7131A8AACF82EEC,docked_bike,2021-04-05 18:20:54,2021-04-05 18:59:33,Carlton Ave & Dean St,4199,Carlton Ave & Dean St,4199,40.680974,-73.971009,40.6809741,-73.9710097,casual
349113,5BA4F930F8E1D14D,docked_bike,2021-04-22 13:35:16,2021-04-22 13:42:30,Carlton Ave & Dean St,4199,Underhill Ave & Lincoln Pl,4042,40.680974,-73.971009,40.6740123,-73.9671457,casual
349159,8E71D4F3857B5FE2,docked_bike,2021-04-17 20:58:04,2021-04-17 21:02:36,Underhill Ave & Lincoln Pl,4042,Carlton Ave & Dean St,4199,40.674012,-73.967145,40.6809741,-73.9710097,casual
349179,FDC259D0D3520F22,docked_bike,2021-04-14 08:36:06,2021-04-14 08:40:29,Underhill Ave & Lincoln Pl,4042,Carlton Ave & Dean St,4199,40.674012,-73.967145,40.6809741,-73.9710097,member
349180,3B48A8EF1A316A67,docked_bike,2021-04-07 08:30:21,2021-04-07 08:34:11,Underhill Ave & Lincoln Pl,4042,Carlton Ave & Dean St,4199,40.674012,-73.967145,40.6809741,-73.9710097,member
349181,C6FA26F5DD0422CF,docked_bike,2021-04-02 12:16:22,2021-04-02 12:20:30,Underhill Ave & Lincoln Pl,4042,Carlton Ave & Dean St,4199,40.674012,-73.967145,40.6809741,-73.9710097,member
349185,7DDCD083C835E5E1,docked_bike,2021-04-29 09:20:15,2021-04-29 09:27:37,Carlton Ave & Dean St,4199,Underhill Ave & Lincoln Pl,4042,40.680974,-73.971009,40.6740123,-73.9671457,member
349192,AB6240A6EA39CEE1,docked_bike,2021-04-19 18:53:52,2021-04-19 18:53:59,Carlton Ave & Dean St,4199,Carlton Ave & Dean St,4199,40.680974,-73.971009,40.6809741,-73.9710097,casual
349199,AE300634E30746D1,docked_bike,2021-04-06 08:27:19,2021-04-06 08:31:06,Underhill Ave & Lincoln Pl,4042,Carlton Ave & Dean St,4199,40.674012,-73.967145,40.6809741,-73.9710097,casual
349201,A4C7A03B60355811,docked_bike,2021-04-01 17:18:06,2021-04-01 17:21:36,Carlton Ave & Dean St,4199,Carlton Ave & Dean St,4199,40.680974,-73.971009,40.6809741,-73.9710097,member
349208,6C7F7878709F9019,docked_bike,2021-04-30 18:46:21,2021-04-30 19:02:41,Carlton Ave & Dean St,4199,Underhill Ave & Lincoln Pl,4042,40.680974,-73.971009,40.6740123,-73.9671457,casual
349211,7F8B8F4450C69686,docked_bike,2021-04-20 20:15:47,2021-04-20 20:25:52,Lafayette Ave & Fort Greene Pl,4395,Carlton Ave & Dean St,4199,40.686918,-73.976682,40.6809741,-73.9710097,member
349218,F74CC4CA4D3C27A8,docked_bike,2021-04-28 17:04:27,2021-04-28 17:11:16,Lafayette Ave & Fort Greene Pl,4395,Carlton Ave & Dean St,4199,40.686918,-73.976682,40.6809741,-73.9710097,member
349238,D9098701CA7621CE,docked_bike,2021-04-17 14:00:09,2021-04-17 14:13:57,Carlton Ave & Park Ave,4732,Carlton Ave & Dean St,4199,40.695807,-73.973555,40.6809741,-73.9710097,member
349253,C394BBB7D8BDD0A9,docked_bike,2021-04-27 17:40:58,2021-04-27 18:09:49,Graham Ave & Grand St,5178,Carlton Ave & Dean St,4199,40.711863,-73.944024,40.6809741,-73.9710097,casual
349258,28E04071D11E0973,docked_bike,2021-04-05 18:41:38,2021-04-05 18:45:51,Lafayette Ave & Fort Greene Pl,4395,Carlton Ave & Dean St,4199,40.686918,-73.976682,40.6809741,-73.9710097,member
349272,0F8DF04D85ECFBE3,docked_bike,2021-04-19 22:16:56,2021-04-19 22:20:54,Fulton St & Waverly Ave,4345,Carlton Ave & Dean St,4199,40.683238,-73.965995,40.6809741,-73.9710097,member
349274,0BA9C16964B583DC,docked_bike,2021-04-08 17:56:13,2021-04-08 18:05:40,Fulton St & Waverly Ave,4345,Carlton Ave & Dean St,4199,40.683238,-73.965995,40.6809741,-73.9710097,member
349279,6BA4C9201FF5AB39,docked_bike,2021-04-13 17:16:13,2021-04-13 17:50:30,Graham Ave & Grand St,5178,Carlton Ave & Dean St,4199,40.711863,-73.944024,40.6809741,-73.9710097,casual
349283,FAA0F8E6875347D3,docked_bike,2021-04-21 10:32:55,2021-04-21 10:37:24,Lafayette Ave & Fort Greene Pl,4395,Carlton Ave & Dean St,4199,40.686918,-73.976682,40.6809741,-73.9710097,member
349287,48DD6FB2EE5BC051,docked_bike,2021-04-29 18:55:19,2021-04-29 19:00:18,Lafayette Ave & Fort Greene Pl,4395,Carlton Ave & Dean St,4199,40.686918,-73.976682,40.6809741,-73.9710097,casual
349298,4F1FAAE58E46923F,docked_bike,2021-04-26 08:45:24,2021-04-26 08:49:48,Lafayette Ave & Fort Greene Pl,4395,Carlton Ave & Dean St,4199,40.686918,-73.976682,40.6809741,-73.9710097,member
349312,568CBF1C1B9AD1D1,docked_bike,2021-04-18 14:48:45,2021-04-18 14:58:02,Hancock St & Bedford Ave,4255,Carlton Ave & Dean St,4199,40.682165,-73.95399,40.6809741,-73.9710097,casual
349330,B43522FB4BFDFA64,docked_bike,2021-04-27 09:21:28,2021-04-27 09:27:07,Lafayette Ave & Fort Greene Pl,4395,Carlton Ave & Dean St,4199,40.686918,-73.976682,40.6809741,-73.9710097,member
349339,DD9CE0E61CA1D6C5,docked_bike,2021-04-14 10:42:41,2021-04-14 10:52:03,Hancock St & Bedford Ave,4255,Carlton Ave & Dean St,4199,40.682165,-73.95399,40.6809741,-73.9710097,casual
349348,F00BC8106C01B63A,docked_bike,2021-04-04 13:13:22,2021-04-04 13:47:24,Graham Ave & Grand St,5178,Carlton Ave & Dean St,4199,40.711863,-73.944024,40.6809741,-73.9710097,casual
349355,BAAB4D5B4472C98D,docked_bike,2021-04-26 10:37:18,2021-04-26 10:43:51,Lafayette Ave & Fort Greene Pl,4395,Carlton Ave & Dean St,4199,40.686918,-73.976682,40.6809741,-73.9710097,member
349360,ED2ED1E7E3B91057,docked_bike,2021-04-18 16:44:42,2021-04-18 16:50:57,Lafayette Ave & Fort Greene Pl,4395,Carlton Ave & Dean St,4199,40.686918,-73.976682,40.6809741,-73.9710097,member
349362,DA3D0F25ABD9CA82,docked_bike,2021-04-22 13:58:08,2021-04-22 14:02:02,Lafayette Ave & Fort Greene Pl,4395,Carlton Ave & Dean St,4199,40.686918,-73.976682,40.6809741,-73.9710097,member
349372,02A36DD849B9D5B1,docked_bike,2021-04-21 18:19:15,2021-04-21 18:29:48,6 Ave & 12 St,3803,Carlton Ave & Dean St,4199,40.666318,-73.985461,40.6809741,-73.9710097,casual
349376,DDDB33BD1C5EB7C7,docked_bike,2021-04-06 16:06:04,2021-04-06 16:13:03,Lafayette Ave & Fort Greene Pl,4395,Carlton Ave & Dean St,4199,40.686918,-73.976682,40.6809741,-73.9710097,member
349401,E00CD104F1CCECE5,docked_bike,2021-04-14 13:36:51,2021-04-14 13:44:38,Greene Ave & Nostrand Ave,4519,Carlton Ave & Dean St,4199,40.688333,-73.950916,40.6809741,-73.9710097,member
349402,06CA3B2D020C87A1,docked_bike,2021-04-10 16:51:53,2021-04-10 17:06:10,Montague St & Clinton St,4677,Carlton Ave & Dean St,4199,40.694281,-73.9923,40.6809741,-73.9710097,member
349434,30DB9447F8530490,docked_bike,2021-04-29 17:46:38,2021-04-29 18:01:21,Montague St & Clinton St,4677,Carlton Ave & Dean St,4199,40.694281,-73.9923,40.6809741,-73.9710097,casual
349441,990061C485D2976D,docked_bike,2021-04-16 13:49:48,2021-04-16 13:59:28,Montague St & Clinton St,4677,Carlton Ave & Dean St,4199,40.694281,-73.9923,40.6809741,-73.9710097,member
349489,D5EED58A7F4C5FD0,docked_bike,2021-04-05 11:34:55,2021-04-05 11:57:54,Montague St & Clinton St,4677,Carlton Ave & Dean St,4199,40.694281,-73.9923,40.6809741,-73.9710097,casual
349493,677EE15B804C0B89,docked_bike,2021-04-08 20:50:47,2021-04-08 21:01:11,Greene Ave & Nostrand Ave,4519,Carlton Ave & Dean St,4199,40.688334,-73.950916,40.680974,-73.97101,member
349503,65312A47145BD7F0,docked_bike,2021-04-18 13:27:41,2021-04-18 14:02:05,Lexington Ave & E 36 St,6313,Carlton Ave & Dean St,4199,40.747573,-73.9788,40.6809741,-73.9710097,member
349512,BC16AEB2D351FB43,docked_bike,2021-04-26 19:10:40,2021-04-26 19:26:07,Clark St & Henry St,4789,Carlton Ave & Dean St,4199,40.697601,-73.993445,40.6809741,-73.9710097,member
349521,7EB2E5C9D0D7080E,docked_bike,2021-04-27 16:16:49,2021-04-27 16:39:07,Grove St & Broadway,4526,Carlton Ave & Dean St,4199,40.69047,-73.923511,40.6809741,-73.9710097,member
350042,76A4E9A0003BE086,docked_bike,2021-04-28 14:29:23,2021-04-28 14:44:55,Montague St & Clinton St,4677,Carlton Ave & Dean St,4199,40.694281,-73.9923,40.6809741,-73.9710097,member
350044,4A04BC3D5A067937,docked_bike,2021-04-28 08:18:58,2021-04-28 08:28:40,Montague St & Clinton St,4677,Carlton Ave & Dean St,4199,40.694281,-73.9923,40.6809741,-73.9710097,casual
354365,D2A99946FFADDD28,docked_bike,2021-04-27 08:26:23,2021-04-27 08:38:55,Carlton Ave & Dean St,4199,Jay St & York St,4895,40.680974,-73.971009,40.70140317257725,-73.98672670125961,member
354367,05A8E672ACB3BE13,docked_bike,2021-04-07 18:14:44,2021-04-07 18:40:30,Carlton Ave & Dean St,4199,Bushwick Ave & Stagg St,5140,40.680974,-73.971009,40.709897,-73.94008,member
361378,5590F4E4E348BED5,docked_bike,2021-04-20 07:07:40,2021-04-20 07:11:00,Carlton Ave & Dean St,4199,Cumberland St & Lafayette Ave,4428,40.680974,-73.971009,40.68753406,-73.97265183,member
363401,BB1DECF5F17E6518,docked_bike,2021-04-15 22:11:39,2021-04-15 22:15:26,Carlton Ave & Dean St,4199,Cumberland St & Lafayette Ave,4428,40.680974,-73.971009,40.68753406,-73.97265183,member
363402,25602BEAC521DBD2,docked_bike,2021-04-02 17:07:26,2021-04-02 17:13:35,Carlton Ave & Dean St,4199,Prospect Pl & Underhill Ave,4116,40.680974,-73.971009,40.6769694,-73.96579,member
363403,818C4989A9190291,docked_bike,2021-04-14 13:59:54,2021-04-14 14:00:19,Carlton Ave & Dean St,4199,Cumberland St & Lafayette Ave,4428,40.680974,-73.971009,40.68753406,-73.97265183,member
363406,06C55C72AE59A65D,docked_bike,2021-04-18 14:09:15,2021-04-18 14:14:34,Carlton Ave & Dean St,4199,Cumberland St & Lafayette Ave,4428,40.680974,-73.971009,40.68753406,-73.97265183,member
363407,A5AB1B23CD296C58,docked_bike,2021-04-11 23:36:53,2021-04-11 23:45:29,Carlton Ave & Dean St,4199,Cumberland St & Lafayette Ave,4428,40.680974,-73.971009,40.68753406,-73.97265183,casual
363408,796E05F1F4ACD9E0,docked_bike,2021-04-23 21:34:48,2021-04-23 21:39:47,Carlton Ave & Dean St,4199,Cumberland St & Lafayette Ave,4428,40.680974,-73.971009,40.68753406,-73.97265183,casual
363412,7BACF57553644E0C,docked_bike,2021-04-08 07:33:43,2021-04-08 07:44:54,Carlton Ave & Dean St,4199,Carroll St & Washington Ave,3887,40.680974,-73.97101,40.668674,-73.961815,member
363416,2405788936C4FFFC,docked_bike,2021-04-29 13:45:20,2021-04-29 13:50:11,Carlton Ave & Dean St,4199,Prospect Pl & Underhill Ave,4116,40.680974,-73.971009,40.6769694,-73.96579,casual
363421,0EC2DEC15568520F,docked_bike,2021-04-19 20:42:03,2021-04-19 20:45:31,Carlton Ave & Dean St,4199,Prospect Pl & Underhill Ave,4116,40.680974,-73.971009,40.6769694,-73.96579,member
363430,7A657324EC3E6200,docked_bike,2021-04-23 19:22:10,2021-04-23 19:25:20,Carlton Ave & Dean St,4199,Cumberland St & Lafayette Ave,4428,40.680974,-73.971009,40.68753406,-73.97265183,member
363436,2DB267DB0B9C9803,docked_bike,2021-04-12 08:05:17,2021-04-12 08:15:34,Carlton Ave & Dean St,4199,Cumberland St & Lafayette Ave,4428,40.680974,-73.971009,40.68753406,-73.97265183,member
363437,72541B9E537861D9,docked_bike,2021-04-29 07:56:41,2021-04-29 08:00:56,Carlton Ave & Dean St,4199,Cumberland St & Lafayette Ave,4428,40.680974,-73.971009,40.68753406,-73.97265183,member
363438,C9F8F91E6C1B9EB1,docked_bike,2021-04-06 20:06:03,2021-04-06 20:11:00,Carlton Ave & Dean St,4199,Cumberland St & Lafayette Ave,4428,40.680974,-73.97101,40.687534,-73.972652,member
363439,56BA9B70295BA5CB,docked_bike,2021-04-16 15:15:31,2021-04-16 15:19:09,Carlton Ave & Dean St,4199,Cumberland St & Lafayette Ave,4428,40.680974,-73.971009,40.68753406,-73.97265183,member
363443,40CCCAD52936895D,docked_bike,2021-04-24 18:01:58,2021-04-24 18:08:47,Carlton Ave & Dean St,4199,Prospect Pl & Underhill Ave,4116,40.680974,-73.971009,40.6769694,-73.96579,member
363444,1CDC60646208E536,docked_bike,2021-04-01 13:14:51,2021-04-01 13:25:34,Carlton Ave & Dean St,4199,Carroll St & Washington Ave,3887,40.680974,-73.971009,40.6686744,-73.9618148,member
363447,411A6C079E8FC167,docked_bike,2021-04-10 21:40:31,2021-04-10 21:45:18,Carlton Ave & Dean St,4199,Prospect Pl & Underhill Ave,4116,40.680974,-73.971009,40.6769694,-73.96579,member
363449,31DD9B1C8F5D4EC7,docked_bike,2021-04-23 09:36:13,2021-04-23 09:40:00,Carlton Ave & Dean St,4199,Prospect Pl & Underhill Ave,4116,40.680974,-73.971009,40.6769694,-73.96579,member
363451,A9DCF0F305574160,docked_bike,2021-04-11 23:36:56,2021-04-11 23:45:23,Carlton Ave & Dean St,4199,Cumberland St & Lafayette Ave,4428,40.680974,-73.971009,40.68753406,-73.97265183,casual
363452,2A7DE7CCA54CE580,docked_bike,2021-04-18 10:10:19,2021-04-18 10:15:44,Carlton Ave & Dean St,4199,Prospect Pl & Underhill Ave,4116,40.680974,-73.97101,40.676969,-73.96579,member
363460,71D5E5446B40E479,docked_bike,2021-04-20 18:29:05,2021-04-20 18:34:38,Carlton Ave & Dean St,4199,Cumberland St & Lafayette Ave,4428,40.680974,-73.971009,40.68753406,-73.97265183,member
363463,C181EBC4562FAD9B,docked_bike,2021-04-30 15:48:56,2021-04-30 15:53:59,Carlton Ave & Dean St,4199,Prospect Pl & Underhill Ave,4116,40.680974,-73.971009,40.6769694,-73.96579,member
363465,FA6F92454D1A4027,docked_bike,2021-04-05 09:10:18,2021-04-05 09:14:30,Carlton Ave & Dean St,4199,Cumberland St & Lafayette Ave,4428,40.680974,-73.971009,40.68753406,-73.97265183,member
367392,BFB0FC7071FC44E5,docked_bike,2021-04-30 15:40:48,2021-04-30 15:47:17,Carlton Ave & Dean St,4199,Pacific St & Nevins St,4362,40.680974,-73.971009,40.6853761,-73.98302136,member
367397,7ACA8A2AE84EBBB0,docked_bike,2021-04-28 13:01:34,2021-04-28 13:09:43,Carlton Ave & Dean St,4199,Pacific St & Nevins St,4362,40.680974,-73.971009,40.6853761,-73.98302136,casual
371678,82C62E499AD5A7E6,docked_bike,2021-04-05 11:41:52,2021-04-05 12:01:00,Carlton Ave & Dean St,4199,Willoughby Ave & Tompkins Ave,4665,40.680974,-73.971009,40.69425403,-73.94626915,member
371681,39FA6213BE0ABF77,docked_bike,2021-04-23 20:53:55,2021-04-23 21:06:00,Carlton Ave & Dean St,4199,Willoughby Ave & Tompkins Ave,4665,40.680974,-73.971009,40.69425403,-73.94626915,member
371690,3193D947A2FF805A,docked_bike,2021-04-27 18:35:03,2021-04-27 18:53:44,Carlton Ave & Dean St,4199,Willoughby Ave & Tompkins Ave,4665,40.680974,-73.971009,40.69425403,-73.94626915,member
371697,60200C1CF1AAA59C,docked_bike,2021-04-01 19:52:05,2021-04-01 20:05:59,Carlton Ave & Dean St,4199,Willoughby Ave & Tompkins Ave,4665,40.680974,-73.97101,40.694254,-73.946269,member
376138,338453042A759CC4,docked_bike,2021-04-15 16:31:44,2021-04-15 16:39:29,Carlton Ave & Dean St,4199,Clinton Ave & Myrtle Ave,4651,40.680974,-73.971009,40.693261,-73.968896,member
376139,A91436B1C4107BC8,docked_bike,2021-04-05 11:37:57,2021-04-05 11:49:42,Carlton Ave & Dean St,4199,Bergen St & Smith St,4446,40.680974,-73.971009,40.6867443,-73.99063168,member
376142,E57C548B269F6E2B,docked_bike,2021-04-28 17:57:22,2021-04-28 18:07:17,Carlton Ave & Dean St,4199,Clinton Ave & Myrtle Ave,4651,40.680974,-73.971009,40.693261,-73.968896,member
376158,0CA2F66B80BFE030,docked_bike,2021-04-07 19:26:36,2021-04-07 19:35:46,Carlton Ave & Dean St,4199,Bergen St & Smith St,4446,40.680974,-73.971009,40.6867443,-73.99063168,casual
376171,3F30FEF30E16B159,docked_bike,2021-04-09 10:22:03,2021-04-09 10:33:23,Carlton Ave & Dean St,4199,Bergen St & Smith St,4446,40.680974,-73.971009,40.6867443,-73.99063168,member
376177,8FDC38DA0955CB44,docked_bike,2021-04-21 11:49:30,2021-04-21 11:56:15,Carlton Ave & Dean St,4199,Clinton Ave & Myrtle Ave,4651,40.680974,-73.971009,40.693261,-73.968896,member
376178,D9434A278CCF851C,docked_bike,2021-04-07 19:15:32,2021-04-07 19:23:25,Carlton Ave & Dean St,4199,Bergen St & Smith St,4446,40.680974,-73.97101,40.686744,-73.990632,member
376189,828BC01FF405597C,docked_bike,2021-04-15 20:00:45,2021-04-15 20:07:32,Carlton Ave & Dean St,4199,Clinton Ave & Myrtle Ave,4651,40.680974,-73.971009,40.693261,-73.968896,member
376192,965A9771F3F28A80,docked_bike,2021-04-16 11:50:33,2021-04-16 12:01:51,Carlton Ave & Dean St,4199,Bergen St & Smith St,4446,40.680974,-73.971009,40.6867443,-73.99063168,member
376193,691055421C7837A0,docked_bike,2021-04-17 18:29:11,2021-04-17 18:40:08,Carlton Ave & Dean St,4199,Bergen St & Smith St,4446,40.680974,-73.971009,40.6867443,-73.99063168,member
376201,22A4AC71A4EB28F9,docked_bike,2021-04-30 16:05:39,2021-04-30 16:15:37,Carlton Ave & Dean St,4199,Clinton Ave & Myrtle Ave,4651,40.680974,-73.971009,40.693261,-73.968896,member
376204,15719BE01F31073F,docked_bike,2021-04-27 11:03:47,2021-04-27 11:12:39,Carlton Ave & Dean St,4199,Bergen St & Smith St,4446,40.680974,-73.971009,40.6867443,-73.99063168,member
376205,F12CB166F4B030CB,docked_bike,2021-04-30 11:04:11,2021-04-30 11:16:56,Carlton Ave & Dean St,4199,Bergen St & Smith St,4446,40.680974,-73.971009,40.6867443,-73.99063168,member
376227,7A23E98E0191EBF5,docked_bike,2021-04-29 11:33:12,2021-04-29 11:40:46,Carlton Ave & Dean St,4199,Bergen St & Smith St,4446,40.680974,-73.971009,40.6867443,-73.99063168,member
376231,C3DF8B9E53DABA1E,docked_bike,2021-04-22 11:01:35,2021-04-22 11:13:57,Carlton Ave & Dean St,4199,Bergen St & Smith St,4446,40.680974,-73.971009,40.6867443,-73.99063168,member
376236,EFDF286EA9A0B404,docked_bike,2021-04-19 14:39:34,2021-04-19 14:49:33,Carlton Ave & Dean St,4199,Bergen St & Smith St,4446,40.680974,-73.971009,40.6867443,-73.99063168,member
376237,0D961B034E99FA0A,docked_bike,2021-04-28 17:57:32,2021-04-28 18:07:15,Carlton Ave & Dean St,4199,Clinton Ave & Myrtle Ave,4651,40.680974,-73.971009,40.693261,-73.968896,casual
376240,8024D955D236307D,docked_bike,2021-04-17 13:06:16,2021-04-17 13:14:10,Carlton Ave & Dean St,4199,Bergen St & Smith St,4446,40.680974,-73.971009,40.6867443,-73.99063168,member
376242,27C420AD1059AAB5,docked_bike,2021-04-28 09:47:46,2021-04-28 09:57:06,Carlton Ave & Dean St,4199,Clinton Ave & Myrtle Ave,4651,40.680974,-73.971009,40.693261,-73.968896,member
376244,1DC35757697DDD99,docked_bike,2021-04-05 19:02:08,2021-04-05 19:09:20,Carlton Ave & Dean St,4199,Bergen St & Smith St,4446,40.680974,-73.971009,40.6867443,-73.99063168,member
376245,346EE7EA316B653F,docked_bike,2021-04-11 15:18:37,2021-04-11 15:29:07,Carlton Ave & Dean St,4199,Bergen St & Smith St,4446,40.680974,-73.971009,40.6867443,-73.99063168,member
376246,46D668C714D2C011,docked_bike,2021-04-10 17:06:04,2021-04-10 17:15:15,Carlton Ave & Dean St,4199,Bergen St & Smith St,4446,40.680974,-73.971009,40.6867443,-73.99063168,member
376258,B1BC87EA2F20B8B0,docked_bike,2021-04-08 18:07:45,2021-04-08 18:20:48,Carlton Ave & Dean St,4199,Carroll St & Columbia St,4348,40.680974,-73.971009,40.6830456,-74.00348559,member
376904,C79E8A7E3E67FF7E,docked_bike,2021-04-23 18:33:36,2021-04-23 18:42:58,Carlton Ave & Dean St,4199,Clinton Ave & Myrtle Ave,4651,40.680974,-73.971009,40.693261,-73.968896,member
376907,92FFC109AFD6EBBC,docked_bike,2021-04-23 18:33:44,2021-04-23 18:42:55,Carlton Ave & Dean St,4199,Clinton Ave & Myrtle Ave,4651,40.680974,-73.971009,40.693261,-73.968896,member
376910,EBF531CD9AE3DFD3,docked_bike,2021-04-17 18:29:37,2021-04-17 18:45:17,Carlton Ave & Dean St,4199,Bergen St & Smith St,4446,40.680974,-73.971009,40.6867443,-73.99063168,member
388442,F025FCDBA15AAF90,docked_bike,2021-04-26 09:32:36,2021-04-26 09:40:30,Carlton Ave & Dean St,4199,Carlton Ave & Flushing Ave,4732,40.680974,-73.971009,40.697787,-73.973736,member
401479,3FACFCB7B827D7F8,docked_bike,2021-04-23 14:54:52,2021-04-23 15:22:31,Carlton Ave & Dean St,4199,S 4 St & Wythe Ave,5204,40.680974,-73.971009,40.71285887,-73.96590294,member
401501,C7725E91CF93F0A9,docked_bike,2021-04-22 10:59:20,2021-04-22 11:31:35,Carlton Ave & Dean St,4199,Franklin St & W Broadway,5430,40.680974,-73.971009,40.71911552,-74.00666661,casual
402384,175525E5B8726A5B,docked_bike,2021-04-28 08:53:29,2021-04-28 10:19:43,Carlton Ave & Dean St,4199,Eastern Pkwy & Washington Ave,3928,40.680974,-73.971009,40.6716493,-73.9631145,member
402391,A63D7577923D3302,docked_bike,2021-04-25 14:05:58,2021-04-25 14:15:54,Carlton Ave & Dean St,4199,Eastern Pkwy & Washington Ave,3928,40.680974,-73.971009,40.6716493,-73.9631145,member
402403,BBC3736FE4D3835B,docked_bike,2021-04-20 13:06:17,2021-04-20 13:11:05,Carlton Ave & Dean St,4199,Pacific St & Classon Ave,4148,40.680974,-73.971009,40.6791944,-73.9587903,member
408018,B0AE5267FBD756C3,docked_bike,2021-04-24 11:06:35,2021-04-24 11:18:50,Carlton Ave & Dean St,4199,State St & Smith St,4565,40.680974,-73.971009,40.68926942,-73.98912867,member
409518,E8D30DBCA4595C9E,docked_bike,2021-04-14 11:32:59,2021-04-14 11:43:51,Carlton Ave & Dean St,4199,State St & Smith St,4565,40.680974,-73.971009,40.68926942,-73.98912867,casual
410264,2ABC819F1E52E77C,docked_bike,2021-04-07 08:33:45,2021-04-07 08:43:29,Carlton Ave & Dean St,4199,Bond St & Bergen St,4404,40.680974,-73.971009,40.6849668,-73.98620772,member
410270,FC1C0EB431EA5F8B,docked_bike,2021-04-23 17:24:36,2021-04-23 17:50:42,Carlton Ave & Dean St,4199,Howard St & Centre St,5422,40.680974,-73.971009,40.71910537,-73.99973337,member
410273,F25DAB55CD648051,docked_bike,2021-04-23 09:01:12,2021-04-23 09:18:45,Carlton Ave & Dean St,4199,Kingston Ave & Herkimer St,4205,40.680974,-73.971009,40.67890679,-73.94142771,member
410725,CE3A07CDE836D1BA,docked_bike,2021-04-08 17:35:28,2021-04-08 18:00:59,Carlton Ave & Dean St,4199,Evergreen Ave & Noll St,4873,40.680974,-73.971009,40.70106,-73.93318,casual
416471,2D06181151433C19,docked_bike,2021-04-16 14:55:17,2021-04-16 15:09:28,Carlton Ave & Dean St,4199,Montague St & Clinton St,4677,40.680974,-73.971009,40.694281141397326,-73.99230033159256,member
417012,6B3454D3F4BFF413,docked_bike,2021-04-14 12:15:50,2021-04-14 12:27:27,Carlton Ave & Dean St,4199,Greene Ave & Nostrand Ave,4519,40.680974,-73.971009,40.6883337,-73.950916,member
418318,717A671775EB4AA4,docked_bike,2021-04-10 14:35:16,2021-04-10 14:44:43,Carlton Ave & Dean St,4199,Hoyt St & Warren St,4330,40.680974,-73.971009,40.6843549,-73.98901629,member
418336,936830E82B3FF255,docked_bike,2021-04-17 15:48:37,2021-04-17 15:58:49,Carlton Ave & Dean St,4199,Hoyt St & Warren St,4330,40.680974,-73.971009,40.6843549,-73.98901629,member
418337,030B8CC97440118A,docked_bike,2021-04-24 15:04:19,2021-04-24 15:14:13,Carlton Ave & Dean St,4199,Hoyt St & Warren St,4330,40.680974,-73.971009,40.6843549,-73.98901629,member
420668,A87A49A859DFDCE2,docked_bike,2021-04-03 15:49:13,2021-04-03 16:01:40,Carlton Ave & Dean St,4199,Hicks St & Montague St,4645,40.680974,-73.971009,40.69512845,-73.99595065,member
420670,52CFBFB96D2A3632,docked_bike,2021-04-01 07:15:30,2021-04-01 07:41:07,Carlton Ave & Dean St,4199,Centre St & Chambers St,5207,40.680974,-73.971009,40.71273266,-74.0046073,member
420672,D4F43C662A5ED05D,docked_bike,2021-04-10 11:55:09,2021-04-10 12:28:59,Carlton Ave & Dean St,4199,Centre St & Chambers St,5207,40.680974,-73.971009,40.71273266,-74.0046073,casual
439419,CEFA1EA5F6E32269,docked_bike,2021-04-21 07:48:12,2021-04-21 08:21:35,Carlton Ave & Dean St,4199,Forsyth St & Canal St,5270,40.680974,-73.971009,40.7158155,-73.99422366,member
439420,680428C996391C31,docked_bike,2021-04-06 08:51:46,2021-04-06 09:10:51,Carlton Ave & Dean St,4199,Clinton St & Centre St,4045,40.680974,-73.97101,40.67434,-74.001947,casual
439427,27D894590C19A646,docked_bike,2021-04-24 17:36:06,2021-04-24 18:07:09,Carlton Ave & Dean St,4199,Clinton St & Centre St,4045,40.680974,-73.971009,40.67434,-74.00194698,casual
439441,87AA7495FBFD6528,docked_bike,2021-04-19 11:52:20,2021-04-19 12:17:53,Carlton Ave & Dean St,4199,4 Ave & E 12 St,5788,40.680974,-73.971009,40.732647,-73.99011,casual
440241,58C7BB1A5C1264CE,docked_bike,2021-04-27 07:49:48,2021-04-27 08:12:08,Carlton Ave & Dean St,4199,Forsyth St & Canal St,5270,40.680974,-73.971009,40.7158155,-73.99422366,member
440242,A650F8AAB752EB71,docked_bike,2021-04-05 07:20:11,2021-04-05 07:44:31,Carlton Ave & Dean St,4199,Forsyth St & Canal St,5270,40.680974,-73.971009,40.7158155,-73.99422366,member
443534,F931CB31B0039E10,docked_bike,2021-04-28 19:34:28,2021-04-28 19:54:40,Carlton Ave & Dean St,4199,Tompkins Ave & Hopkins St,4850,40.680974,-73.971009,40.69957608,-73.94708417,member
443542,39C6D32A0E35D1DC,docked_bike,2021-04-05 19:46:48,2021-04-05 20:07:57,Carlton Ave & Dean St,4199,Tompkins Ave & Hopkins St,4850,40.680974,-73.971009,40.69957608,-73.94708417,member
443556,BF2C4622F6C33D15,docked_bike,2021-04-22 19:43:56,2021-04-22 20:26:30,Carlton Ave & Dean St,4199,1 Ave & E 78 St,7020,40.680974,-73.971009,40.77140426,-73.9535166,casual
443572,A4C41A2286A67902,docked_bike,2021-04-16 18:51:34,2021-04-16 19:11:54,Carlton Ave & Dean St,4199,Tompkins Ave & Hopkins St,4850,40.680974,-73.971009,40.69957608,-73.94708417,member
443576,AE5646D3050D76A1,docked_bike,2021-04-18 10:48:35,2021-04-18 12:03:40,Carlton Ave & Dean St,4199,Franklin St & Dupont St,5944,40.680974,-73.971009,40.73564,-73.95866,casual
445236,9FF812783C31E455,docked_bike,2021-04-21 14:06:06,2021-04-21 14:33:06,Carlton Ave & Dean St,4199,Madison St & Forest Ave,5025,40.680974,-73.971009,40.70555,-73.90245,member
445239,81088C4D027CF518,docked_bike,2021-04-16 21:15:12,2021-04-16 21:56:57,Carlton Ave & Dean St,4199,1 Ave & E 78 St,7020,40.680974,-73.971009,40.77140426,-73.9535166,casual
448504,3526C50C204B5E21,docked_bike,2021-04-04 15:23:14,2021-04-04 15:30:42,Carlton Ave & Dean St,4199,7 St & 5 Ave,3914,40.680974,-73.971009,40.6704922,-73.98541675,member
450029,6E7E333D276C422B,docked_bike,2021-04-04 16:31:45,2021-04-04 17:15:10,Carlton Ave & Dean St,4199,Dwight St & Van Dyke St,3981,40.680974,-73.97101,40.673636,-74.011956,casual
450035,D134F231AFCE83E2,docked_bike,2021-04-16 11:32:15,2021-04-16 12:06:12,Carlton Ave & Dean St,4199,Barrow St & Hudson St,5805,40.680974,-73.971009,40.73172428,-74.00674436,member
450065,E6ECDDB02C0424B7,docked_bike,2021-04-20 18:03:35,2021-04-20 18:20:38,Carlton Ave & Dean St,4199,Division Ave & Hooper St,5045,40.680974,-73.971009,40.70684203101325,-73.9544353965357,casual
450076,CBAF065EE6DDD1D8,docked_bike,2021-04-23 18:14:36,2021-04-23 18:43:20,Carlton Ave & Dean St,4199,Douglass St & 4 Ave,4175,40.680974,-73.971009,40.6792788,-73.98154004,member
450109,7574FB670D388FFA,docked_bike,2021-04-20 18:53:50,2021-04-20 19:11:08,Carlton Ave & Dean St,4199,Lewis Ave & Madison St,4425,40.680974,-73.971009,40.686312,-73.935775,member
450134,F250859E367A9BFC,docked_bike,2021-04-27 18:37:42,2021-04-27 18:45:35,Carlton Ave & Dean St,4199,Wyckoff St & Nevins St,4290,40.680974,-73.971009,40.683426,-73.984275,member
450135,E0B841C21179BE05,docked_bike,2021-04-09 10:56:30,2021-04-09 11:25:46,Carlton Ave & Dean St,4199,Lewis Ave & Madison St,4425,40.680974,-73.971009,40.686312,-73.935775,casual
450166,777198C0B4EF961C,docked_bike,2021-04-08 17:14:30,2021-04-08 17:21:58,Carlton Ave & Dean St,4199,Douglass St & 4 Ave,4175,40.680974,-73.971009,40.6792788,-73.98154004,member
450230,FC2715285764D216,docked_bike,2021-04-28 22:49:28,2021-04-28 22:55:54,Carlton Ave & Dean St,4199,Douglass St & 4 Ave,4175,40.680974,-73.971009,40.6792788,-73.98154004,member
450266,1834D79CB50D2C65,docked_bike,2021-04-04 16:30:47,2021-04-04 17:14:49,Carlton Ave & Dean St,4199,Dwight St & Van Dyke St,3981,40.680974,-73.971009,40.67363551341504,-74.01195555925369,casual
450941,C2D3665FE0F07083,docked_bike,2021-04-22 15:53:50,2021-04-22 16:02:33,Carlton Ave & Dean St,4199,Douglass St & 4 Ave,4175,40.680974,-73.971009,40.6792788,-73.98154004,member
453832,07D785B7849DF316,docked_bike,2021-04-11 08:34:56,2021-04-11 08:46:00,Carlton Ave & Dean St,4199,Court St & State St,4488,40.680974,-73.971009,40.6902375,-73.99203074,member
453848,90D9FDD6CBB8E95D,docked_bike,2021-04-19 18:55:02,2021-04-19 19:10:37,Carlton Ave & Dean St,4199,Court St & State St,4488,40.680974,-73.971009,40.6902375,-73.99203074,member
453849,79918261353E7C6A,docked_bike,2021-04-04 15:36:52,2021-04-04 15:52:05,Carlton Ave & Dean St,4199,Court St & State St,4488,40.680974,-73.971009,40.6902375,-73.99203074,member
453854,051A40AFDEAF51EA,docked_bike,2021-04-05 10:58:30,2021-04-05 11:07:37,Carlton Ave & Dean St,4199,Court St & State St,4488,40.680974,-73.971009,40.6902375,-73.99203074,member
453860,BC2FD1975121263F,docked_bike,2021-04-03 15:15:23,2021-04-03 15:23:18,Carlton Ave & Dean St,4199,Willoughby St & Ashland Pl,4587,40.680974,-73.971009,40.69178,-73.97877,casual
453866,1D972EE19923092E,docked_bike,2021-04-14 22:47:14,2021-04-14 22:52:17,Carlton Ave & Dean St,4199,Willoughby St & Ashland Pl,4587,40.680974,-73.971009,40.69178,-73.97877,member
453870,5BA123DC1A89B157,docked_bike,2021-04-16 11:42:27,2021-04-16 11:52:54,Carlton Ave & Dean St,4199,Court St & State St,4488,40.680974,-73.971009,40.6902375,-73.99203074,member
453917,DF51944E9E27A4F8,docked_bike,2021-04-04 15:36:29,2021-04-04 15:52:02,Carlton Ave & Dean St,4199,Court St & State St,4488,40.680974,-73.971009,40.6902375,-73.99203074,member
453938,44520C3D320AB3F4,docked_bike,2021-04-05 20:47:41,2021-04-05 20:57:11,Carlton Ave & Dean St,4199,Court St & State St,4488,40.680974,-73.971009,40.6902375,-73.99203074,member
454173,6CBABA90F96DC25C,docked_bike,2021-04-16 07:44:01,2021-04-16 07:58:42,Carlton Ave & Dean St,4199,Monroe St & Tompkins Ave,4434,40.680974,-73.971009,40.686203,-73.944694,member
454174,787460711203104E,docked_bike,2021-04-27 07:31:06,2021-04-27 07:42:26,Carlton Ave & Dean St,4199,Monroe St & Tompkins Ave,4434,40.680974,-73.971009,40.686203,-73.944694,member
454175,56DF4D8076F3FA84,docked_bike,2021-04-29 06:49:32,2021-04-29 07:04:37,Carlton Ave & Dean St,4199,Monroe St & Tompkins Ave,4434,40.680974,-73.971009,40.686203,-73.944694,member
461952,E2407515EF6EEDDC,docked_bike,2021-04-01 12:55:31,2021-04-01 13:03:04,Carlton Ave & Dean St,4199,Carlton Ave & Park Ave,4732,40.680974,-73.971009,40.69580705,-73.97355569,member
461964,2921816DA1AD012A,docked_bike,2021-04-07 19:29:55,2021-04-07 20:02:26,Carlton Ave & Dean St,4199,6 Ave & Broome St,5610,40.680974,-73.971009,40.724308321602166,-74.00473035871983,member
471168,3F7AF4303F2EDE43,docked_bike,2021-04-10 12:34:52,2021-04-10 13:06:23,Carlton Ave & Dean St,4199,Sullivan Pl & Franklin Ave,3704,40.680974,-73.971009,40.66407983678161,-73.96025128666679,member
471170,171EA194D4C289A6,docked_bike,2021-04-05 16:25:56,2021-04-05 16:37:07,Carlton Ave & Dean St,4199,Sullivan Pl & Franklin Ave,3704,40.680974,-73.971009,40.66407983678161,-73.96025128666679,member
471198,2D051D2FB549984B,docked_bike,2021-04-30 17:36:31,2021-04-30 17:51:28,Carlton Ave & Dean St,4199,7 Ave & 20 St,3588,40.680974,-73.971009,40.659053,-73.98854,casual
471868,BAF08F3602E884E8,docked_bike,2021-04-05 16:25:04,2021-04-05 16:36:41,Carlton Ave & Dean St,4199,Sullivan Pl & Franklin Ave,3704,40.680974,-73.971009,40.66407983678161,-73.96025128666679,member
476130,054EAC4E1C447C40,docked_bike,2021-04-08 07:10:26,2021-04-08 07:33:17,Carlton Ave & Dean St,4199,Wolcott St & Dwight St,4054,40.680974,-73.971009,40.6753274,-74.0100698,member
476164,987C4BA8DEF75B51,docked_bike,2021-04-16 07:12:49,2021-04-16 07:38:40,Carlton Ave & Dean St,4199,Wolcott St & Dwight St,4054,40.680974,-73.971009,40.6753274,-74.0100698,member
477143,EE9BEA42C15A398D,docked_bike,2021-04-09 07:11:18,2021-04-09 07:30:10,Carlton Ave & Dean St,4199,Wolcott St & Dwight St,4054,40.680974,-73.971009,40.6753274,-74.0100698,member
479194,68EE813C503DC9D7,docked_bike,2021-04-13 07:06:20,2021-04-13 07:32:36,Carlton Ave & Dean St,4199,Wolcott St & Dwight St,4054,40.680974,-73.971009,40.6753274,-74.0100698,member
479197,EE160D3244D781C4,docked_bike,2021-04-06 07:10:12,2021-04-06 07:32:01,Carlton Ave & Dean St,4199,Wolcott St & Dwight St,4054,40.680974,-73.971009,40.6753274,-74.0100698,member
485253,0D721D1EE92BAE71,docked_bike,2021-04-24 18:08:10,2021-04-24 18:38:00,Carlton Ave & Dean St,4199,Rockaway Ave & Bainbridge St,4285,40.680974,-73.971009,40.68319988172761,-73.91166642308235,member
485257,5A8447A7BCA230DB,docked_bike,2021-04-29 14:08:17,2021-04-29 14:21:07,Carlton Ave & Dean St,4199,Prospect Park West & 8 St,3722,40.680974,-73.971009,40.66514681533792,-73.97637605667114,member
485265,B76AF4B57BBD6CE9,docked_bike,2021-04-08 08:57:20,2021-04-08 09:14:13,Carlton Ave & Dean St,4199,36 St & 3 Ave,3460,40.680974,-73.971009,40.655716,-74.006664,member
496761,BD95639681895528,docked_bike,2021-04-08 14:10:19,2021-04-08 14:36:49,Carlton Ave & Dean St,4199,Broadway & Madison St,4483,40.680974,-73.971009,40.68822,-73.91966,casual
496777,56C20BBDF184D3D5,docked_bike,2021-04-01 15:55:15,2021-04-01 16:06:09,Carlton Ave & Dean St,4199,Lawrence St & Willoughby St,4596,40.680974,-73.97101,40.692362,-73.986317,member
496780,DCB05DE239A377B1,docked_bike,2021-04-30 11:19:31,2021-04-30 11:28:46,Carlton Ave & Dean St,4199,Lawrence St & Willoughby St,4596,40.680974,-73.971009,40.69236178,-73.98631746,casual
496781,2FC3D58FFE96C04B,docked_bike,2021-04-29 17:35:29,2021-04-29 17:46:26,Carlton Ave & Dean St,4199,Lawrence St & Willoughby St,4596,40.680974,-73.971009,40.69236178,-73.98631746,casual
496784,2F222432DD9C0F0B,docked_bike,2021-04-17 12:47:42,2021-04-17 12:57:24,Carlton Ave & Dean St,4199,Lawrence St & Willoughby St,4596,40.680974,-73.971009,40.69236178,-73.98631746,member
496792,F0497AF5DFAE273A,docked_bike,2021-04-08 09:09:19,2021-04-08 09:23:15,Carlton Ave & Dean St,4199,Montgomery St & Franklin Ave,3776,40.680974,-73.971009,40.666439306870814,-73.9605563879013,member
496796,27982FC631799FAA,docked_bike,2021-04-14 15:40:48,2021-04-14 15:52:04,Carlton Ave & Dean St,4199,Lawrence St & Willoughby St,4596,40.680974,-73.971009,40.69236178,-73.98631746,member
496798,59D0DA7792A7392A,docked_bike,2021-04-18 14:02:51,2021-04-18 14:49:56,Carlton Ave & Dean St,4199,Pershing Square North,6432,40.680974,-73.971009,40.751873,-73.977706,member
502805,7897D672A33FEA1D,docked_bike,2021-04-13 16:36:04,2021-04-13 16:47:52,Carlton Ave & Dean St,4199,Lawrence St & Willoughby St,4596,40.680974,-73.971009,40.69236178,-73.98631746,member
502806,DEC5BB81C8271653,docked_bike,2021-04-19 13:09:49,2021-04-19 13:22:19,Carlton Ave & Dean St,4199,Lawrence St & Willoughby St,4596,40.680974,-73.971009,40.69236178,-73.98631746,casual
503227,B8A88FDE29576CD7,docked_bike,2021-04-23 23:45:02,2021-04-24 00:04:57,Carlton Ave & Dean St,4199,Montgomery St & Franklin Ave,3776,40.680974,-73.971009,40.666439306870814,-73.9605563879013,member
507780,4F0BB5232E1DAC48,docked_bike,2021-04-06 11:20:21,2021-04-06 11:26:30,Carlton Ave & Dean St,4199,DeKalb Ave & Hudson Ave,4513,40.680974,-73.971009,40.689888,-73.981013,member
514859,E42D0CE81E996330,docked_bike,2021-04-26 17:20:16,2021-04-26 17:40:28,Carlton Ave & Dean St,4199,21 St & 4 Ave,3668,40.680974,-73.971009,40.662584,-73.995554,member
522402,817BA74E9CFE8E55,docked_bike,2021-04-20 08:06:14,2021-04-20 08:33:50,Carlton Ave & Dean St,4199,Milton St & Franklin St,5752,40.680974,-73.971009,40.72906,-73.95779,member
522429,DF7E3EBF81B960B5,docked_bike,2021-04-30 14:29:01,2021-04-30 15:02:50,Carlton Ave & Dean St,4199,Milton St & Franklin St,5752,40.680974,-73.971009,40.72906,-73.95779,casual
522435,833D14070DF5E707,docked_bike,2021-04-09 08:46:01,2021-04-09 09:11:17,Carlton Ave & Dean St,4199,Milton St & Franklin St,5752,40.680974,-73.971009,40.72906,-73.95779,member
522437,4C6BB22640F45210,docked_bike,2021-04-07 14:31:17,2021-04-07 15:12:50,Carlton Ave & Dean St,4199,Milton St & Franklin St,5752,40.680974,-73.971009,40.72906,-73.95779,member
523472,32C259D1F69DFE32,docked_bike,2021-04-14 08:56:01,2021-04-14 09:12:30,Carlton Ave & Dean St,4199,Nostrand Ave & Myrtle Ave,4707,40.680974,-73.971009,40.69527008,-73.95238108,casual
532933,F754565D326974EA,docked_bike,2021-04-25 19:13:07,2021-04-25 19:26:37,Carlton Ave & Dean St,4199,6 Ave & 9 St,3803,40.680974,-73.971009,40.668127,-73.98377641,member
541968,604089F0A654C5F7,docked_bike,2021-04-24 16:20:00,2021-04-24 18:38:52,Carlton Ave & Dean St,4199,Wythe Ave & Metropolitan Ave,5348,40.680974,-73.97101,40.716887,-73.963198,casual
541974,F05BD6A36A67888F,docked_bike,2021-04-09 08:42:25,2021-04-09 09:05:39,Carlton Ave & Dean St,4199,Wythe Ave & Metropolitan Ave,5348,40.680974,-73.971009,40.716887,-73.963198,member
541980,2425625937CE1020,docked_bike,2021-04-18 11:00:41,2021-04-18 11:21:45,Carlton Ave & Dean St,4199,Mercer St & Spring St,5532,40.680974,-73.971009,40.72362738,-73.99949601,casual
541984,6DD769188319F914,docked_bike,2021-04-09 15:34:15,2021-04-09 15:52:51,Carlton Ave & Dean St,4199,Brooklyn Bridge Park - Pier 2,4756,40.680974,-73.971009,40.698458,-73.997178,member
541988,A9ED83006E21445C,docked_bike,2021-04-25 10:57:41,2021-04-25 11:20:12,Carlton Ave & Dean St,4199,Wythe Ave & Metropolitan Ave,5348,40.680974,-73.971009,40.716887,-73.963198,member
541996,235CB4D550A8FB87,docked_bike,2021-04-18 14:37:48,2021-04-18 15:03:13,Carlton Ave & Dean St,4199,Wythe Ave & Metropolitan Ave,5348,40.680974,-73.971009,40.716887,-73.963198,casual
541997,3D9D139153723DBE,docked_bike,2021-04-01 08:58:18,2021-04-01 09:17:44,Carlton Ave & Dean St,4199,Wythe Ave & Metropolitan Ave,5348,40.680974,-73.971009,40.716887,-73.963198,member
542033,09BD4E914B687F0D,docked_bike,2021-04-26 08:45:43,2021-04-26 09:07:10,Carlton Ave & Dean St,4199,Wythe Ave & Metropolitan Ave,5348,40.680974,-73.971009,40.716887,-73.963198,member
544901,C3A6C30B7CF77CC8,docked_bike,2021-04-26 18:17:16,2021-04-26 18:48:01,Carlton Ave & Dean St,4199,Wythe Ave & Metropolitan Ave,5348,40.680974,-73.971009,40.716887,-73.963198,member
544902,F60B62C110FE12A7,docked_bike,2021-04-30 09:35:03,2021-04-30 09:56:03,Carlton Ave & Dean St,4199,Wythe Ave & Metropolitan Ave,5348,40.680974,-73.971009,40.716887,-73.963198,member
544903,73ADDA0924A8C872,docked_bike,2021-04-14 08:45:19,2021-04-14 09:07:16,Carlton Ave & Dean St,4199,Wythe Ave & Metropolitan Ave,5348,40.680974,-73.971009,40.716887,-73.963198,member
544904,3B56800C0CD76987,docked_bike,2021-04-29 09:38:27,2021-04-29 10:03:53,Carlton Ave & Dean St,4199,Wythe Ave & Metropolitan Ave,5348,40.680974,-73.971009,40.716887,-73.963198,member
544905,9855E7C127EC1102,docked_bike,2021-04-19 08:18:14,2021-04-19 08:42:32,Carlton Ave & Dean St,4199,Wythe Ave & Metropolitan Ave,5348,40.680974,-73.971009,40.716887,-73.963198,member
544906,3301560ADDA528FE,docked_bike,2021-04-06 08:33:25,2021-04-06 08:52:42,Carlton Ave & Dean St,4199,Wythe Ave & Metropolitan Ave,5348,40.680974,-73.971009,40.716887,-73.963198,member
544907,4B430E778963CDE3,docked_bike,2021-04-12 08:09:34,2021-04-12 08:34:29,Carlton Ave & Dean St,4199,Wythe Ave & Metropolitan Ave,5348,40.680974,-73.971009,40.716887,-73.963198,member
544908,D4735BD01CDD2788,docked_bike,2021-04-05 08:12:35,2021-04-05 08:33:37,Carlton Ave & Dean St,4199,Wythe Ave & Metropolitan Ave,5348,40.680974,-73.971009,40.716887,-73.963198,member
544909,246BA91811FED331,docked_bike,2021-04-21 08:44:20,2021-04-21 09:08:05,Carlton Ave & Dean St,4199,Wythe Ave & Metropolitan Ave,5348,40.680974,-73.971009,40.716887,-73.963198,member
544911,30FB176CEA4D3A54,docked_bike,2021-04-13 08:48:13,2021-04-13 09:12:59,Carlton Ave & Dean St,4199,Wythe Ave & Metropolitan Ave,5348,40.680974,-73.971009,40.716887,-73.963198,member
544912,E757E76424B282A4,docked_bike,2021-04-27 08:59:19,2021-04-27 09:19:32,Carlton Ave & Dean St,4199,Wythe Ave & Metropolitan Ave,5348,40.680974,-73.971009,40.716887,-73.963198,member
546860,218BE5E4BAD5E018,docked_bike,2021-04-06 17:24:13,2021-04-06 18:01:51,Carlton Ave & Dean St,4199,Wythe Ave & Metropolitan Ave,5348,40.680974,-73.971009,40.716887,-73.963198,casual
546864,3C2658A8A360522F,docked_bike,2021-04-04 09:15:17,2021-04-04 09:43:17,Carlton Ave & Dean St,4199,Wythe Ave & Metropolitan Ave,5348,40.680974,-73.971009,40.716887,-73.963198,member
562460,3ACADAE3D998B734,docked_bike,2021-04-13 17:30:20,2021-04-13 17:30:45,Carlton Ave & Dean St,4199,5 Ave & 3 St,3987,40.680974,-73.971009,40.6728155,-73.98352355,member
562461,FDCBC733C3FDF020,docked_bike,2021-04-19 14:35:08,2021-04-19 14:50:08,Carlton Ave & Dean St,4199,Front St & Gold St,4927,40.680974,-73.971009,40.70224,-73.982578,member
562470,C617C9C202D48E59,docked_bike,2021-04-30 17:28:21,2021-04-30 17:36:55,Carlton Ave & Dean St,4199,5 Ave & 3 St,3987,40.680974,-73.971009,40.6728155,-73.98352355,casual
562472,D8D9A99BBE0A4691,docked_bike,2021-04-30 15:44:55,2021-04-30 15:56:27,Carlton Ave & Dean St,4199,Front St & Gold St,4927,40.680974,-73.971009,40.70224,-73.982578,member
562496,055E34BE2878BA36,docked_bike,2021-04-12 08:39:16,2021-04-12 08:55:51,Carlton Ave & Dean St,4199,Front St & Gold St,4927,40.680974,-73.971009,40.70224,-73.982578,member
562498,D173E5E5D1E14802,docked_bike,2021-04-25 17:40:08,2021-04-25 17:55:33,Carlton Ave & Dean St,4199,Lewis Ave & Kosciuszko St,4617,40.680974,-73.971009,40.69237074,-73.93705428,casual
562977,F222A3E1256D49D1,docked_bike,2021-04-28 19:08:28,2021-04-28 19:16:41,Carlton Ave & Dean St,4199,5 Ave & 3 St,3987,40.680974,-73.971009,40.6728155,-73.98352355,member
562978,532096308C078BF3,docked_bike,2021-04-23 12:40:04,2021-04-23 12:50:48,Carlton Ave & Dean St,4199,5 Ave & 3 St,3987,40.680974,-73.971009,40.6728155,-73.98352355,member
562979,D4657FFA69A6FA4E,docked_bike,2021-04-19 14:35:26,2021-04-19 14:49:28,Carlton Ave & Dean St,4199,Front St & Gold St,4927,40.680974,-73.971009,40.70224,-73.982578,member
566577,37369B7E21175349,docked_bike,2021-04-09 14:07:00,2021-04-09 14:13:57,Carlton Ave & Dean St,4199,5 Ave & 3 St,3987,40.680974,-73.971009,40.6728155,-73.98352355,member
566674,95CC78D0A53069AF,docked_bike,2021-04-06 15:44:43,2021-04-06 16:01:35,Carlton Ave & Dean St,4199,5 Ave & 3 St,3987,40.680974,-73.971009,40.6728155,-73.98352355,member
566676,B0213334E42FAE77,docked_bike,2021-04-14 14:51:44,2021-04-14 15:01:17,Carlton Ave & Dean St,4199,5 Ave & 3 St,3987,40.680974,-73.971009,40.6728155,-73.98352355,casual
568439,9D88953AE6AED551,docked_bike,2021-04-03 20:51:18,2021-04-03 20:59:19,Carlton Ave & Dean St,4199,5 Ave & 3 St,3987,40.680974,-73.971009,40.6728155,-73.98352355,member
573665,8D0C8DFF8DD9A40A,docked_bike,2021-04-09 19:00:01,2021-04-09 19:14:35,Carlton Ave & Dean St,4199,Bond St & Fulton St,4479,40.680974,-73.971009,40.68962188790333,-73.98304268717766,member
573672,D57C20C0B8452F04,docked_bike,2021-04-08 14:39:10,2021-04-08 15:01:20,Carlton Ave & Dean St,4199,Bond St & Fulton St,4479,40.680974,-73.971009,40.68962188790333,-73.98304268717766,casual
573679,B6C284A8D0A3AFA7,docked_bike,2021-04-29 14:27:31,2021-04-29 14:48:52,Carlton Ave & Dean St,4199,Bond St & Fulton St,4479,40.680974,-73.971009,40.68962188790333,-73.98304268717766,casual
573681,7599FAB269486770,docked_bike,2021-04-06 18:03:29,2021-04-06 18:17:22,Carlton Ave & Dean St,4199,Bond St & Fulton St,4479,40.680974,-73.971009,40.68962188790333,-73.98304268717766,member
573722,0CB8F9E1B70DF9ED,docked_bike,2021-04-28 19:23:33,2021-04-28 19:30:59,Carlton Ave & Dean St,4199,Carroll St & 5 Ave,4060,40.680974,-73.971009,40.6751622,-73.9814832,casual
573724,553C14EB7E43D752,docked_bike,2021-04-08 08:57:12,2021-04-08 09:05:12,Carlton Ave & Dean St,4199,Bond St & Fulton St,4479,40.680974,-73.971009,40.68962188790333,-73.98304268717766,member
574301,19D4989E51DFCF04,docked_bike,2021-04-06 15:47:17,2021-04-06 16:06:53,Carlton Ave & Dean St,4199,Bond St & Fulton St,4479,40.680974,-73.971009,40.68962188790333,-73.98304268717766,member
574307,50C29744F9F50824,docked_bike,2021-04-25 18:10:55,2021-04-25 18:17:42,Carlton Ave & Dean St,4199,Carroll St & 5 Ave,4060,40.680974,-73.971009,40.6751622,-73.9814832,member
574308,35E196E25272E0C3,docked_bike,2021-04-21 16:57:36,2021-04-21 17:03:42,Carlton Ave & Dean St,4199,Carroll St & 5 Ave,4060,40.680974,-73.971009,40.6751622,-73.9814832,member
574309,73A2D0B04A327115,docked_bike,2021-04-14 17:39:22,2021-04-14 17:44:53,Carlton Ave & Dean St,4199,Carroll St & 5 Ave,4060,40.680974,-73.971009,40.6751622,-73.9814832,member
574312,95AC783AE46C7C53,docked_bike,2021-04-28 07:41:24,2021-04-28 07:51:01,Carlton Ave & Dean St,4199,Bond St & Fulton St,4479,40.680974,-73.971009,40.68962188790333,-73.98304268717766,member
574315,283638B824282F61,docked_bike,2021-04-27 13:10:51,2021-04-27 13:18:37,Carlton Ave & Dean St,4199,Bond St & Fulton St,4479,40.680974,-73.971009,40.68962188790333,-73.98304268717766,member
578734,C818A7F4AFE8091A,docked_bike,2021-04-18 12:55:31,2021-04-18 13:06:04,Carlton Ave & Dean St,4199,Bond St & Fulton St,4479,40.680974,-73.971009,40.68962188790333,-73.98304268717766,casual
578743,F04A005F3361B622,docked_bike,2021-04-16 13:37:49,2021-04-16 13:46:36,Carlton Ave & Dean St,4199,Carroll St & 5 Ave,4060,40.680974,-73.971009,40.6751622,-73.9814832,member
578744,0341BBCC52CE5770,docked_bike,2021-04-14 10:49:06,2021-04-14 10:56:11,Carlton Ave & Dean St,4199,Lefferts Pl & Franklin Ave,4222,40.680974,-73.971009,40.680342423,-73.9557689392,member
578748,8DBC56AE7BCF2858,docked_bike,2021-04-08 14:38:39,2021-04-08 15:00:52,Carlton Ave & Dean St,4199,Bond St & Fulton St,4479,40.680974,-73.971009,40.68962188790333,-73.98304268717766,member
578795,EC7984E5B619A212,docked_bike,2021-04-28 22:34:08,2021-04-28 22:42:05,Carlton Ave & Dean St,4199,Lefferts Pl & Franklin Ave,4222,40.680974,-73.971009,40.680342423,-73.9557689392,member
578840,3D7CDFE61A30089F,docked_bike,2021-04-25 21:11:59,2021-04-25 21:19:43,Carlton Ave & Dean St,4199,Carroll St & 5 Ave,4060,40.680974,-73.971009,40.6751622,-73.9814832,member
579308,052E65F10446947E,docked_bike,2021-04-08 14:51:29,2021-04-08 15:02:02,Carlton Ave & Dean St,4199,Bond St & Fulton St,4479,40.680974,-73.971009,40.68962188790333,-73.98304268717766,member
579313,127F530816E08D43,docked_bike,2021-04-19 07:45:06,2021-04-19 07:55:13,Carlton Ave & Dean St,4199,Bond St & Fulton St,4479,40.680974,-73.971009,40.68962188790333,-73.98304268717766,member
585205,23CB1DE22AF4EE1E,docked_bike,2021-04-06 20:07:15,2021-04-06 20:10:52,Carlton Ave & Dean St,4199,Bergen St & Vanderbilt Ave,4157,40.680974,-73.971009,40.6794388,-73.9680438,casual
585217,7D61F628630F6DC8,docked_bike,2021-04-27 18:13:17,2021-04-27 18:49:27,Carlton Ave & Dean St,4199,Bergen St & Vanderbilt Ave,4157,40.680974,-73.971009,40.6794388,-73.9680438,member
585218,9F768D70FC2374E3,docked_bike,2021-04-24 16:57:00,2021-04-24 16:59:03,Carlton Ave & Dean St,4199,Bergen St & Vanderbilt Ave,4157,40.680974,-73.971009,40.6794388,-73.9680438,member
585229,AF5DA4B75D1D2569,docked_bike,2021-04-16 11:55:12,2021-04-16 12:12:10,Carlton Ave & Dean St,4199,Bergen St & Vanderbilt Ave,4157,40.680974,-73.971009,40.6794388,-73.9680438,member
585248,995B97EB1805C4BD,docked_bike,2021-04-23 10:51:49,2021-04-23 10:55:28,Carlton Ave & Dean St,4199,Bergen St & Vanderbilt Ave,4157,40.680974,-73.971009,40.6794388,-73.9680438,casual
585249,6C86F59F86F91832,docked_bike,2021-04-17 13:25:33,2021-04-17 13:27:23,Carlton Ave & Dean St,4199,Bergen St & Vanderbilt Ave,4157,40.680974,-73.971009,40.6794388,-73.9680438,member
585250,884EF1A1A9C9BF34,docked_bike,2021-04-27 21:01:44,2021-04-27 21:33:43,Carlton Ave & Dean St,4199,Bergen St & Vanderbilt Ave,4157,40.680974,-73.971009,40.6794388,-73.9680438,casual
585258,A1D6D7CDE39940B7,docked_bike,2021-04-06 14:22:38,2021-04-06 14:25:39,Carlton Ave & Dean St,4199,Bergen St & Vanderbilt Ave,4157,40.680974,-73.971009,40.6794388,-73.9680438,member
585265,5C3069F90C267511,docked_bike,2021-04-24 15:16:19,2021-04-24 15:18:35,Carlton Ave & Dean St,4199,Bergen St & Vanderbilt Ave,4157,40.680974,-73.971009,40.6794388,-73.9680438,member
585302,946003CEB1D69759,docked_bike,2021-04-05 18:10:30,2021-04-05 18:49:30,Carlton Ave & Dean St,4199,Bergen St & Vanderbilt Ave,4157,40.680974,-73.971009,40.6794388,-73.9680438,member
585305,AF08AAE990733DB9,docked_bike,2021-04-03 15:35:58,2021-04-03 15:39:17,Carlton Ave & Dean St,4199,Bergen St & Vanderbilt Ave,4157,40.680974,-73.971009,40.6794388,-73.9680438,member
585319,6B8127E7C033FC6F,docked_bike,2021-04-22 07:48:02,2021-04-22 07:50:47,Carlton Ave & Dean St,4199,Bergen St & Vanderbilt Ave,4157,40.680974,-73.971009,40.6794388,-73.9680438,member
585360,E5111137DCA1849A,docked_bike,2021-04-24 12:28:58,2021-04-24 12:34:23,Carlton Ave & Dean St,4199,Bergen St & Vanderbilt Ave,4157,40.680974,-73.971009,40.6794388,-73.9680438,member
585388,E4352DF8E8499A01,docked_bike,2021-04-28 20:34:46,2021-04-28 20:37:40,Carlton Ave & Dean St,4199,Bergen St & Vanderbilt Ave,4157,40.680974,-73.971009,40.6794388,-73.9680438,member
589376,CE47B1456098B5C5,docked_bike,2021-04-22 20:05:49,2021-04-22 20:09:02,Carlton Ave & Dean St,4199,Bergen St & Vanderbilt Ave,4157,40.680974,-73.971009,40.6794388,-73.9680438,casual
589378,43FC4E19B191394B,docked_bike,2021-04-30 13:30:10,2021-04-30 13:33:12,Carlton Ave & Dean St,4199,Bergen St & Vanderbilt Ave,4157,40.680974,-73.971009,40.6794388,-73.9680438,member
610520,DE320A88351A00F5,docked_bike,2021-04-13 14:08:14,2021-04-13 14:18:39,Carlton Ave & Dean St,4199,Verona Pl & Fulton St,4124,40.680974,-73.971009,40.6803560840434,-73.9476791024208,member
610527,E9577947923C2C7B,docked_bike,2021-04-24 15:24:28,2021-04-24 15:57:01,Carlton Ave & Dean St,4199,Richards St & Delavan St,4202,40.680974,-73.971009,40.6794327,-74.00785041,member
610529,AE4C266E33E65E48,docked_bike,2021-04-28 17:42:53,2021-04-28 17:51:11,Carlton Ave & Dean St,4199,Cambridge Pl & Gates Ave,4377,40.680974,-73.971009,40.68488,-73.96304,member
610598,81E5AEF1A2E582E3,docked_bike,2021-04-29 22:01:38,2021-04-29 22:16:34,Carlton Ave & Dean St,4199,Verona Pl & Fulton St,4124,40.680974,-73.971009,40.6803560840434,-73.9476791024208,member
610604,40AA96E9827D344F,docked_bike,2021-04-30 07:04:48,2021-04-30 07:27:58,Carlton Ave & Dean St,4199,Van Brunt St & Wolcott St,4095,40.680974,-73.971009,40.6773429,-74.01275056,member
610954,857ED25D2480CF5D,docked_bike,2021-04-30 15:08:49,2021-04-30 15:16:29,Carlton Ave & Dean St,4199,Cambridge Pl & Gates Ave,4377,40.680974,-73.971009,40.68488,-73.96304,member
610955,56E1EBF40F1604B4,docked_bike,2021-04-22 13:57:35,2021-04-22 14:20:47,Carlton Ave & Dean St,4199,Van Brunt St & Wolcott St,4095,40.680974,-73.971009,40.6773429,-74.01275056,member
610957,B860060BE8FFEF43,docked_bike,2021-04-27 13:19:02,2021-04-27 13:36:04,Carlton Ave & Dean St,4199,Park Ave & Marcus Garvey Blvd,4768,40.680974,-73.971009,40.698617,-73.941342,member
616178,11DBFAA3B66B20E4,docked_bike,2021-04-29 07:12:43,2021-04-29 07:33:15,Carlton Ave & Dean St,4199,Van Brunt St & Wolcott St,4095,40.680974,-73.971009,40.6773429,-74.01275056,member
625646,4DB6BE4D764A324F,docked_bike,2021-04-07 19:05:29,2021-04-07 19:25:04,Carlton Ave & Dean St,4199,Halsey St & Broadway,4366,40.680974,-73.971009,40.68565,-73.91564,casual
630581,677C1D34AD93E1F6,docked_bike,2021-04-29 09:02:19,2021-04-29 09:21:26,Carlton Ave & Dean St,4199,St James Pl & Pearl St,5167,40.680974,-73.971009,40.71117416,-74.00016545,member
630588,B9791EC61FE67456,docked_bike,2021-04-18 10:47:32,2021-04-18 11:01:14,Carlton Ave & Dean St,4199,Fulton St & Adams St,4637,40.680974,-73.971009,40.69241829257847,-73.98949474096298,member
630590,F1E8B9D4F07319B6,docked_bike,2021-04-02 17:24:47,2021-04-02 17:31:42,Carlton Ave & Dean St,4199,Lafayette Ave & Classon Ave,4452,40.680974,-73.971009,40.68900443,-73.96023854,member
630777,DB7B3F9D74D641B3,docked_bike,2021-04-09 17:14:19,2021-04-09 17:20:43,Carlton Ave & Dean St,4199,Lafayette Ave & Classon Ave,4452,40.680974,-73.971009,40.68900443,-73.96023854,member
630782,A81398C2E42B3FF4,docked_bike,2021-04-20 16:51:09,2021-04-20 17:00:04,Carlton Ave & Dean St,4199,DeKalb Ave & Franklin Ave,4528,40.680974,-73.971009,40.69064807082943,-73.95746178925037,member
631802,75B2A4ECD62DEE95,docked_bike,2021-04-07 14:59:54,2021-04-07 15:15:04,Carlton Ave & Dean St,4199,DeKalb Ave & Franklin Ave,4528,40.680974,-73.971009,40.69064807082943,-73.95746178925037,casual
631806,25A034DDB54B87E0,docked_bike,2021-04-26 22:12:38,2021-04-26 22:21:13,Carlton Ave & Dean St,4199,Park Ave & St Edwards St,4700,40.680974,-73.971009,40.69608941,-73.97803415,member
631826,37B7704BFEC9B5E1,docked_bike,2021-04-22 08:40:46,2021-04-22 08:49:36,Carlton Ave & Dean St,4199,DeKalb Ave & Franklin Ave,4528,40.680974,-73.971009,40.69064807082943,-73.95746178925037,casual
631831,57BA89B1C79A16BF,docked_bike,2021-04-22 16:38:11,2021-04-22 16:45:16,Carlton Ave & Dean St,4199,Lafayette Ave & Classon Ave,4452,40.680974,-73.971009,40.68900443,-73.96023854,member
633257,5DFDB2F212845BD8,docked_bike,2021-04-13 07:16:01,2021-04-13 07:28:05,Carlton Ave & Dean St,4199,Fulton St & Adams St,4637,40.680974,-73.971009,40.69241829257847,-73.98949474096298,member
633258,C4A584FD1E926791,docked_bike,2021-04-14 07:19:39,2021-04-14 07:30:32,Carlton Ave & Dean St,4199,Fulton St & Adams St,4637,40.680974,-73.971009,40.69241829257847,-73.98949474096298,member
633263,1B0A282D799A66F0,docked_bike,2021-04-03 14:41:02,2021-04-03 14:56:10,Carlton Ave & Dean St,4199,DeKalb Ave & Franklin Ave,4528,40.680974,-73.971009,40.69064807082943,-73.95746178925037,casual
633272,526E2F96D9681417,docked_bike,2021-04-18 10:46:36,2021-04-18 11:01:08,Carlton Ave & Dean St,4199,Fulton St & Adams St,4637,40.680974,-73.97101,40.692418,-73.989495,member
637117,D2E60F238C8F9996,docked_bike,2021-04-07 15:03:12,2021-04-07 15:15:09,Carlton Ave & Dean St,4199,DeKalb Ave & Franklin Ave,4528,40.680974,-73.97101,40.690648,-73.957462,casual
637121,73B07F87306870BE,docked_bike,2021-04-08 10:18:12,2021-04-08 10:35:25,Carlton Ave & Dean St,4199,St James Pl & Pearl St,5167,40.680974,-73.971009,40.71117416,-74.00016545,member
637134,81B496DE106A27F8,docked_bike,2021-04-05 21:47:40,2021-04-05 21:54:31,Carlton Ave & Dean St,4199,Fulton St & Adams St,4637,40.680974,-73.971009,40.69241829257847,-73.98949474096298,member
637137,0824EC564E7D275E,docked_bike,2021-04-23 08:44:02,2021-04-23 08:58:13,Carlton Ave & Dean St,4199,Fulton St & Adams St,4637,40.680974,-73.971009,40.69241829257847,-73.98949474096298,casual
637145,A6957661B21445B2,docked_bike,2021-04-19 18:42:38,2021-04-19 18:57:12,Carlton Ave & Dean St,4199,Fulton St & Adams St,4637,40.680974,-73.971009,40.69241829257847,-73.98949474096298,member
637153,88960A10E8FFF9EA,docked_bike,2021-04-22 16:39:07,2021-04-22 16:51:27,Carlton Ave & Dean St,4199,Lafayette Ave & Classon Ave,4452,40.680974,-73.971009,40.68900443,-73.96023854,casual
637195,96B321D4F32E1AD4,docked_bike,2021-04-16 09:32:52,2021-04-16 09:54:16,Carlton Ave & Dean St,4199,St James Pl & Pearl St,5167,40.680974,-73.971009,40.71117416,-74.00016545,member
637572,7D6E407A14BFFE5A,docked_bike,2021-04-20 17:54:56,2021-04-20 18:04:48,Carlton Ave & Dean St,4199,Lafayette Ave & Classon Ave,4452,40.680974,-73.971009,40.68900443,-73.96023854,member
637575,AB66EC42B62DAF7E,docked_bike,2021-04-10 17:09:43,2021-04-10 17:18:26,Carlton Ave & Dean St,4199,Lafayette Ave & Classon Ave,4452,40.680974,-73.971009,40.68900443,-73.96023854,member
643819,648E1ECFCEEBB6B4,docked_bike,2021-04-02 16:32:12,2021-04-02 16:56:44,Carlton Ave & Dean St,4199,Banker St & Meserole Ave,5633,40.680974,-73.971009,40.72606,-73.95621,member
643824,1D6B78C8A12BBE29,docked_bike,2021-04-23 10:46:03,2021-04-23 11:11:12,Carlton Ave & Dean St,4199,Banker St & Meserole Ave,5633,40.680974,-73.971009,40.72606,-73.95621,member
649596,37D217664CB4C46E,docked_bike,2021-04-06 08:18:21,2021-04-06 08:30:31,Carlton Ave & Dean St,4199,Nassau St & Navy St,4812,40.680974,-73.971009,40.69839895,-73.98068914,member
661970,AEC786A2EC028243,docked_bike,2021-04-20 19:15:54,2021-04-20 19:20:48,Carlton Ave & Dean St,4199,Lafayette Ave & Fort Greene Pl,4395,40.680974,-73.971009,40.68691865,-73.976682,member
661979,4BDC557EDC352C79,docked_bike,2021-04-16 14:18:57,2021-04-16 14:23:48,Carlton Ave & Dean St,4199,Lafayette Ave & Fort Greene Pl,4395,40.680974,-73.971009,40.68691865,-73.976682,casual
661981,C7ACEA8CF90396B9,docked_bike,2021-04-08 18:29:47,2021-04-08 18:38:29,Carlton Ave & Dean St,4199,Lafayette Ave & Fort Greene Pl,4395,40.680974,-73.971009,40.68691865,-73.976682,member
661985,E8790C2DE69C144C,docked_bike,2021-04-25 19:12:16,2021-04-25 19:20:03,Carlton Ave & Dean St,4199,Lafayette Ave & Fort Greene Pl,4395,40.680974,-73.971009,40.68691865,-73.976682,casual
661987,E15CAB3DF0C2861A,docked_bike,2021-04-30 15:51:38,2021-04-30 15:59:22,Carlton Ave & Dean St,4199,Lafayette Ave & Fort Greene Pl,4395,40.680974,-73.971009,40.68691865,-73.976682,member
661989,990288EF5FE6430B,docked_bike,2021-04-08 16:57:32,2021-04-08 17:01:13,Carlton Ave & Dean St,4199,Lafayette Ave & Fort Greene Pl,4395,40.680974,-73.971009,40.68691865,-73.976682,member
661993,1C2C9449B85B5BD8,docked_bike,2021-04-17 21:47:27,2021-04-17 21:55:26,Carlton Ave & Dean St,4199,Hancock St & Bedford Ave,4255,40.680974,-73.971009,40.68216564,-73.95399026,member
661994,13F03F0EE61CC45A,docked_bike,2021-04-13 22:20:40,2021-04-13 22:37:37,Carlton Ave & Dean St,4199,Graham Ave & Grand St,5178,40.680974,-73.971009,40.711863,-73.944024,casual
662003,7012CE8228FF2F2C,docked_bike,2021-04-30 16:28:32,2021-04-30 16:35:14,Carlton Ave & Dean St,4199,Lafayette Ave & Fort Greene Pl,4395,40.680974,-73.971009,40.68691865,-73.976682,member
662009,4DCC48EF312F3E1C,docked_bike,2021-04-22 10:44:11,2021-04-22 10:50:46,Carlton Ave & Dean St,4199,Lafayette Ave & Fort Greene Pl,4395,40.680974,-73.971009,40.68691865,-73.976682,member
662012,F20C2C741AED85C4,docked_bike,2021-04-08 21:37:32,2021-04-08 21:41:31,Carlton Ave & Dean St,4199,Lafayette Ave & Fort Greene Pl,4395,40.680974,-73.971009,40.68691865,-73.976682,casual
662016,2E537D4E9EB1149F,docked_bike,2021-04-17 21:39:21,2021-04-17 21:43:55,Carlton Ave & Dean St,4199,Lafayette Ave & Fort Greene Pl,4395,40.680974,-73.971009,40.68691865,-73.976682,casual
662046,4FE934617660FDE2,docked_bike,2021-04-21 19:12:15,2021-04-21 19:19:18,Carlton Ave & Dean St,4199,Lafayette Ave & Fort Greene Pl,4395,40.680974,-73.971009,40.68691865,-73.976682,member
662048,D418B9A9EFEBC292,docked_bike,2021-04-24 17:24:33,2021-04-24 17:48:25,Carlton Ave & Dean St,4199,Graham Ave & Grand St,5178,40.680974,-73.971009,40.711863,-73.944024,casual
662049,E3545016218328E5,docked_bike,2021-04-04 15:51:05,2021-04-04 15:59:16,Carlton Ave & Dean St,4199,Hancock St & Bedford Ave,4255,40.680974,-73.971009,40.68216564,-73.95399026,casual
662055,EF946BC2420EF068,docked_bike,2021-04-04 19:14:28,2021-04-04 19:33:33,Carlton Ave & Dean St,4199,Graham Ave & Grand St,5178,40.680974,-73.971009,40.711863,-73.944024,casual
666586,52C45C7543950625,docked_bike,2021-04-13 09:33:25,2021-04-13 09:54:51,Carlton Ave & Dean St,4199,N 12 St & Bedford Ave,5450,40.680974,-73.971009,40.72079821,-73.95484712,member
666595,A2200F775923D326,docked_bike,2021-04-03 22:59:16,2021-04-03 23:03:29,Carlton Ave & Dean St,4199,Lafayette Ave & Fort Greene Pl,4395,40.680974,-73.971009,40.68691865,-73.976682,casual
666597,743EFD8019F50976,docked_bike,2021-04-08 16:11:13,2021-04-08 16:19:30,Carlton Ave & Dean St,4199,Lafayette Ave & Fort Greene Pl,4395,40.680974,-73.971009,40.68691865,-73.976682,member
666602,48FA776E287A8759,docked_bike,2021-04-25 21:37:12,2021-04-25 21:41:25,Carlton Ave & Dean St,4199,Lafayette Ave & Fort Greene Pl,4395,40.680974,-73.971009,40.68691865,-73.976682,member
666607,F3C85FB0C3C23F11,docked_bike,2021-04-16 09:17:55,2021-04-16 09:29:25,Carlton Ave & Dean St,4199,Hancock St & Bedford Ave,4255,40.680974,-73.971009,40.68216564,-73.95399026,casual
666622,93AE3A7E9C0C81CF,docked_bike,2021-04-23 14:48:58,2021-04-23 14:51:49,Carlton Ave & Dean St,4199,Lafayette Ave & Fort Greene Pl,4395,40.680974,-73.971009,40.68691865,-73.976682,casual
666634,0ADFCF800B526700,docked_bike,2021-04-15 21:03:45,2021-04-15 21:07:01,Carlton Ave & Dean St,4199,Lafayette Ave & Fort Greene Pl,4395,40.680974,-73.971009,40.68691865,-73.976682,casual
666639,FA8772356E6171AC,docked_bike,2021-04-24 14:44:25,2021-04-24 14:57:20,Carlton Ave & Dean St,4199,Lafayette Ave & Fort Greene Pl,4395,40.680974,-73.971009,40.68691865,-73.976682,member
668995,9E1FFED195FEF5D5,docked_bike,2021-04-29 22:39:44,2021-04-29 22:42:57,Carlton Ave & Dean St,4199,Lafayette Ave & Fort Greene Pl,4395,40.680974,-73.971009,40.68691865,-73.976682,casual
668998,829F446BC82385BA,docked_bike,2021-04-10 23:20:55,2021-04-10 23:24:08,Carlton Ave & Dean St,4199,Lafayette Ave & Fort Greene Pl,4395,40.680974,-73.971009,40.68691865,-73.976682,casual
669000,242208E4146DC0C0,docked_bike,2021-04-30 15:19:16,2021-04-30 15:25:21,Carlton Ave & Dean St,4199,Lafayette Ave & Fort Greene Pl,4395,40.680974,-73.971009,40.68691865,-73.976682,member
669001,472F5B6D49DABF12,docked_bike,2021-04-18 12:32:53,2021-04-18 12:37:09,Carlton Ave & Dean St,4199,Lafayette Ave & Fort Greene Pl,4395,40.680974,-73.971009,40.68691865,-73.976682,member
669006,E9D6B25F0568ACE8,docked_bike,2021-04-12 22:42:18,2021-04-12 23:20:06,Carlton Ave & Dean St,4199,Lafayette Ave & Fort Greene Pl,4395,40.680974,-73.971009,40.68691865,-73.976682,casual
679611,BE8D3BD65DD53997,docked_bike,2021-04-01 16:44:01,2021-04-01 16:57:58,Carlton Ave & Dean St,4199,Greene Ave & Throop Ave,4510,40.680974,-73.971009,40.6894932,-73.942061,member
679612,B3BEB69BE8EE0403,docked_bike,2021-04-28 17:01:35,2021-04-28 17:38:21,Carlton Ave & Dean St,4199,1 Ave & E 62 St,6753,40.680974,-73.971009,40.7612274,-73.96094022,member
679617,4FB1017DD2F22687,docked_bike,2021-04-05 09:44:17,2021-04-05 09:58:23,Carlton Ave & Dean St,4199,Greene Ave & Throop Ave,4510,40.680974,-73.971009,40.6894932,-73.942061,casual
679621,E236F0DE8009CA61,docked_bike,2021-04-09 18:32:20,2021-04-09 18:39:29,Carlton Ave & Dean St,4199,Franklin Ave & St Marks Ave,4107,40.680974,-73.971009,40.6758324,-73.9561677,member
679624,7C4B5387139A39DE,docked_bike,2021-04-14 15:54:13,2021-04-14 16:07:16,Carlton Ave & Dean St,4199,Franklin Ave & St Marks Ave,4107,40.680974,-73.971009,40.6758324,-73.9561677,casual
679625,5D2CF43E9D9F106F,docked_bike,2021-04-05 13:56:54,2021-04-05 14:07:14,Carlton Ave & Dean St,4199,Clinton St & Union St,4266,40.680974,-73.971009,40.6831164,-73.99785267,member
679634,B96D550E5A02E641,docked_bike,2021-04-14 17:55:42,2021-04-14 18:03:19,Carlton Ave & Dean St,4199,Sterling Pl & Bedford Ave,3993,40.680974,-73.971009,40.672695,-73.954131,member
679637,5B8F52EA92ED0074,docked_bike,2021-04-05 22:10:41,2021-04-05 22:27:25,Carlton Ave & Dean St,4199,Clinton St & Union St,4266,40.680974,-73.971009,40.6831164,-73.99785267,member
684928,EE66428C347AAC3C,docked_bike,2021-04-27 14:28:03,2021-04-27 14:33:06,Carlton Ave & Dean St,4199,Bergen St & 4 Ave,4322,40.680974,-73.971009,40.68256425759694,-73.9798977971077,member
684930,A6E8B498167E66C2,docked_bike,2021-04-09 15:27:50,2021-04-09 15:44:40,Carlton Ave & Dean St,4199,Greene Ave & Throop Ave,4510,40.680974,-73.971009,40.6894932,-73.942061,casual
684940,6E76A77A6D1FE190,docked_bike,2021-04-16 14:15:48,2021-04-16 14:26:37,Carlton Ave & Dean St,4199,Greene Ave & Throop Ave,4510,40.680974,-73.971009,40.6894932,-73.942061,casual
684947,24E36C30B4091964,docked_bike,2021-04-18 14:45:51,2021-04-18 14:53:26,Carlton Ave & Dean St,4199,Franklin Ave & St Marks Ave,4107,40.680974,-73.971009,40.6758324,-73.9561677,casual
684971,A7C4F6B94B466AF5,docked_bike,2021-04-19 14:18:22,2021-04-19 14:29:28,Carlton Ave & Dean St,4199,Greene Ave & Throop Ave,4510,40.680974,-73.971009,40.6894932,-73.942061,casual
684974,D5140798008C1CA8,docked_bike,2021-04-24 13:15:32,2021-04-24 13:22:56,Carlton Ave & Dean St,4199,Franklin Ave & St Marks Ave,4107,40.680974,-73.971009,40.6758324,-73.9561677,member
685038,9536BEC36E59FFF8,docked_bike,2021-04-24 18:04:37,2021-04-24 18:16:26,Carlton Ave & Dean St,4199,Sterling Pl & Bedford Ave,3993,40.680974,-73.971009,40.672695,-73.954131,member
685042,89DCE0F77FA154CD,docked_bike,2021-04-05 14:59:29,2021-04-05 15:11:07,Carlton Ave & Dean St,4199,Greene Ave & Throop Ave,4510,40.680974,-73.971009,40.6894932,-73.942061,casual
685044,0C90D461149C0A2F,docked_bike,2021-04-24 22:25:53,2021-04-24 22:34:16,Carlton Ave & Dean St,4199,Franklin Ave & St Marks Ave,4107,40.680974,-73.971009,40.6758324,-73.9561677,member
693893,C226229382DF2203,docked_bike,2021-04-06 19:04:52,2021-04-06 19:27:37,Carlton Ave & Dean St,4199,Kent Ave & N 7 St,5489,40.680974,-73.971009,40.72036775298455,-73.96165072917938,member
693894,7A29715FD84008B2,docked_bike,2021-04-19 13:49:05,2021-04-19 14:15:11,Carlton Ave & Dean St,4199,Kent Ave & N 7 St,5489,40.680974,-73.971009,40.72036775298455,-73.96165072917938,member
694006,2D05F5A79AC0D92E,docked_bike,2021-04-19 13:48:52,2021-04-19 14:15:13,Carlton Ave & Dean St,4199,Kent Ave & N 7 St,5489,40.680974,-73.971009,40.72036775298455,-73.96165072917938,casual
698270,7537A0CCEA91D284,docked_bike,2021-04-20 16:47:00,2021-04-20 17:09:11,Carlton Ave & Dean St,4199,Kent Ave & N 7 St,5489,40.680974,-73.971009,40.72036775298455,-73.96165072917938,member
710393,C650C1AEFD793D0E,docked_bike,2021-04-14 17:39:03,2021-04-14 17:48:50,Carlton Ave & Dean St,4199,3 St & Prospect Park West,3865,40.680974,-73.971009,40.668132,-73.97363831,member
710398,1C8AE7B54E47CC7B,docked_bike,2021-04-14 07:59:13,2021-04-14 08:07:36,Carlton Ave & Dean St,4199,3 St & Prospect Park West,3865,40.680974,-73.971009,40.668132,-73.97363831,member
710399,9C61B79D81BDB3CC,docked_bike,2021-04-27 08:15:55,2021-04-27 08:27:14,Carlton Ave & Dean St,4199,3 St & Prospect Park West,3865,40.680974,-73.971009,40.668132,-73.97363831,member
710454,4B0A7D45FFD78CD3,docked_bike,2021-04-14 17:40:28,2021-04-14 18:10:02,Carlton Ave & Dean St,4199,3 St & Prospect Park West,3865,40.680974,-73.971009,40.668132,-73.97363831,member
710460,7FB9C65E212EA748,docked_bike,2021-04-14 19:15:53,2021-04-14 19:47:00,Carlton Ave & Dean St,4199,Carmine St & 6 Ave,5763,40.680974,-73.971009,40.73038599,-74.00214988,member
710461,022FFC5543BC6550,docked_bike,2021-04-13 12:08:43,2021-04-13 12:16:40,Carlton Ave & Dean St,4199,3 St & Prospect Park West,3865,40.680974,-73.971009,40.668132,-73.97363831,member
710466,0458C19E349A3683,docked_bike,2021-04-28 08:01:12,2021-04-28 08:10:39,Carlton Ave & Dean St,4199,3 St & Prospect Park West,3865,40.680974,-73.971009,40.668132,-73.97363831,member
710963,D59950A570AB130B,docked_bike,2021-04-20 08:01:59,2021-04-20 08:11:55,Carlton Ave & Dean St,4199,3 St & Prospect Park West,3865,40.680974,-73.971009,40.668132,-73.97363831,member
710965,78D82C4B08CC48C5,docked_bike,2021-04-09 08:07:08,2021-04-09 08:16:50,Carlton Ave & Dean St,4199,3 St & Prospect Park West,3865,40.680974,-73.971009,40.668132,-73.97363831,member
718790,D061FCA6AA01FB5C,docked_bike,2021-04-01 11:59:05,2021-04-01 12:06:36,Carlton Ave & Dean St,4199,3 St & Prospect Park West,3865,40.680974,-73.971009,40.668132,-73.97363831,member
718798,C7D8D48FCC93108E,docked_bike,2021-04-30 16:18:14,2021-04-30 16:26:32,Carlton Ave & Dean St,4199,3 St & Prospect Park West,3865,40.680974,-73.971009,40.668132,-73.97363831,member
718853,F3739EE4B8E63824,docked_bike,2021-04-19 08:19:14,2021-04-19 08:29:16,Carlton Ave & Dean St,4199,3 St & Prospect Park West,3865,40.680974,-73.971009,40.668132,-73.97363831,member
718855,58460BA933A7CD9A,docked_bike,2021-04-19 14:40:36,2021-04-19 15:35:18,Carlton Ave & Dean St,4199,W 22 St & 8 Ave,6224,40.680974,-73.971009,40.74475148,-73.99915362,member
718890,5EF151ABA1AD868B,docked_bike,2021-04-13 08:04:16,2021-04-13 08:14:40,Carlton Ave & Dean St,4199,3 St & Prospect Park West,3865,40.680974,-73.971009,40.668132,-73.97363831,member
718897,40F7A98752E122EF,docked_bike,2021-04-21 08:07:20,2021-04-21 08:17:21,Carlton Ave & Dean St,4199,3 St & Prospect Park West,3865,40.680974,-73.971009,40.668132,-73.97363831,member
718898,3483265AB9D1E357,docked_bike,2021-04-26 09:14:56,2021-04-26 09:50:01,Carlton Ave & Dean St,4199,Mercer St & Bleecker St,5679,40.680974,-73.971009,40.72706363348306,-73.99662137031554,casual
718903,467B3787C81EA116,docked_bike,2021-04-24 17:46:20,2021-04-24 18:02:46,Carlton Ave & Dean St,4199,Throop Ave & Myrtle Ave,4697,40.680974,-73.971009,40.69622937,-73.94371094,casual
718906,8EF0BA563AF804C0,docked_bike,2021-04-29 02:26:33,2021-04-29 02:38:22,Carlton Ave & Dean St,4199,Throop Ave & Myrtle Ave,4697,40.680974,-73.971009,40.69622937,-73.94371094,member
718909,689C750AC1E05B4E,docked_bike,2021-04-08 19:21:17,2021-04-08 19:32:55,Carlton Ave & Dean St,4199,3 St & Prospect Park West,3865,40.680974,-73.971009,40.668132,-73.97363831,member
744979,90021F839EB8FE18,docked_bike,2021-04-08 17:08:49,2021-04-08 17:59:50,Carlton Ave & Dean St,4199,Metropolitan Ave & Bedford Ave,5308,40.680974,-73.97101,40.715348,-73.960241,member
744982,106A8B8EC2CF2C52,docked_bike,2021-04-19 16:32:34,2021-04-19 16:32:58,Carlton Ave & Dean St,4199,Dean St & Franklin Ave,4107,40.680974,-73.971009,40.67759206937376,-73.955637216568,member
744987,F235A1837D55009E,docked_bike,2021-04-01 17:40:17,2021-04-01 17:46:23,Carlton Ave & Dean St,4199,Adelphi St & Myrtle Ave,4620,40.680974,-73.971009,40.69308257,-73.97178913,member
744990,11F1476FC86BEE64,docked_bike,2021-04-08 18:55:06,2021-04-08 19:02:25,Carlton Ave & Dean St,4199,Dean St & Franklin Ave,4107,40.680974,-73.971009,40.67759206937376,-73.955637216568,member
745950,34887E2CB192B85C,docked_bike,2021-04-29 12:19:56,2021-04-29 12:38:20,Carlton Ave & Dean St,4199,Dean St & Franklin Ave,4107,40.680974,-73.971009,40.67759206937376,-73.955637216568,casual
745954,42D421C4A5BA367F,docked_bike,2021-04-24 14:21:37,2021-04-24 14:30:08,Carlton Ave & Dean St,4199,Adelphi St & Myrtle Ave,4620,40.680974,-73.971009,40.69308257,-73.97178913,member
745955,90A614A6B1B924C9,docked_bike,2021-04-22 17:32:57,2021-04-22 17:40:09,Carlton Ave & Dean St,4199,Adelphi St & Myrtle Ave,4620,40.680974,-73.971009,40.69308257,-73.97178913,member
745958,B59873E95C820E06,docked_bike,2021-04-06 14:04:38,2021-04-06 14:12:02,Carlton Ave & Dean St,4199,Dean St & Franklin Ave,4107,40.680974,-73.971009,40.67759206937376,-73.955637216568,member
745960,A94950C258B36634,docked_bike,2021-04-03 17:50:41,2021-04-03 18:11:27,Carlton Ave & Dean St,4199,N 11 St & Kent Ave,5489,40.680974,-73.971009,40.72248188638219,-73.95921930670738,member
746020,90B3AA72C42302E4,docked_bike,2021-04-13 18:53:10,2021-04-13 19:02:07,Carlton Ave & Dean St,4199,Dean St & Franklin Ave,4107,40.680974,-73.971009,40.67759206937376,-73.955637216568,member
746026,8D7CBDD5A9C84251,docked_bike,2021-04-24 15:04:35,2021-04-24 15:27:07,Carlton Ave & Dean St,4199,N 11 St & Kent Ave,5489,40.680974,-73.971009,40.72248188638219,-73.95921930670738,member
746029,67F736CA75C8E233,docked_bike,2021-04-10 16:58:54,2021-04-10 17:06:59,Carlton Ave & Dean St,4199,Adelphi St & Myrtle Ave,4620,40.680974,-73.971009,40.69308257,-73.97178913,member
749808,7018123EE52EACED,docked_bike,2021-04-24 19:23:33,2021-04-24 19:29:42,Carlton Ave & Dean St,4199,Adelphi St & Myrtle Ave,4620,40.680974,-73.971009,40.69308257,-73.97178913,member
756466,80F0B2EE2D5C8B94,docked_bike,2021-04-06 16:18:58,2021-04-06 17:05:19,Carlton Ave & Dean St,4199,6 Ave & W 33 St,6364,40.680974,-73.971009,40.74901271,-73.98848395,member
756504,8561E56D8A98964D,docked_bike,2021-04-03 14:52:54,2021-04-03 15:26:31,Carlton Ave & Dean St,4199,E 4 St & 2 Ave,5593,40.680974,-73.971009,40.7262807,-73.98978041,member
756520,77246960F50200F4,docked_bike,2021-04-29 20:10:19,2021-04-29 20:19:29,Carlton Ave & Dean St,4199,Emerson Pl & Myrtle Ave,4683,40.680974,-73.971009,40.69363137,-73.96223558,member
760545,5F43D8786CEF68FC,docked_bike,2021-04-10 20:25:27,2021-04-10 20:38:10,Carlton Ave & Dean St,4199,Lewis Ave & Decatur St,4237,40.680974,-73.971009,40.6814598,-73.934903,member
760551,03A6F9760C8C15BB,docked_bike,2021-04-25 12:09:43,2021-04-25 12:43:58,Carlton Ave & Dean St,4199,Driggs Ave & N Henry St,5542,40.680974,-73.971009,40.72325,-73.94308,member
760552,74C033A1457580D3,docked_bike,2021-04-17 18:39:57,2021-04-17 18:56:24,Carlton Ave & Dean St,4199,Lewis Ave & Decatur St,4237,40.680974,-73.971009,40.6814598,-73.934903,casual
760568,E6B12C2FA691E7D6,docked_bike,2021-04-10 20:25:13,2021-04-10 20:38:08,Carlton Ave & Dean St,4199,Lewis Ave & Decatur St,4237,40.680974,-73.971009,40.6814598,-73.934903,member
760579,4BA34E2A8B3C3B64,docked_bike,2021-04-30 20:50:45,2021-04-30 21:19:15,Carlton Ave & Dean St,4199,Driggs Ave & N Henry St,5542,40.680974,-73.971009,40.72325,-73.94308,member
767233,A99D29A959112B3B,docked_bike,2021-04-09 14:17:05,2021-04-09 14:27:31,Carlton Ave & Dean St,4199,Emerson Pl & Myrtle Ave,4683,40.680974,-73.971009,40.69363137,-73.96223558,member
777948,5FC328C47282ED91,docked_bike,2021-04-14 20:07:38,2021-04-14 20:20:06,Carlton Ave & Dean St,4199,Prospect Pl & 6 Ave,4166,40.680974,-73.971009,40.6793307,-73.97519523,member
777977,AFB05275B535384A,docked_bike,2021-04-15 19:01:02,2021-04-15 19:04:49,Carlton Ave & Dean St,4199,Baltic St & 5 Ave,4208,40.680974,-73.971009,40.6795766,-73.97854971,member
777978,29F1510C3BF2A228,docked_bike,2021-04-10 18:55:33,2021-04-10 18:59:56,Carlton Ave & Dean St,4199,Baltic St & 5 Ave,4208,40.680974,-73.971009,40.6795766,-73.97854971,member
777980,DD7CE4D3695D6100,docked_bike,2021-04-29 22:41:45,2021-04-29 22:52:34,Carlton Ave & Dean St,4199,Clinton St & Joralemon St,4605,40.680974,-73.971009,40.69239502,-73.99337909,casual
778023,9471DB3C9D89DE49,docked_bike,2021-04-06 18:12:51,2021-04-06 18:16:56,Carlton Ave & Dean St,4199,Baltic St & 5 Ave,4208,40.680974,-73.971009,40.6795766,-73.97854971,member
778031,8C4FC0B9A416D0F0,docked_bike,2021-04-25 00:33:24,2021-04-25 01:00:55,Carlton Ave & Dean St,4199,Prospect Pl & 6 Ave,4166,40.680974,-73.971009,40.6793307,-73.97519523,member
778076,BA045DF3276EF919,docked_bike,2021-04-25 14:46:09,2021-04-25 15:04:55,Carlton Ave & Dean St,4199,Pioneer St & Van Brunt St,4169,40.680974,-73.971009,40.679043,-74.011169,member
778186,27660BA7D2D4181F,docked_bike,2021-04-04 20:27:20,2021-04-04 20:56:39,Carlton Ave & Dean St,4199,George St & Wilson Ave,4906,40.680974,-73.971009,40.702997,-73.92997,casual
778191,386C9B0389BBF583,docked_bike,2021-04-05 16:21:44,2021-04-05 16:26:50,Carlton Ave & Dean St,4199,Prospect Pl & 6 Ave,4166,40.680974,-73.971009,40.6793307,-73.97519523,member
778918,31F7881877F0D540,docked_bike,2021-04-19 17:38:53,2021-04-19 17:57:17,Carlton Ave & Dean St,4199,Pioneer St & Van Brunt St,4169,40.680974,-73.971009,40.679043,-74.011169,member
778919,4DFD67DF23150FCF,docked_bike,2021-04-05 14:26:30,2021-04-05 14:44:07,Carlton Ave & Dean St,4199,Pioneer St & Van Brunt St,4169,40.680974,-73.971009,40.679043,-74.011169,member
794440,34ACD37F3ED5A634,docked_bike,2021-04-13 22:45:21,2021-04-13 23:01:35,Carlton Ave & Dean St,4199,George St & Wilson Ave,4906,40.680974,-73.971009,40.702997,-73.92997,member
794463,2C60A142C6927860,docked_bike,2021-04-30 22:45:06,2021-04-30 22:49:33,Carlton Ave & Dean St,4199,Baltic St & 5 Ave,4208,40.680974,-73.971009,40.6795766,-73.97854971,member
794464,BABF16EEEEEFB527,docked_bike,2021-04-26 18:24:10,2021-04-26 18:28:44,Carlton Ave & Dean St,4199,Baltic St & 5 Ave,4208,40.680974,-73.971009,40.6795766,-73.97854971,member
794470,872BF59427638D65,docked_bike,2021-04-10 19:26:42,2021-04-10 19:31:39,Carlton Ave & Dean St,4199,Baltic St & 5 Ave,4208,40.680974,-73.97101,40.679577,-73.97855,member
794491,48D0B52F8B2A7E2E,docked_bike,2021-04-27 18:12:01,2021-04-27 18:16:53,Carlton Ave & Dean St,4199,Baltic St & 5 Ave,4208,40.680974,-73.971009,40.6795766,-73.97854971,member
794498,54FB57D4561D2143,docked_bike,2021-04-30 20:37:23,2021-04-30 20:40:37,Carlton Ave & Dean St,4199,Prospect Pl & 6 Ave,4166,40.680974,-73.971009,40.6793307,-73.97519523,member
794499,9C03F34FE531CF60,docked_bike,2021-04-14 14:21:28,2021-04-14 14:34:47,Carlton Ave & Dean St,4199,Clinton St & Joralemon St,4605,40.680974,-73.971009,40.69239502,-73.99337909,member
795088,BBDDCEBA082C3583,docked_bike,2021-04-07 18:30:47,2021-04-07 19:01:06,Carlton Ave & Dean St,4199,Nassau Ave & Russell St,5581,40.680974,-73.971009,40.72557,-73.94434,casual
795101,3C4CB32644AFF118,docked_bike,2021-04-26 13:13:01,2021-04-26 13:36:59,Carlton Ave & Dean St,4199,Pioneer St & Van Brunt St,4169,40.680974,-73.971009,40.679043,-74.011169,casual
806666,5549350CC8AE4264,docked_bike,2021-04-16 08:12:34,2021-04-16 08:22:00,Carlton Ave & Dean St,4199,Willoughby St & Fleet St,4628,40.680974,-73.971009,40.69196566,-73.9813018,member
806672,20AE6A687CA907D4,docked_bike,2021-04-23 16:24:32,2021-04-23 16:32:12,Carlton Ave & Dean St,4199,1 St & 6 Ave,3946,40.680974,-73.971009,40.672784,-73.979826,member
806685,AC330D983403A1B2,docked_bike,2021-04-24 11:21:01,2021-04-24 11:29:20,Carlton Ave & Dean St,4199,Warren St & Smith St,4371,40.680974,-73.971009,40.68542400997018,-73.99127773940563,casual
806694,30DC69774FF60150,docked_bike,2021-04-16 00:19:47,2021-04-16 00:27:04,Carlton Ave & Dean St,4199,6 Ave & 12 St,3803,40.680974,-73.971009,40.6663181,-73.9854617,member
806724,FD78C993A2BC5E3F,docked_bike,2021-04-12 07:53:20,2021-04-12 08:05:05,Carlton Ave & Dean St,4199,Willoughby St & Fleet St,4628,40.680974,-73.971009,40.69196566,-73.9813018,member
806742,6671CAD0FB8E6CAC,docked_bike,2021-04-29 15:09:39,2021-04-29 15:17:43,Carlton Ave & Dean St,4199,6 Ave & 12 St,3803,40.680974,-73.971009,40.6663181,-73.9854617,member
806795,E5118898B4FE9D2D,docked_bike,2021-04-27 12:32:53,2021-04-27 12:44:06,Carlton Ave & Dean St,4199,6 Ave & 12 St,3803,40.680974,-73.971009,40.6663181,-73.9854617,casual
806797,F516F25D5EC51498,docked_bike,2021-04-29 18:57:07,2021-04-29 19:07:27,Carlton Ave & Dean St,4199,Marcus Garvey Blvd & Macon St,4278,40.680974,-73.971009,40.682601,-73.938037,member
806803,67EDF1C49A5BE59F,docked_bike,2021-04-17 15:15:28,2021-04-17 15:24:30,Carlton Ave & Dean St,4199,Willoughby St & Fleet St,4628,40.680974,-73.971009,40.69196566,-73.9813018,member
806816,F58FC7E243070A63,docked_bike,2021-04-21 20:08:05,2021-04-21 20:18:19,Carlton Ave & Dean St,4199,6 Ave & 12 St,3803,40.680974,-73.971009,40.6663181,-73.9854617,casual
806817,4E26E042A5DC07E8,docked_bike,2021-04-19 19:41:34,2021-04-19 19:59:29,Carlton Ave & Dean St,4199,Bushwick Ave & Powers St,5250,40.680974,-73.971009,40.71247661,-73.94100005,member
806848,7BC0EC842694CCFE,docked_bike,2021-04-30 17:56:59,2021-04-30 18:07:25,Carlton Ave & Dean St,4199,6 Ave & 12 St,3803,40.680974,-73.971009,40.6663181,-73.9854617,member
806849,EFBFF1E89924F046,docked_bike,2021-04-21 16:21:27,2021-04-21 16:29:41,Carlton Ave & Dean St,4199,6 Ave & 12 St,3803,40.680974,-73.971009,40.6663181,-73.9854617,member
807851,B2FAA746BC0A552D,docked_bike,2021-04-18 09:33:03,2021-04-18 09:42:22,Carlton Ave & Dean St,4199,Willoughby St & Fleet St,4628,40.680974,-73.971009,40.69196566,-73.9813018,member
807854,D1695FC78639428F,docked_bike,2021-04-02 17:44:00,2021-04-02 18:28:00,Carlton Ave & Dean St,4199,1 Ave & E 68 St,6822,40.680974,-73.971009,40.76500525,-73.95818491,member
807876,15702F1F50D94363,docked_bike,2021-04-13 15:01:21,2021-04-13 15:10:58,Carlton Ave & Dean St,4199,6 Ave & 12 St,3803,40.680974,-73.971009,40.6663181,-73.9854617,member
807888,6168FA6C35FECA30,docked_bike,2021-04-16 11:09:03,2021-04-16 11:16:06,Carlton Ave & Dean St,4199,Willoughby St & Fleet St,4628,40.680974,-73.971009,40.69196566,-73.9813018,member
807891,4A9ABB7997DDACF2,docked_bike,2021-04-19 22:24:46,2021-04-19 22:32:26,Carlton Ave & Dean St,4199,Willoughby St & Fleet St,4628,40.680974,-73.971009,40.69196566,-73.9813018,member
807899,51CA7FF7489CF1DF,docked_bike,2021-04-27 12:49:35,2021-04-27 12:58:29,Carlton Ave & Dean St,4199,6 Ave & 12 St,3803,40.680974,-73.971009,40.6663181,-73.9854617,member
807907,75E1138317A536A6,docked_bike,2021-04-13 23:28:47,2021-04-13 23:51:34,Carlton Ave & Dean St,4199,Bushwick Ave & Powers St,5250,40.680974,-73.971009,40.71247661,-73.94100005,member
816542,DC81AD8FF92604C3,docked_bike,2021-04-29 18:51:35,2021-04-29 19:02:20,Carlton Ave & Dean St,4199,Willoughby St & Fleet St,4628,40.680974,-73.971009,40.69196566,-73.9813018,member
839165,75BDF8E100F6605C,docked_bike,2021-04-24 14:32:49,2021-04-24 14:56:26,Carlton Ave & Dean St,4199,S 3 St & Bedford Ave,5235,40.680974,-73.971009,40.71260486,-73.96264403,casual
839202,D0B43BB42E898EE0,docked_bike,2021-04-02 11:10:07,2021-04-02 11:20:04,Carlton Ave & Dean St,4199,Plaza St West & Flatbush Ave,4010,40.680974,-73.971009,40.6750207,-73.97111473,member
839444,12519BB3C3528BD5,docked_bike,2021-04-17 15:32:00,2021-04-17 15:38:59,Carlton Ave & Dean St,4199,Plaza St West & Flatbush Ave,4010,40.680974,-73.971009,40.6750207,-73.97111473,member
839474,941B6220C6D787CE,docked_bike,2021-04-18 14:26:27,2021-04-18 14:41:42,Carlton Ave & Dean St,4199,Plaza St West & Flatbush Ave,4010,40.680974,-73.971009,40.6750207,-73.97111473,member
841074,55897FFDC59B09D2,docked_bike,2021-04-07 16:39:35,2021-04-07 16:49:02,Carlton Ave & Dean St,4199,Plaza St West & Flatbush Ave,4010,40.680974,-73.971009,40.6750207,-73.97111473,member
841089,85016F4E9369D9BA,docked_bike,2021-04-03 19:54:12,2021-04-03 19:59:30,Carlton Ave & Dean St,4199,Plaza St West & Flatbush Ave,4010,40.680974,-73.971009,40.6750207,-73.97111473,member
841108,59D034166D07E470,docked_bike,2021-04-25 15:37:09,2021-04-25 15:54:27,Carlton Ave & Dean St,4199,S 3 St & Bedford Ave,5235,40.680974,-73.971009,40.71260486,-73.96264403,casual
841114,738DE85D87960C45,docked_bike,2021-04-06 20:12:20,2021-04-06 20:16:54,Carlton Ave & Dean St,4199,Plaza St West & Flatbush Ave,4010,40.680974,-73.971009,40.6750207,-73.97111473,member
841140,520DE4AADC65D96B,docked_bike,2021-04-25 08:01:25,2021-04-25 08:04:42,Carlton Ave & Dean St,4199,Plaza St West & Flatbush Ave,4010,40.680974,-73.971009,40.6750207,-73.97111473,member
841168,342FCE86628B0058,docked_bike,2021-04-26 10:13:34,2021-04-26 10:17:48,Carlton Ave & Dean St,4199,Plaza St West & Flatbush Ave,4010,40.680974,-73.971009,40.6750207,-73.97111473,member
851193,3E501060045610C1,docked_bike,2021-04-30 12:32:13,2021-04-30 12:38:48,Carlton Ave & Dean St,4199,DeKalb Ave & Vanderbilt Ave,4461,40.680974,-73.971009,40.68940747,-73.96885458,casual
851194,E0D55EB45D2B8312,docked_bike,2021-04-28 08:15:36,2021-04-28 08:34:02,Carlton Ave & Dean St,4199,Allen St & Rivington St,5414,40.680974,-73.971009,40.72019576,-73.98997825,member
851197,A7B576F101579979,docked_bike,2021-04-20 09:01:28,2021-04-20 09:11:52,Carlton Ave & Dean St,4199,5 St & 6 Ave,3874,40.680974,-73.971009,40.6704836,-73.98208968,member
851227,CCFB6F7AE3453E36,docked_bike,2021-04-03 12:47:16,2021-04-03 12:57:12,Carlton Ave & Dean St,4199,DeKalb Ave & Vanderbilt Ave,4461,40.680974,-73.971009,40.68940747,-73.96885458,casual
851236,D9D2E853149B340B,docked_bike,2021-04-25 15:41:49,2021-04-25 15:54:03,Carlton Ave & Dean St,4199,Washington Ave & Park Ave,4724,40.680974,-73.971009,40.69610226,-73.96751037,casual
851237,D4F96D33E26E6F14,docked_bike,2021-04-17 20:36:41,2021-04-17 20:54:01,Carlton Ave & Dean St,4199,Rogers Ave & Sterling St,3696,40.680974,-73.97101,40.663062,-73.953875,casual
851243,8B42955D50C03FC3,docked_bike,2021-04-14 19:02:35,2021-04-14 19:16:49,Carlton Ave & Dean St,4199,Washington Ave & Park Ave,4724,40.680974,-73.971009,40.69610226,-73.96751037,casual
857347,553135F96F3A2046,docked_bike,2021-04-13 19:46:22,2021-04-13 19:53:34,Carlton Ave & Dean St,4199,Lincoln Pl & Classon Ave,3960,40.680974,-73.971009,40.6721683,-73.9609,member
857455,D159BFBAD62AFC20,docked_bike,2021-04-10 16:41:13,2021-04-10 16:48:40,Carlton Ave & Dean St,4199,Washington Ave & Park Ave,4724,40.680974,-73.971009,40.69610226,-73.96751037,member
857460,5B1807080E611066,docked_bike,2021-04-04 14:31:10,2021-04-04 14:58:11,Carlton Ave & Dean St,4199,Allen St & Rivington St,5414,40.680974,-73.97101,40.720196,-73.989978,casual
857463,34C0648B7A31A07D,docked_bike,2021-04-18 13:36:08,2021-04-18 14:03:26,Carlton Ave & Dean St,4199,Rogers Ave & Sterling St,3696,40.680974,-73.971009,40.6630619,-73.9538746,member
857793,AD8B1C6C2C30D1AF,docked_bike,2021-04-18 13:36:41,2021-04-18 14:03:16,Carlton Ave & Dean St,4199,Rogers Ave & Sterling St,3696,40.680974,-73.971009,40.6630619,-73.9538746,member
857795,D368E0486D63E6ED,docked_bike,2021-04-17 14:32:21,2021-04-17 14:38:44,Carlton Ave & Dean St,4199,DeKalb Ave & Vanderbilt Ave,4461,40.680974,-73.971009,40.68940747,-73.96885458,member
857803,7BD5D62E032E02D9,docked_bike,2021-04-02 22:59:25,2021-04-02 23:07:12,Carlton Ave & Dean St,4199,5 St & 6 Ave,3874,40.680974,-73.971009,40.6704836,-73.98208968,member
861467,EB50F29CBB8E03CB,docked_bike,2021-04-07 08:27:47,2021-04-07 08:46:11,Carlton Ave & Dean St,4199,Allen St & Rivington St,5414,40.680974,-73.971009,40.72019576,-73.98997825,member
861472,425AE62297CF9A55,docked_bike,2021-04-15 15:39:40,2021-04-15 16:00:04,Carlton Ave & Dean St,4199,Grand St & Havemeyer St,5267,40.680974,-73.971009,40.71286844,-73.95698119,casual
861473,D1AC69084F3873F1,docked_bike,2021-04-18 15:01:45,2021-04-18 15:25:30,Carlton Ave & Dean St,4199,Rogers Ave & Sterling St,3696,40.680974,-73.971009,40.6630619,-73.9538746,member
861474,8E2B14F0C8C2BCFB,docked_bike,2021-04-07 15:54:52,2021-04-07 16:00:07,Carlton Ave & Dean St,4199,DeKalb Ave & Vanderbilt Ave,4461,40.680974,-73.971009,40.68940747,-73.96885458,member
861475,D19C859FEB73CC57,docked_bike,2021-04-08 08:29:34,2021-04-08 08:47:28,Carlton Ave & Dean St,4199,Allen St & Rivington St,5414,40.680974,-73.971009,40.72019576,-73.98997825,member
861482,63E3AAABBD19F046,docked_bike,2021-04-19 22:33:25,2021-04-19 22:53:30,Carlton Ave & Dean St,4199,Rogers Ave & Sterling St,3696,40.680974,-73.971009,40.6630619,-73.9538746,casual
861515,B6538B06287B47FC,docked_bike,2021-04-10 08:43:52,2021-04-10 08:53:05,Carlton Ave & Dean St,4199,Rogers Ave & Sterling St,3696,40.680974,-73.971009,40.6630619,-73.9538746,casual
861517,118C9394A103FEA6,docked_bike,2021-04-05 09:05:34,2021-04-05 09:14:47,Carlton Ave & Dean St,4199,Lincoln Pl & Classon Ave,3960,40.680974,-73.971009,40.6721683,-73.9609,casual
861523,BB17AE404C689E4A,docked_bike,2021-04-21 08:26:14,2021-04-21 08:46:15,Carlton Ave & Dean St,4199,Allen St & Rivington St,5414,40.680974,-73.971009,40.72019576,-73.98997825,member
861525,4C88E4123E326EB8,docked_bike,2021-04-23 18:28:15,2021-04-23 18:55:08,Carlton Ave & Dean St,4199,Grand St & Havemeyer St,5267,40.680974,-73.971009,40.71286844,-73.95698119,casual
861589,8B794D1F2CC1FDA9,docked_bike,2021-04-07 19:38:54,2021-04-07 19:43:25,Carlton Ave & Dean St,4199,DeKalb Ave & Vanderbilt Ave,4461,40.680974,-73.971009,40.68940747,-73.96885458,member
861593,557C24921EF8AE4A,docked_bike,2021-04-08 20:47:19,2021-04-08 20:57:42,Carlton Ave & Dean St,4199,Lincoln Pl & Classon Ave,3960,40.680974,-73.971009,40.6721683,-73.9609,member
861706,7F707C0981566A66,docked_bike,2021-04-18 15:54:14,2021-04-18 16:01:26,Carlton Ave & Dean St,4199,DeKalb Ave & Vanderbilt Ave,4461,40.680974,-73.971009,40.68940747,-73.96885458,member
873472,29449FCEDEE96236,docked_bike,2021-04-25 13:02:42,2021-04-25 13:21:31,Carlton Ave & Dean St,4199,Pioneer St & Richards St,4128,40.680974,-73.971009,40.6777748,-74.0094613,casual
873538,F1516BAE85A05775,docked_bike,2021-04-06 08:39:30,2021-04-06 09:09:33,Carlton Ave & Dean St,4199,Broadway & W 25 St,6173,40.680974,-73.971009,40.74286877312112,-73.98918628692627,member
880806,6309AB8357E96D4B,docked_bike,2021-04-25 18:18:38,2021-04-25 18:41:33,Carlton Ave & Dean St,4199,Pioneer St & Richards St,4128,40.680974,-73.971009,40.6777748,-74.0094613,member
887063,0DC6E06B14C74722,docked_bike,2021-04-22 09:16:39,2021-04-22 09:36:33,Carlton Ave & Dean St,4199,Broadway & Berry St,5164,40.680974,-73.971009,40.71044554,-73.96525063,casual
887177,DB4CF864F6919978,docked_bike,2021-04-25 17:22:12,2021-04-25 17:36:16,Carlton Ave & Dean St,4199,Van Buren St & Broadway,4568,40.680974,-73.971009,40.692,-73.92617,member
902018,80FBEE9D44E7285A,docked_bike,2021-04-18 17:32:40,2021-04-18 17:39:27,Carlton Ave & Dean St,4199,Classon Ave & St Marks Ave,4074,40.680974,-73.971009,40.6765198,-73.9596082,member
902033,431AC9B23159486D,docked_bike,2021-04-30 18:35:56,2021-04-30 18:47:13,Carlton Ave & Dean St,4199,Schermerhorn St & Bond St,4479,40.680974,-73.971009,40.688417427540834,-73.98451656103134,member
903109,EC89644D528919FF,docked_bike,2021-04-24 18:23:10,2021-04-24 18:33:26,Carlton Ave & Dean St,4199,Schermerhorn St & Bond St,4479,40.680974,-73.971009,40.688417427540834,-73.98451656103134,member
903111,8000EAB6EEA3DAE2,docked_bike,2021-04-30 14:53:58,2021-04-30 15:05:39,Carlton Ave & Dean St,4199,Schermerhorn St & Bond St,4479,40.680974,-73.971009,40.688417427540834,-73.98451656103134,member
904647,0A9F75CCE1844367,docked_bike,2021-04-16 22:08:26,2021-04-16 22:12:42,Carlton Ave & Dean St,4199,Classon Ave & St Marks Ave,4074,40.680974,-73.971009,40.6765198,-73.9596082,member
904652,57A2209B73AB1A3F,docked_bike,2021-04-30 07:01:36,2021-04-30 07:06:50,Carlton Ave & Dean St,4199,Classon Ave & St Marks Ave,4074,40.680974,-73.971009,40.6765198,-73.9596082,member
905157,B935C1DF555ADEB4,docked_bike,2021-04-13 19:57:24,2021-04-13 20:08:00,Carlton Ave & Dean St,4199,Classon Ave & St Marks Ave,4074,40.680974,-73.971009,40.6765198,-73.9596082,member
910752,2CA89939E77A592A,docked_bike,2021-04-22 15:13:04,2021-04-22 15:17:26,Carlton Ave & Dean St,4199,Classon Ave & St Marks Ave,4074,40.680974,-73.971009,40.6765198,-73.9596082,member
910765,0F15B7F2AE10F377,docked_bike,2021-04-30 16:18:23,2021-04-30 16:29:48,Carlton Ave & Dean St,4199,Schermerhorn St & Bond St,4479,40.680974,-73.971009,40.688417427540834,-73.98451656103134,member
910780,CA9CD41F02360AA8,docked_bike,2021-04-18 10:50:18,2021-04-18 10:55:03,Carlton Ave & Dean St,4199,Classon Ave & St Marks Ave,4074,40.680974,-73.971009,40.6765198,-73.9596082,member
911706,F398692B17D67917,docked_bike,2021-04-10 09:51:41,2021-04-10 10:35:02,Carlton Ave & Dean St,4199,E 81 St & Park Ave,7188,40.680974,-73.971009,40.77677702,-73.9590097,member
929789,75764D16ED7E762C,docked_bike,2021-04-27 00:48:19,2021-04-27 01:04:00,Carlton Ave & Dean St,4199,Bushwick Ave & Harman St,4640,40.680974,-73.971009,40.69356,-73.92524,member
929793,2A61B4092820B7E5,docked_bike,2021-04-18 13:02:06,2021-04-18 13:45:02,Carlton Ave & Dean St,4199,Washington Pl & 6 Ave,5838,40.680974,-73.971009,40.73224119,-74.00026394,member
950107,EF2E8A30A257FE55,docked_bike,2021-04-27 18:44:10,2021-04-27 19:09:59,Carlton Ave & Dean St,4199,Prospect Ave & Vanderbilt St,3426,40.680974,-73.971009,40.653368,-73.976291,member
950116,35FC1F5A3A5CB41A,docked_bike,2021-04-19 22:19:00,2021-04-19 22:27:57,Carlton Ave & Dean St,4199,Kane St & Clinton St,4455,40.680974,-73.971009,40.6861758,-73.99645295,member
957919,141D399A3CE6C376,docked_bike,2021-04-19 15:09:15,2021-04-19 15:18:41,Carlton Ave & Dean St,4199,Kane St & Clinton St,4455,40.680974,-73.971009,40.6861758,-73.99645295,casual
957961,93E13251666B057D,docked_bike,2021-04-18 19:19:03,2021-04-18 19:33:09,Carlton Ave & Dean St,4199,Kane St & Clinton St,4455,40.680974,-73.971009,40.6861758,-73.99645295,casual
958052,3AE30CD076F92E6D,docked_bike,2021-04-18 22:40:28,2021-04-18 22:50:14,Carlton Ave & Dean St,4199,Kane St & Clinton St,4455,40.680974,-73.971009,40.6861758,-73.99645295,casual
958076,AC6BFBD9267663EF,docked_bike,2021-04-18 12:09:53,2021-04-18 12:37:25,Carlton Ave & Dean St,4199,Bayard St & Leonard St,5442,40.680974,-73.971009,40.71915571696044,-73.94885390996933,member
962071,328B5D1ACE225D00,docked_bike,2021-04-04 15:20:05,2021-04-04 15:29:59,Carlton Ave & Dean St,4199,Kane St & Clinton St,4455,40.680974,-73.971009,40.6861758,-73.99645295,casual
967799,19CB8E5D441F6AEB,docked_bike,2021-04-01 15:51:15,2021-04-01 16:19:43,Carlton Ave & Dean St,4199,Barclay St & Church St,5216,40.680974,-73.971009,40.71291224,-74.01020234,member
967800,FEEF96CD1E1EB6B3,docked_bike,2021-04-28 15:55:19,2021-04-28 16:22:41,Carlton Ave & Dean St,4199,Barclay St & Church St,5216,40.680974,-73.971009,40.71291224,-74.01020234,member
974720,49907FDD2A180F2B,docked_bike,2021-04-27 16:03:11,2021-04-27 16:30:29,Carlton Ave & Dean St,4199,Barclay St & Church St,5216,40.680974,-73.971009,40.71291224,-74.01020234,member
975255,B227ECF3E818B5E5,docked_bike,2021-04-14 15:57:49,2021-04-14 16:24:02,Carlton Ave & Dean St,4199,Barclay St & Church St,5216,40.680974,-73.971009,40.71291224,-74.01020234,member
975256,613B03CFCBACC764,docked_bike,2021-04-29 15:59:15,2021-04-29 15:59:41,Carlton Ave & Dean St,4199,Barclay St & Church St,5216,40.680974,-73.971009,40.71291224,-74.01020234,member
980357,1D7AA12E1962977E,docked_bike,2021-04-29 20:43:51,2021-04-29 21:25:08,Carlton Ave & Dean St,4199,Union Ave & Jackson St,5300,40.680974,-73.971009,40.7160751,-73.952029,member
980768,B26F97001FDC7EC2,docked_bike,2021-04-24 20:51:34,2021-04-24 21:07:44,Carlton Ave & Dean St,4199,Union Ave & Jackson St,5300,40.680974,-73.971009,40.7160751,-73.952029,casual
980771,C0CFB1752DF73D8A,docked_bike,2021-04-29 20:42:24,2021-04-29 21:25:04,Carlton Ave & Dean St,4199,Union Ave & Jackson St,5300,40.680974,-73.971009,40.7160751,-73.952029,casual
987160,A52D6D6C5BE84472,docked_bike,2021-04-25 16:38:49,2021-04-25 17:01:05,Carlton Ave & Dean St,4199,Sharon St & Olive St,5323,40.680974,-73.971009,40.715353,-73.93856,member
997908,F98408D3B3483954,docked_bike,2021-04-28 18:15:13,2021-04-28 18:35:57,Carlton Ave & Dean St,4199,Prospect Park SW & Greenwood Ave,3385,40.680974,-73.971009,40.652563,-73.972573,member
1002411,4CB3BF7D690A6B1B,docked_bike,2021-04-21 08:47:32,2021-04-21 08:59:50,Carlton Ave & Dean St,4199,17 St & 5 Ave,3699,40.680974,-73.971009,40.663493,-73.991007,member
1002419,999C8D51D6B7B93F,docked_bike,2021-04-06 16:36:04,2021-04-06 16:47:01,Carlton Ave & Dean St,4199,Atlantic Ave & Furman St,4614,40.680974,-73.971009,40.69165183,-73.9999786,member
1005072,A15C5F4379A8FA9D,docked_bike,2021-04-07 15:54:48,2021-04-07 16:23:59,Carlton Ave & Dean St,4199,Graham Ave & Conselyea St,5291,40.680974,-73.97101,40.715143,-73.944507,member
1005114,549C5CFA057FC151,docked_bike,2021-04-07 15:54:27,2021-04-07 16:24:00,Carlton Ave & Dean St,4199,Graham Ave & Conselyea St,5291,40.680974,-73.971009,40.715143,-73.944507,member
1014743,9FD753AB95333830,docked_bike,2021-04-13 17:11:34,2021-04-13 17:28:16,Carlton Ave & Dean St,4199,Putnam Ave & Throop Ave,4392,40.680974,-73.971009,40.6851532,-73.94111,casual
1015435,FEBCDF1059AE5447,docked_bike,2021-04-17 17:33:26,2021-04-17 17:42:56,Carlton Ave & Dean St,4199,Monroe St & Bedford Ave,4368,40.680974,-73.971009,40.6851443,-73.95380904,casual
1016073,31E80E2313083602,docked_bike,2021-04-10 11:52:28,2021-04-10 12:06:50,Carlton Ave & Dean St,4199,Monroe St & Bedford Ave,4368,40.680974,-73.97101,40.685144,-73.953809,member
1018839,3E5C9B9EDF237E8E,docked_bike,2021-04-05 17:11:43,2021-04-05 17:20:53,Carlton Ave & Dean St,4199,Clermont Ave & Park Ave,4692,40.680974,-73.971009,40.69573398,-73.97129668,member
1018841,D96263E6B7E1B56F,docked_bike,2021-04-10 22:50:33,2021-04-10 23:55:18,Carlton Ave & Dean St,4199,W 27 St & 7 Ave,6247,40.680974,-73.971009,40.746647,-73.993915,casual
1018873,84918F6A84E943AA,docked_bike,2021-04-29 12:03:17,2021-04-29 12:13:22,Carlton Ave & Dean St,4199,Clermont Ave & Park Ave,4692,40.680974,-73.971009,40.69573398,-73.97129668,member
1018874,FB09DD29D99637BE,docked_bike,2021-04-06 14:40:34,2021-04-06 14:57:29,Carlton Ave & Dean St,4199,Prospect Park SW & 10 Ave,3611,40.680974,-73.971009,40.659945,-73.977504,casual
1018890,400DA6F4402FCF09,docked_bike,2021-04-08 14:59:22,2021-04-08 15:09:21,Carlton Ave & Dean St,4199,Clermont Ave & Park Ave,4692,40.680974,-73.971009,40.69573398,-73.97129668,member
1018891,AB197F5CF0EB0B9E,docked_bike,2021-04-13 08:24:24,2021-04-13 08:39:34,Carlton Ave & Dean St,4199,Clermont Ave & Park Ave,4692,40.680974,-73.971009,40.69573398,-73.97129668,member
1023156,4034E07C8397E853,docked_bike,2021-04-10 22:50:52,2021-04-10 23:55:13,Carlton Ave & Dean St,4199,W 27 St & 7 Ave,6247,40.680974,-73.971009,40.746647,-73.993915,casual
1023158,CE842598BF7D124A,docked_bike,2021-04-12 16:12:37,2021-04-12 16:22:25,Carlton Ave & Dean St,4199,Clermont Ave & Park Ave,4692,40.680974,-73.971009,40.69573398,-73.97129668,member
1023206,C82E89DB36343078,docked_bike,2021-04-02 19:17:32,2021-04-02 19:32:36,Carlton Ave & Dean St,4199,Prospect Park SW & 10 Ave,3611,40.680974,-73.971009,40.659945,-73.977504,casual
1023207,4F13846505B87A9D,docked_bike,2021-04-15 19:47:52,2021-04-15 19:54:42,Carlton Ave & Dean St,4199,Clermont Ave & Park Ave,4692,40.680974,-73.971009,40.69573398,-73.97129668,member
1030015,CB323AD06752153F,docked_bike,2021-04-29 13:44:15,2021-04-29 13:54:59,Carlton Ave & Dean St,4199,Fulton St & Clermont Ave,4386,40.680974,-73.971009,40.68415748,-73.96922273,member
1030016,3981F44A6D3F6727,docked_bike,2021-04-26 13:10:30,2021-04-26 13:25:45,Carlton Ave & Dean St,4199,West Drive & Prospect Park West,3651,40.680974,-73.971009,40.6610633719006,-73.97945255041122,casual
1030017,A7A4C572F12B92C6,docked_bike,2021-04-14 17:23:00,2021-04-14 17:29:21,Carlton Ave & Dean St,4199,Grand Ave & Bergen St,4190,40.680974,-73.971009,40.678045,-73.962408,member
1030025,B9D76D8495AFD66B,docked_bike,2021-04-24 15:40:51,2021-04-24 16:20:27,Carlton Ave & Dean St,4199,William St & Pine St,5065,40.680974,-73.971009,40.70717936,-74.00887308,member
1032578,70AFBC5B16AD8D1C,docked_bike,2021-04-23 15:01:29,2021-04-23 15:06:02,Carlton Ave & Dean St,4199,Fulton St & Clermont Ave,4386,40.680974,-73.971009,40.68415748,-73.96922273,member
1032586,0AA1794D15952BF4,docked_bike,2021-04-18 23:22:59,2021-04-18 23:39:16,Carlton Ave & Dean St,4199,Lorimer St & Broadway,4965,40.680974,-73.971009,40.70411791,-73.94818595,member
1032591,2119F273AED80D7F,docked_bike,2021-04-14 12:53:27,2021-04-14 12:57:51,Carlton Ave & Dean St,4199,Grand Ave & Bergen St,4190,40.680974,-73.971009,40.678045,-73.962408,casual
1032592,AFBF9B787EB5467F,docked_bike,2021-04-19 10:44:07,2021-04-19 10:49:23,Carlton Ave & Dean St,4199,Grand Ave & Bergen St,4190,40.680974,-73.971009,40.678045,-73.962408,casual
1032593,678B9552DB20C90A,docked_bike,2021-04-20 21:24:43,2021-04-20 21:27:10,Carlton Ave & Dean St,4199,Fulton St & Clermont Ave,4386,40.680974,-73.971009,40.68415748,-73.96922273,member
1051958,8C68E23D2420B31A,docked_bike,2021-04-30 10:23:33,2021-04-30 10:41:15,Carlton Ave & Dean St,4199,Willoughby Ave & Myrtle Ave,4759,40.680974,-73.971009,40.69757,-73.93098,member
1051971,DF1E4D437F9CDD84,docked_bike,2021-04-05 12:06:30,2021-04-05 12:30:28,Carlton Ave & Dean St,4199,Metropolitan Ave & Meeker Ave,5300,40.680974,-73.971009,40.71413311,-73.95234386,casual
1051975,9B08C3B523AB07BB,docked_bike,2021-04-06 19:35:10,2021-04-06 19:41:07,Carlton Ave & Dean St,4199,Berkeley Pl & 6 Ave,4134,40.680974,-73.971009,40.6765304,-73.97846879,member
1052588,95C3F8C330C95899,docked_bike,2021-04-28 02:23:59,2021-04-28 02:42:27,Carlton Ave & Dean St,4199,44 St & 6 Ave,3233,40.680974,-73.971009,40.647105,-74.004483,casual
1052856,5C6D7C3197063C1F,docked_bike,2021-04-07 00:18:44,2021-04-07 00:41:42,Carlton Ave & Dean St,4199,Willoughby Ave & Myrtle Ave,4759,40.680974,-73.971009,40.69757,-73.93098,casual
1057632,C0F3B8D15DA07EAC,docked_bike,2021-04-11 14:05:47,2021-04-11 14:05:40,Carlton Ave & Dean St,4199,Underhill Ave & Pacific St,4231,40.680974,-73.971009,40.6804836,-73.9646795,member
1078994,71A3BBA10EBDD5C9,docked_bike,2021-04-01 23:38:05,2021-04-01 23:49:11,Carlton Ave & Dean St,4199,Sterling St & Bedford Ave,3665,40.680974,-73.971009,40.6627059,-73.9569115,member
1078999,03D60E355F576CA2,docked_bike,2021-04-16 11:59:50,2021-04-16 12:13:05,Carlton Ave & Dean St,4199,Sterling St & Bedford Ave,3665,40.680974,-73.971009,40.6627059,-73.9569115,casual
1079000,EDBB3BFD848AE50E,docked_bike,2021-04-02 23:14:14,2021-04-02 23:30:22,Carlton Ave & Dean St,4199,Columbia St & Kane St,4422,40.680974,-73.971009,40.68763155,-74.0016256,member
1079004,8B36CD3A8440593F,docked_bike,2021-04-17 12:41:12,2021-04-17 12:57:46,Carlton Ave & Dean St,4199,Sterling St & Bedford Ave,3665,40.680974,-73.971009,40.6627059,-73.9569115,casual
1079031,AFC938873B8C26D2,docked_bike,2021-04-01 23:37:18,2021-04-01 23:49:16,Carlton Ave & Dean St,4199,Sterling St & Bedford Ave,3665,40.680974,-73.97101,40.662706,-73.956912,member
1080480,C91241F920CB6C98,docked_bike,2021-04-21 18:00:54,2021-04-21 18:24:31,Carlton Ave & Dean St,4199,Great Jones St,5636,40.680974,-73.971009,40.72743423,-73.99379025,member
1088575,000EFFE4C63AF342,docked_bike,2021-04-29 14:11:23,2021-04-29 14:24:58,Carlton Ave & Dean St,4199,Columbia St & Kane St,4422,40.680974,-73.971009,40.68763155,-74.0016256,member
1099063,84CD8DB8AE35E170,docked_bike,2021-04-22 17:27:35,2021-04-22 17:30:32,Carlton Ave & Dean St,4199,Bergen St & Flatbush Ave,4281,40.680974,-73.971009,40.680944723477296,-73.97567331790923,member
1099089,7CA6EB88DB228C32,docked_bike,2021-04-10 11:05:13,2021-04-10 11:38:31,Carlton Ave & Dean St,4199,E 32 St & Park Ave,6280,40.680974,-73.971009,40.7457121,-73.98194829,casual
1099158,8D5CDE36130A03F0,docked_bike,2021-04-05 07:13:37,2021-04-05 07:15:50,Carlton Ave & Dean St,4199,Bergen St & Flatbush Ave,4281,40.680974,-73.971009,40.680944723477296,-73.97567331790923,member
1103827,FAEF8D6A37B0B7DC,docked_bike,2021-04-25 18:01:24,2021-04-25 18:03:26,Carlton Ave & Dean St,4199,Bergen St & Flatbush Ave,4281,40.680974,-73.971009,40.680944723477296,-73.97567331790923,member
1115288,2EC7CED36D5EEEA9,docked_bike,2021-04-27 18:13:27,2021-04-27 18:32:01,Carlton Ave & Dean St,4199,Clinton Ave & Flushing Ave,4762,40.680974,-73.971009,40.69794,-73.96986848,casual
1115293,AF016682586E616A,docked_bike,2021-04-05 06:42:26,2021-04-05 06:49:45,Carlton Ave & Dean St,4199,Grand Army Plaza & Plaza St West,4010,40.680974,-73.971009,40.6729679,-73.97087984,member
1115294,9604D8B8ADC27EF2,docked_bike,2021-04-08 06:50:56,2021-04-08 07:05:54,Carlton Ave & Dean St,4199,14 St & 7 Ave,3731,40.680974,-73.971009,40.663779,-73.98396846,member
1115297,544A9103772719D3,docked_bike,2021-04-02 18:16:33,2021-04-02 18:23:56,Carlton Ave & Dean St,4199,Grand Army Plaza & Plaza St West,4010,40.680974,-73.971009,40.6729679,-73.97087984,member
1115317,746A1C20E664942A,docked_bike,2021-04-17 14:32:11,2021-04-17 14:38:44,Carlton Ave & Dean St,4199,Grand Army Plaza & Plaza St West,4010,40.680974,-73.971009,40.6729679,-73.97087984,member
1115333,1460F5BC0C2FA3A3,docked_bike,2021-04-06 12:40:36,2021-04-06 13:30:33,Carlton Ave & Dean St,4199,63 St & 5 Ave,2872,40.680974,-73.971009,40.63766,-74.01782,casual
1115334,A8628E0175AB1DBA,docked_bike,2021-04-30 07:07:59,2021-04-30 07:46:57,Carlton Ave & Dean St,4199,Grand Army Plaza & Plaza St West,4010,40.680974,-73.971009,40.6729679,-73.97087984,member
1115337,5B52717CCD38AC98,docked_bike,2021-04-04 11:26:51,2021-04-04 11:42:38,Carlton Ave & Dean St,4199,Willoughby Ave & Walworth St,4634,40.680974,-73.971009,40.69331716,-73.95381995,member
1115343,C20BB7CCEE4164CD,docked_bike,2021-04-20 14:52:37,2021-04-20 14:58:18,Carlton Ave & Dean St,4199,Grand Army Plaza & Plaza St West,4010,40.680974,-73.971009,40.6729679,-73.97087984,member
1115344,6F96319C5BC42E88,docked_bike,2021-04-08 13:42:36,2021-04-08 13:56:36,Carlton Ave & Dean St,4199,Willoughby Ave & Walworth St,4634,40.680974,-73.971009,40.69331716,-73.95381995,member
1115352,B77F66AC137552B2,docked_bike,2021-04-08 19:05:08,2021-04-08 19:12:08,Carlton Ave & Dean St,4199,Grand Army Plaza & Plaza St West,4010,40.680974,-73.97101,40.672968,-73.97088,member
1115357,E7DD9C6EE1EF8AF2,docked_bike,2021-04-05 18:25:35,2021-04-05 18:35:59,Carlton Ave & Dean St,4199,Grand Army Plaza & Plaza St West,4010,40.680974,-73.971009,40.6729679,-73.97087984,casual
1115370,6F7CF6DA33CEE974,docked_bike,2021-04-25 16:09:23,2021-04-25 16:24:31,Carlton Ave & Dean St,4199,Willoughby Ave & Walworth St,4634,40.680974,-73.971009,40.69331716,-73.95381995,member
1115374,A8BF2A4C31540DB9,docked_bike,2021-04-28 12:57:10,2021-04-28 13:30:39,Carlton Ave & Dean St,4199,Grand Army Plaza & Plaza St West,4010,40.680974,-73.971009,40.6729679,-73.97087984,member
1115375,3487D6355A55A36F,docked_bike,2021-04-18 18:05:44,2021-04-18 18:12:32,Carlton Ave & Dean St,4199,Grand Army Plaza & Plaza St West,4010,40.680974,-73.971009,40.6729679,-73.97087984,member
1115385,F203A89AA18973EA,docked_bike,2021-04-25 16:09:19,2021-04-25 16:24:40,Carlton Ave & Dean St,4199,Willoughby Ave & Walworth St,4634,40.680974,-73.971009,40.69331716,-73.95381995,casual
1115409,688C0224F47355AD,docked_bike,2021-04-19 12:08:49,2021-04-19 12:16:47,Carlton Ave & Dean St,4199,Clinton Ave & Flushing Ave,4762,40.680974,-73.971009,40.69794,-73.96986848,member
1115411,9AA18D3277749765,docked_bike,2021-04-23 09:04:51,2021-04-23 09:13:01,Carlton Ave & Dean St,4199,Grand Army Plaza & Plaza St West,4010,40.680974,-73.971009,40.6729679,-73.97087984,member
1115488,E607CA1CF72C25E5,docked_bike,2021-04-28 19:20:36,2021-04-28 19:37:00,Carlton Ave & Dean St,4199,Willoughby Ave & Walworth St,4634,40.680974,-73.971009,40.69331716,-73.95381995,casual
1115492,B19EBB6E0F4AEEF9,docked_bike,2021-04-04 11:26:55,2021-04-04 11:42:36,Carlton Ave & Dean St,4199,Willoughby Ave & Walworth St,4634,40.680974,-73.971009,40.69331716,-73.95381995,member
1115499,024A5F370F4D1720,docked_bike,2021-04-14 06:53:10,2021-04-14 07:05:04,Carlton Ave & Dean St,4199,14 St & 7 Ave,3731,40.680974,-73.971009,40.663779,-73.98396846,member
1124130,5A8673F614A5853A,docked_bike,2021-04-04 11:06:51,2021-04-04 11:16:14,Carlton Ave & Dean St,4199,14 St & 7 Ave,3731,40.680974,-73.97101,40.663779,-73.983968,casual
1124137,5C53F888A00E655F,docked_bike,2021-04-08 19:02:22,2021-04-08 19:23:49,Carlton Ave & Dean St,4199,14 St & 7 Ave,3731,40.680974,-73.971009,40.663779,-73.98396846,member
1129831,80D193D01E0045D6,docked_bike,2021-04-05 13:47:31,2021-04-05 13:54:24,Carlton Ave & Dean St,4199,Grand Army Plaza & Plaza St West,4010,40.680974,-73.971009,40.6729679,-73.97087984,member
1129836,2ECA72B4E9DCC3B3,docked_bike,2021-04-22 08:47:39,2021-04-22 09:00:14,Carlton Ave & Dean St,4199,14 St & 7 Ave,3731,40.680974,-73.971009,40.663779,-73.98396846,member
1129842,CA8D41380EA63874,docked_bike,2021-04-01 15:51:55,2021-04-01 15:58:12,Carlton Ave & Dean St,4199,Grand Army Plaza & Plaza St West,4010,40.680974,-73.971009,40.6729679,-73.97087984,member
1129843,5EB8706CBB8BF0CD,docked_bike,2021-04-08 18:55:49,2021-04-08 19:03:31,Carlton Ave & Dean St,4199,Grand Army Plaza & Plaza St West,4010,40.680974,-73.971009,40.6729679,-73.97087984,member
1129903,7F53B48E55351CA0,docked_bike,2021-04-01 16:26:39,2021-04-01 17:07:14,Carlton Ave & Dean St,4199,Grand Army Plaza & Plaza St West,4010,40.680974,-73.971009,40.6729679,-73.97087984,member
1129905,2FDEB1B94B1C7066,docked_bike,2021-04-23 17:57:46,2021-04-23 18:07:41,Carlton Ave & Dean St,4199,Grand Army Plaza & Plaza St West,4010,40.680974,-73.971009,40.6729679,-73.97087984,member
1147744,A08182C1AF28EAAA,docked_bike,2021-04-20 18:53:26,2021-04-20 19:19:35,Carlton Ave & Dean St,4199,E 11 St & 2 Ave,5746,40.680974,-73.971009,40.73047309,-73.98672378,member
1158327,B6BF0DC29FFEF957,docked_bike,2021-04-05 13:52:26,2021-04-05 13:59:13,Carlton Ave & Dean St,4199,3 St & 7 Ave,3905,40.680974,-73.971009,40.6703837,-73.97839676,member
1158355,8D1B2BA2DBB562F6,docked_bike,2021-04-23 18:26:34,2021-04-23 18:34:26,Carlton Ave & Dean St,4199,3 St & 7 Ave,3905,40.680974,-73.971009,40.6703837,-73.97839676,casual
1158357,2E7717143D1D9885,docked_bike,2021-04-28 18:47:07,2021-04-28 18:59:07,Carlton Ave & Dean St,4199,Kosciuszko St & Tompkins Ave,4553,40.680974,-73.971009,40.69128258,-73.9452416,member
1158430,AD582CF63E62A677,docked_bike,2021-04-13 11:52:43,2021-04-13 12:01:38,Carlton Ave & Dean St,4199,3 St & 7 Ave,3905,40.680974,-73.971009,40.6703837,-73.97839676,member
1158929,AF34009BFF588AD9,docked_bike,2021-04-29 13:23:15,2021-04-29 13:31:54,Carlton Ave & Dean St,4199,3 St & 7 Ave,3905,40.680974,-73.971009,40.6703837,-73.97839676,member
1169615,D22E13B1C322EB2F,docked_bike,2021-04-20 20:29:48,2021-04-20 20:44:36,Carlton Ave & Dean St,4199,Kosciuszko St & Tompkins Ave,4553,40.680974,-73.971009,40.69128258,-73.9452416,member
1169616,D1DC60C211B602B8,docked_bike,2021-04-17 20:55:14,2021-04-17 21:09:14,Carlton Ave & Dean St,4199,Kosciuszko St & Tompkins Ave,4553,40.680974,-73.971009,40.69128258,-73.9452416,member
1169617,CFE8C7BED609928B,docked_bike,2021-04-24 18:15:38,2021-04-24 18:28:09,Carlton Ave & Dean St,4199,Kosciuszko St & Tompkins Ave,4553,40.680974,-73.971009,40.69128258,-73.9452416,member
1179106,781C2F010D996E02,docked_bike,2021-04-22 13:57:46,2021-04-22 14:11:42,Carlton Ave & Dean St,4199,4 Ave & 9 St,3955,40.680974,-73.971009,40.6705135,-73.98876585,member
1179113,6403327F12D6679F,docked_bike,2021-04-10 12:37:27,2021-04-10 12:53:19,Carlton Ave & Dean St,4199,4 Ave & 9 St,3955,40.680974,-73.971009,40.6705135,-73.98876585,member
1179117,672E411E659D1578,docked_bike,2021-04-22 11:40:20,2021-04-22 12:03:21,Carlton Ave & Dean St,4199,1 Pl & Clinton St,4193,40.680974,-73.971009,40.6809591,-73.99905709,member
1179146,6CACC62BDD031689,docked_bike,2021-04-21 14:12:54,2021-04-21 14:22:37,Carlton Ave & Dean St,4199,4 Ave & 9 St,3955,40.680974,-73.971009,40.6705135,-73.98876585,member
1179161,BFE177439E539CD1,docked_bike,2021-04-05 16:45:34,2021-04-05 17:26:35,Carlton Ave & Dean St,4199,12 Ave & W 40 St,6765,40.680974,-73.971009,40.76087502,-74.00277668,member
1179165,5750A2932904448C,docked_bike,2021-04-24 14:28:26,2021-04-24 14:42:07,Carlton Ave & Dean St,4199,4 Ave & 9 St,3955,40.680974,-73.971009,40.6705135,-73.98876585,member
1179177,6F4E6F286AAC6EBF,docked_bike,2021-04-17 17:31:53,2021-04-17 18:06:49,Carlton Ave & Dean St,4199,4 Ave & 9 St,3955,40.680974,-73.971009,40.6705135,-73.98876585,member
1202534,35F558E06F33460C,docked_bike,2021-04-01 12:38:53,2021-04-01 12:44:46,Carlton Ave & Dean St,4199,Park Pl & Vanderbilt Ave,4083,40.680974,-73.971009,40.6767,-73.969024,member
1202535,366613B0BE3093BD,docked_bike,2021-04-28 22:23:45,2021-04-28 22:42:35,Carlton Ave & Dean St,4199,Degraw St & Smith St,4298,40.680974,-73.971009,40.6829151,-73.99318208,casual
1202537,8F0C7093437EC0BF,docked_bike,2021-04-17 13:19:57,2021-04-17 13:40:50,Carlton Ave & Dean St,4199,Union Ave & N 12 St,5411,40.680974,-73.971009,40.71924,-73.95242,member
1220683,DEF81CF399EF61EF,docked_bike,2021-04-19 16:17:51,2021-04-19 16:29:55,Carlton Ave & Dean St,4199,Henry St & Atlantic Ave,4531,40.680974,-73.971009,40.69089272,-73.99612349,member
1220685,61BB0A7BA4B43A02,docked_bike,2021-04-26 19:45:50,2021-04-26 19:48:27,Carlton Ave & Dean St,4199,Park Pl & Vanderbilt Ave,4083,40.680974,-73.971009,40.6767,-73.969024,member
1220691,DBFA32DEC4D6FFBF,docked_bike,2021-04-13 13:14:49,2021-04-13 13:39:33,Carlton Ave & Dean St,4199,Park Cir & East Dr,3344,40.680974,-73.971009,40.651566,-73.972212,member
1220700,D845EEBE0517D00C,docked_bike,2021-04-14 15:24:48,2021-04-14 15:46:27,Carlton Ave & Dean St,4199,Union Ave & N 12 St,5411,40.680974,-73.971009,40.71924,-73.95242,member
1220713,51A66F14541D8F20,docked_bike,2021-04-27 19:18:47,2021-04-27 19:22:43,Carlton Ave & Dean St,4199,Park Pl & Vanderbilt Ave,4083,40.680974,-73.971009,40.6767,-73.969024,member
1220716,009A84A36F88DE33,docked_bike,2021-04-12 17:24:19,2021-04-12 17:27:00,Carlton Ave & Dean St,4199,Park Pl & Vanderbilt Ave,4083,40.680974,-73.971009,40.6767,-73.969024,member
1220717,3ED6665395BE40BF,docked_bike,2021-04-20 15:09:48,2021-04-20 15:12:41,Carlton Ave & Dean St,4199,Park Pl & Vanderbilt Ave,4083,40.680974,-73.971009,40.6767,-73.969024,member
1220718,AFBDBFF089E1F90C,docked_bike,2021-04-29 18:43:08,2021-04-29 18:46:46,Carlton Ave & Dean St,4199,Park Pl & Vanderbilt Ave,4083,40.680974,-73.971009,40.6767,-73.969024,member
1220719,4EDD7E1B68EEA1AD,docked_bike,2021-04-25 18:50:27,2021-04-25 18:55:19,Carlton Ave & Dean St,4199,Park Pl & Vanderbilt Ave,4083,40.680974,-73.971009,40.6767,-73.969024,member
1220733,293EB20A199E9AE3,docked_bike,2021-04-01 13:02:48,2021-04-01 13:07:42,Carlton Ave & Dean St,4199,Park Pl & Vanderbilt Ave,4083,40.680974,-73.971009,40.6767,-73.969024,member
1220788,DE66FAD854739D4F,docked_bike,2021-04-06 20:53:10,2021-04-06 20:53:34,Carlton Ave & Dean St,4199,Henry St & Atlantic Ave,4531,40.680974,-73.971009,40.69089272,-73.99612349,member
1220799,E73443032E1732FB,docked_bike,2021-04-18 12:39:59,2021-04-18 13:01:31,Carlton Ave & Dean St,4199,Park Pl & Vanderbilt Ave,4083,40.680974,-73.971009,40.6767,-73.969024,casual
1220807,2AEF06E5A754BDEC,docked_bike,2021-04-07 15:50:46,2021-04-07 16:04:32,Carlton Ave & Dean St,4199,Degraw St & Smith St,4298,40.680974,-73.971009,40.6829151,-73.99318208,member
1220817,94F2E269E861D316,docked_bike,2021-04-11 14:49:15,2021-04-11 14:58:40,Carlton Ave & Dean St,4199,Henry St & Atlantic Ave,4531,40.680974,-73.971009,40.69089272,-73.99612349,member
1220825,2786C354F1BD5C24,docked_bike,2021-04-26 12:52:02,2021-04-26 13:03:55,Carlton Ave & Dean St,4199,Degraw St & Smith St,4298,40.680974,-73.971009,40.6829151,-73.99318208,casual
1220833,F49FD5C98CD78499,docked_bike,2021-04-05 16:56:09,2021-04-05 17:20:10,Carlton Ave & Dean St,4199,Stockholm St & Wilson Ave,4824,40.680974,-73.971009,40.699304,-73.923044,member
1220836,051253499C17B60F,docked_bike,2021-04-20 21:07:26,2021-04-20 21:10:47,Carlton Ave & Dean St,4199,Park Pl & Vanderbilt Ave,4083,40.680974,-73.971009,40.6767,-73.969024,member
1220839,1F4D9AF35D700C81,docked_bike,2021-04-22 07:52:36,2021-04-22 07:56:21,Carlton Ave & Dean St,4199,Park Pl & Vanderbilt Ave,4083,40.680974,-73.971009,40.6767,-73.969024,member
1220841,1A670A78D4A493DD,docked_bike,2021-04-27 16:54:01,2021-04-27 17:36:10,Carlton Ave & Dean St,4199,Stockholm St & Wilson Ave,4824,40.680974,-73.971009,40.699304,-73.923044,casual
1220860,04CA3FFC94044502,docked_bike,2021-04-04 16:51:51,2021-04-04 17:27:12,Carlton Ave & Dean St,4199,Park Pl & Vanderbilt Ave,4083,40.680974,-73.971009,40.6767,-73.969024,member
1220864,B92DC41392E6697F,docked_bike,2021-04-23 20:31:20,2021-04-23 20:34:27,Carlton Ave & Dean St,4199,Park Pl & Vanderbilt Ave,4083,40.680974,-73.971009,40.6767,-73.969024,member
1220896,583D0535F2368884,docked_bike,2021-04-29 18:03:23,2021-04-29 18:26:05,Carlton Ave & Dean St,4199,Park Pl & Vanderbilt Ave,4083,40.680974,-73.971009,40.6767,-73.969024,member
1220897,702B36AF21E1D0C9,docked_bike,2021-04-06 16:58:35,2021-04-06 17:36:00,Carlton Ave & Dean St,4199,Stockholm St & Wilson Ave,4824,40.680974,-73.971009,40.699304,-73.923044,member
1220900,06941CB75F11BE89,docked_bike,2021-04-13 20:52:37,2021-04-13 20:55:31,Carlton Ave & Dean St,4199,Park Pl & Vanderbilt Ave,4083,40.680974,-73.971009,40.6767,-73.969024,member
1220902,31BEBB8A79485138,docked_bike,2021-04-13 16:14:47,2021-04-13 16:29:10,Carlton Ave & Dean St,4199,Henry St & Atlantic Ave,4531,40.680974,-73.971009,40.69089272,-73.99612349,member
1220908,957665A2B16F4255,docked_bike,2021-04-22 18:36:36,2021-04-22 18:47:18,Carlton Ave & Dean St,4199,Degraw St & Smith St,4298,40.680974,-73.971009,40.6829151,-73.99318208,member
1220951,E23E9F2F85154614,docked_bike,2021-04-12 19:51:23,2021-04-12 19:54:23,Carlton Ave & Dean St,4199,Park Pl & Vanderbilt Ave,4083,40.680974,-73.971009,40.6767,-73.969024,member
1220952,E286AA0A4A46D383,docked_bike,2021-04-19 18:22:11,2021-04-19 18:25:30,Carlton Ave & Dean St,4199,Park Pl & Vanderbilt Ave,4083,40.680974,-73.971009,40.6767,-73.969024,member
1220953,9732E65C2D07F878,docked_bike,2021-04-02 17:29:44,2021-04-02 17:32:40,Carlton Ave & Dean St,4199,Park Pl & Vanderbilt Ave,4083,40.680974,-73.971009,40.6767,-73.969024,member
1220954,E70B9F2AEA0EABA0,docked_bike,2021-04-15 14:39:15,2021-04-15 14:41:45,Carlton Ave & Dean St,4199,Park Pl & Vanderbilt Ave,4083,40.680974,-73.971009,40.6767,-73.969024,member
1220963,223156FAF9EBBD1B,docked_bike,2021-04-21 09:17:38,2021-04-21 09:30:09,Carlton Ave & Dean St,4199,Park Pl & Vanderbilt Ave,4083,40.680974,-73.971009,40.6767,-73.969024,member
1220964,50E473DDD134D694,docked_bike,2021-04-08 18:32:33,2021-04-08 18:36:48,Carlton Ave & Dean St,4199,Park Pl & Vanderbilt Ave,4083,40.680974,-73.971009,40.6767,-73.969024,member
1220977,6EB7132717CDDC5D,docked_bike,2021-04-19 19:22:27,2021-04-19 19:26:46,Carlton Ave & Dean St,4199,Park Pl & Vanderbilt Ave,4083,40.680974,-73.971009,40.6767,-73.969024,member
1220978,3FC378DC9FCFDEC7,docked_bike,2021-04-28 16:15:03,2021-04-28 17:22:37,Carlton Ave & Dean St,4199,Park Pl & Vanderbilt Ave,4083,40.680974,-73.971009,40.6767,-73.969024,member
1220979,6CEF396333798E98,docked_bike,2021-04-23 14:04:07,2021-04-23 14:16:07,Carlton Ave & Dean St,4199,Degraw St & Smith St,4298,40.680974,-73.971009,40.6829151,-73.99318208,casual
1221040,1F38341D2F5B1C54,docked_bike,2021-04-15 07:56:24,2021-04-15 07:59:47,Carlton Ave & Dean St,4199,Park Pl & Vanderbilt Ave,4083,40.680974,-73.971009,40.6767,-73.969024,member
1221043,FC8AE0F45C4BD3B2,docked_bike,2021-04-22 20:27:54,2021-04-22 20:51:29,Carlton Ave & Dean St,4199,Union Ave & N 12 St,5411,40.680974,-73.971009,40.71924,-73.95242,member
1221045,C92FEDC383631186,docked_bike,2021-04-11 14:17:16,2021-04-11 14:29:32,Carlton Ave & Dean St,4199,Park Pl & Vanderbilt Ave,4083,40.680974,-73.971009,40.6767,-73.969024,casual
1221049,703597BED1AB8C1F,docked_bike,2021-04-27 18:39:53,2021-04-27 18:44:33,Carlton Ave & Dean St,4199,Park Pl & Vanderbilt Ave,4083,40.680974,-73.971009,40.6767,-73.969024,member
1221060,3745D857C55A7495,docked_bike,2021-04-21 18:16:12,2021-04-21 18:19:25,Carlton Ave & Dean St,4199,Park Pl & Vanderbilt Ave,4083,40.680974,-73.971009,40.6767,-73.969024,member
1221227,707593A3EB06803C,docked_bike,2021-04-06 18:27:54,2021-04-06 18:38:13,Carlton Ave & Dean St,4199,Degraw St & Smith St,4298,40.680974,-73.971009,40.6829151,-73.99318208,member
1221233,958F9634DD244405,docked_bike,2021-04-16 18:48:29,2021-04-16 18:51:55,Carlton Ave & Dean St,4199,Park Pl & Vanderbilt Ave,4083,40.680974,-73.971009,40.6767,-73.969024,member
1221234,E65232CB7FC6852D,docked_bike,2021-04-26 18:54:28,2021-04-26 18:59:07,Carlton Ave & Dean St,4199,Park Pl & Vanderbilt Ave,4083,40.680974,-73.971009,40.6767,-73.969024,member
1221276,90304D40AB041B56,docked_bike,2021-04-26 17:02:20,2021-04-26 18:04:11,Carlton Ave & Dean St,4199,Stockholm St & Wilson Ave,4824,40.680974,-73.971009,40.699304,-73.923044,casual
1221289,08B5D86AE1794611,docked_bike,2021-04-08 18:20:42,2021-04-08 18:27:26,Carlton Ave & Dean St,4199,Park Pl & Vanderbilt Ave,4083,40.680974,-73.971009,40.6767,-73.969024,member
1222804,8B43B2A61E3D214B,docked_bike,2021-04-29 07:57:53,2021-04-29 08:01:51,Carlton Ave & Dean St,4199,Park Pl & Vanderbilt Ave,4083,40.680974,-73.971009,40.6767,-73.969024,member
1222817,1F0FA9C85397ED0A,docked_bike,2021-04-26 16:17:20,2021-04-26 16:42:44,Carlton Ave & Dean St,4199,Union Ave & N 12 St,5411,40.680974,-73.971009,40.71924,-73.95242,member
1223920,0525CEABA9810310,docked_bike,2021-04-25 11:49:11,2021-04-25 12:10:17,Carlton Ave & Dean St,4199,Union Ave & N 12 St,5411,40.680974,-73.971009,40.71924,-73.95242,member
1223930,CC250A0AFCD9E8D4,docked_bike,2021-04-04 13:11:49,2021-04-04 13:38:14,Carlton Ave & Dean St,4199,2 Ave & 36 St,3460,40.680974,-73.971009,40.65708866668485,-74.00870203971863,member
1223939,40D9C44598D1CCFD,docked_bike,2021-04-11 14:24:29,2021-04-11 14:29:35,Carlton Ave & Dean St,4199,Park Pl & Vanderbilt Ave,4083,40.680974,-73.971009,40.6767,-73.969024,member
1223941,6699BD69AAB8D0E9,docked_bike,2021-04-20 17:22:14,2021-04-20 17:26:56,Carlton Ave & Dean St,4199,Park Pl & Vanderbilt Ave,4083,40.680974,-73.971009,40.6767,-73.969024,member
1241684,9B6FE13CF484EA83,docked_bike,2021-04-25 02:01:43,2021-04-25 02:06:57,Carlton Ave & Dean St,4199,St Johns Pl & Washington Ave,4001,40.680974,-73.971009,40.6737236,-73.9631611,casual
1241711,CF42E16AE77BD98D,docked_bike,2021-04-23 19:46:21,2021-04-23 19:52:22,Carlton Ave & Dean St,4199,St Johns Pl & Washington Ave,4001,40.680974,-73.971009,40.6737236,-73.9631611,member
1241715,1B0921AA1B74317A,docked_bike,2021-04-02 14:49:35,2021-04-02 14:54:53,Carlton Ave & Dean St,4199,St Johns Pl & Washington Ave,4001,40.680974,-73.97101,40.673724,-73.963161,member
1241716,F0C794F9ADE6E61C,docked_bike,2021-04-18 14:07:01,2021-04-18 14:17:57,Carlton Ave & Dean St,4199,St Johns Pl & Washington Ave,4001,40.680974,-73.971009,40.6737236,-73.9631611,member
1242511,BECC800D4CB0D555,docked_bike,2021-04-03 18:45:15,2021-04-03 18:51:02,Carlton Ave & Dean St,4199,St Johns Pl & Washington Ave,4001,40.680974,-73.971009,40.6737236,-73.9631611,member
1249245,1E551798FB484545,docked_bike,2021-04-13 16:02:11,2021-04-13 16:57:40,Carlton Ave & Dean St,4199,S Portland Ave & Hanson Pl,4354,40.680974,-73.97101,40.685396,-73.974315,casual
1249254,060F556CB2B25BBE,docked_bike,2021-04-17 15:21:45,2021-04-17 15:28:34,Carlton Ave & Dean St,4199,S Portland Ave & Hanson Pl,4354,40.680974,-73.971009,40.68539567,-73.97431458,member
1249257,5A6658D5B6F8905C,docked_bike,2021-04-20 22:09:14,2021-04-20 22:12:56,Carlton Ave & Dean St,4199,S Portland Ave & Hanson Pl,4354,40.680974,-73.971009,40.68539567,-73.97431458,member
1249262,79C164E2AD43A6BF,docked_bike,2021-04-28 19:04:25,2021-04-28 19:43:47,Carlton Ave & Dean St,4199,S Portland Ave & Hanson Pl,4354,40.680974,-73.971009,40.68539567,-73.97431458,member
1249266,5BC1D014E3C4DF2A,docked_bike,2021-04-22 10:10:58,2021-04-22 10:17:23,Carlton Ave & Dean St,4199,S Portland Ave & Hanson Pl,4354,40.680974,-73.971009,40.68539567,-73.97431458,member
1249273,3DAE9868DB680A80,docked_bike,2021-04-30 15:58:09,2021-04-30 16:06:02,Carlton Ave & Dean St,4199,S Portland Ave & Hanson Pl,4354,40.680974,-73.971009,40.68539567,-73.97431458,casual
1249920,CAF85BAA6C5473AF,docked_bike,2021-04-27 17:12:26,2021-04-27 17:16:43,Carlton Ave & Dean St,4199,S Portland Ave & Hanson Pl,4354,40.680974,-73.971009,40.68539567,-73.97431458,member
1249923,DC64320C119F6B97,docked_bike,2021-04-24 14:38:07,2021-04-24 14:43:54,Carlton Ave & Dean St,4199,S Portland Ave & Hanson Pl,4354,40.680974,-73.971009,40.68539567,-73.97431458,member
1260181,85EF721066C74A63,docked_bike,2021-04-05 19:05:54,2021-04-05 19:24:13,Carlton Ave & Dean St,4199,Kent Ave & S 11 St,5062,40.680974,-73.971009,40.707644944175705,-73.96841526031494,member
1264665,6AE750477A3B253C,docked_bike,2021-04-08 18:03:30,2021-04-08 18:20:56,Carlton Ave & Dean St,4199,Kent Ave & S 11 St,5062,40.680974,-73.971009,40.707644944175705,-73.96841526031494,member
1271797,8FFC8AA5A32D547A,docked_bike,2021-04-26 15:38:12,2021-04-26 15:58:32,Carlton Ave & Dean St,4199,Suydam St & Broadway,4689,40.680974,-73.971009,40.69544,-73.93223,member
1271823,4499139C402C6CAD,docked_bike,2021-04-13 10:03:27,2021-04-13 10:26:45,Carlton Ave & Dean St,4199,Centre St & Worth St,5279,40.680974,-73.971009,40.71494807,-74.00234482,member
1271824,0329F94DC7DEDD36,docked_bike,2021-04-20 08:46:01,2021-04-20 09:10:07,Carlton Ave & Dean St,4199,Centre St & Worth St,5279,40.680974,-73.971009,40.71494807,-74.00234482,member
1271870,67196B218F341899,docked_bike,2021-04-14 10:57:03,2021-04-14 11:21:05,Carlton Ave & Dean St,4199,Centre St & Worth St,5279,40.680974,-73.971009,40.71494807,-74.00234482,member
1272577,A0C12E205A10F90A,docked_bike,2021-04-10 11:45:27,2021-04-10 12:04:26,Carlton Ave & Dean St,4199,Suydam St & Broadway,4689,40.680974,-73.971009,40.69544,-73.93223,casual
1272587,1E7BEF00D5912DD7,docked_bike,2021-04-04 14:21:46,2021-04-04 14:58:15,Carlton Ave & Dean St,4199,Centre St & Worth St,5279,40.680974,-73.971009,40.71494807,-74.00234482,casual
1281275,FAAAFADB15B96E52,docked_bike,2021-04-04 14:21:20,2021-04-04 14:58:04,Carlton Ave & Dean St,4199,Centre St & Worth St,5279,40.680974,-73.971009,40.71494807,-74.00234482,member
1284609,16276B065F8A7980,docked_bike,2021-04-17 14:00:28,2021-04-17 14:09:03,Fulton St & Waverly Ave,4345,Carlton Ave & Dean St,4199,40.683238,-73.965995,40.6809741,-73.9710097,casual
1284612,BB6A11041FE93C5D,docked_bike,2021-04-23 23:28:48,2021-04-23 23:41:12,Putnam Ave & Nostrand Ave,4327,Carlton Ave & Dean St,4199,40.68402,-73.94977,40.6809741,-73.9710097,member
1284618,A6F64BA5A0265DE6,docked_bike,2021-04-06 00:08:55,2021-04-06 00:30:42,Thompson St & Bleecker St,5721,Carlton Ave & Dean St,4199,40.7284,-73.999687,40.6809741,-73.9710097,member
1284621,1A8A861FBE5AD9D9,docked_bike,2021-04-07 14:18:39,2021-04-07 14:26:25,Pacific St & Nevins St,4362,Carlton Ave & Dean St,4199,40.685376,-73.983021,40.6809741,-73.9710097,casual
1284624,C639283B97CD771E,docked_bike,2021-04-29 16:42:20,2021-04-29 16:47:10,Pacific St & Nevins St,4362,Carlton Ave & Dean St,4199,40.685376,-73.983021,40.6809741,-73.9710097,member
1284630,D6B533BDC153BC41,docked_bike,2021-04-18 19:32:18,2021-04-18 19:38:28,Pacific St & Nevins St,4362,Carlton Ave & Dean St,4199,40.685376,-73.983021,40.6809741,-73.9710097,casual
1284639,D28F5CBDD045D574,docked_bike,2021-04-29 06:10:18,2021-04-29 06:14:31,Pacific St & Nevins St,4362,Carlton Ave & Dean St,4199,40.685376,-73.983021,40.6809741,-73.9710097,member
1284645,F3CFC6B0BABBF3FB,docked_bike,2021-04-27 11:11:42,2021-04-27 11:19:10,Pacific St & Nevins St,4362,Carlton Ave & Dean St,4199,40.685376,-73.983021,40.6809741,-73.9710097,casual
1284649,44198D097088F2C3,docked_bike,2021-04-08 12:15:14,2021-04-08 12:32:54,Pacific St & Nevins St,4362,Carlton Ave & Dean St,4199,40.685376,-73.983021,40.6809741,-73.9710097,casual
1284653,542B1C0E67BB7A94,docked_bike,2021-04-30 13:33:42,2021-04-30 13:47:50,Clark St & Henry St,4789,Carlton Ave & Dean St,4199,40.697601,-73.993445,40.6809741,-73.9710097,member
1284676,4ED8AF306FD5B0EF,docked_bike,2021-04-22 08:30:03,2021-04-22 08:39:13,6 Ave & 9 St,3803,Carlton Ave & Dean St,4199,40.668127,-73.983776,40.6809741,-73.9710097,casual
1284692,5FFD870CF8A1AFCC,docked_bike,2021-04-13 16:43:52,2021-04-13 17:11:03,Bushwick Ave & Linden St,4600,Carlton Ave & Dean St,4199,40.69146,-73.92146,40.6809741,-73.9710097,member
1284696,6633C802C8416691,docked_bike,2021-04-04 13:23:16,2021-04-04 14:15:01,Allen St & Rivington St,5414,Carlton Ave & Dean St,4199,40.720195,-73.989978,40.6809741,-73.9710097,member
1284708,38C7A86D8E861BC6,docked_bike,2021-04-08 20:34:09,2021-04-08 20:43:50,3 St & Prospect Park West,3865,Carlton Ave & Dean St,4199,40.668132,-73.973638,40.6809741,-73.9710097,member
1284725,2377AD541E39EA9E,docked_bike,2021-04-11 19:24:10,2021-04-11 19:26:45,Atlantic Ave & Fort Greene Pl,4354,Carlton Ave & Dean St,4199,40.683826,-73.976323,40.6809741,-73.9710097,member
1284742,90C45818F097D49E,docked_bike,2021-04-04 19:03:39,2021-04-04 19:06:29,Atlantic Ave & Fort Greene Pl,4354,Carlton Ave & Dean St,4199,40.683826,-73.976323,40.6809741,-73.9710097,member
1284759,AACA13AFCE2040CC,docked_bike,2021-04-19 14:38:30,2021-04-19 15:00:46,Pioneer St & Van Brunt St,4169,Carlton Ave & Dean St,4199,40.679043,-74.011169,40.6809741,-73.9710097,member
1284774,502FBE7E1512FB94,docked_bike,2021-04-17 11:39:18,2021-04-17 11:57:58,Clinton St & Joralemon St,4605,Carlton Ave & Dean St,4199,40.692395,-73.993379,40.6809741,-73.9710097,casual
1284776,18B744A9479A6C1A,docked_bike,2021-04-10 02:24:39,2021-04-10 02:51:19,MacDougal St & Prince St,5687,Carlton Ave & Dean St,4199,40.727102,-74.00297,40.6809741,-73.9710097,member
1284777,3262760C953814F3,docked_bike,2021-04-23 00:55:16,2021-04-23 01:16:59,MacDougal St & Prince St,5687,Carlton Ave & Dean St,4199,40.727102,-74.00297,40.6809741,-73.9710097,member
1284799,82A16B245899239E,docked_bike,2021-04-10 13:16:18,2021-04-10 13:37:18,Suydam St & Broadway,4689,Carlton Ave & Dean St,4199,40.69544,-73.93223,40.6809741,-73.9710097,casual
1284935,E846867B8BBFEBD9,docked_bike,2021-04-14 18:08:40,2021-04-14 18:33:11,Centre St & Worth St,5279,Carlton Ave & Dean St,4199,40.714948,-74.002344,40.6809741,-73.9710097,member
1284962,6C8379603FDA5439,docked_bike,2021-04-10 18:12:33,2021-04-10 18:43:07,Centre St & Worth St,5279,Carlton Ave & Dean St,4199,40.714948,-74.002344,40.6809741,-73.9710097,casual
1284994,BCD2F6D351EF4FE8,docked_bike,2021-04-28 17:27:50,2021-04-28 17:39:54,Carroll St & Washington Ave,3887,Carlton Ave & Dean St,4199,40.668674,-73.961814,40.6809741,-73.9710097,member
1285003,01357B17C429AE95,docked_bike,2021-04-02 18:42:26,2021-04-02 18:46:17,Cumberland St & Lafayette Ave,4428,Carlton Ave & Dean St,4199,40.687534,-73.972652,40.680974,-73.97101,member
1285010,28CD57C2869284B2,docked_bike,2021-04-25 19:32:01,2021-04-25 19:38:00,Pacific St & Nevins St,4362,Carlton Ave & Dean St,4199,40.685376,-73.983021,40.6809741,-73.9710097,member
1285044,949FE6151CCF1BB3,docked_bike,2021-04-23 09:14:39,2021-04-23 09:24:24,Prospect Pl & Underhill Ave,4116,Carlton Ave & Dean St,4199,40.676969,-73.96579,40.6809741,-73.9710097,member
1285073,3E9C7E0DF2517BA1,docked_bike,2021-04-11 09:23:30,2021-04-11 09:37:44,Suydam St & Broadway,4689,Carlton Ave & Dean St,4199,40.69544,-73.93223,40.6809741,-73.9710097,member
1285086,A91541A42EAF6FF4,docked_bike,2021-04-01 19:20:44,2021-04-01 19:26:00,Cumberland St & Lafayette Ave,4428,Carlton Ave & Dean St,4199,40.687534,-73.972651,40.6809741,-73.9710097,member
1285093,3E22058ED3E2E3A6,docked_bike,2021-04-10 16:19:22,2021-04-10 16:23:32,Prospect Pl & Underhill Ave,4116,Carlton Ave & Dean St,4199,40.676969,-73.96579,40.6809741,-73.9710097,member
1285113,C904040DF3D5F468,docked_bike,2021-04-29 20:32:46,2021-04-29 20:44:08,Cumberland St & Lafayette Ave,4428,Carlton Ave & Dean St,4199,40.687534,-73.972651,40.6809741,-73.9710097,member
1285116,633C6B434D0685B0,docked_bike,2021-04-24 14:36:57,2021-04-24 14:50:18,Cumberland St & Lafayette Ave,4428,Carlton Ave & Dean St,4199,40.687534,-73.972651,40.6809741,-73.9710097,casual
1285119,DE1D345AF0B689E3,docked_bike,2021-04-08 13:26:13,2021-04-08 13:29:26,Prospect Pl & Underhill Ave,4116,Carlton Ave & Dean St,4199,40.676969,-73.96579,40.6809741,-73.9710097,member
1285124,ABED4A39A495C89A,docked_bike,2021-04-02 12:18:14,2021-04-02 12:24:22,Prospect Pl & Underhill Ave,4116,Carlton Ave & Dean St,4199,40.676969,-73.96579,40.6809741,-73.9710097,member
1285147,91B6F4245D7A40DC,docked_bike,2021-04-13 19:49:53,2021-04-13 19:54:14,Cumberland St & Lafayette Ave,4428,Carlton Ave & Dean St,4199,40.687534,-73.972651,40.6809741,-73.9710097,member
1285148,50ADEC203499968A,docked_bike,2021-04-24 14:36:55,2021-04-24 14:50:10,Cumberland St & Lafayette Ave,4428,Carlton Ave & Dean St,4199,40.687534,-73.972651,40.6809741,-73.9710097,casual
1285171,5F4FB18A3E3B1DF9,docked_bike,2021-04-30 08:54:19,2021-04-30 08:58:49,Cumberland St & Lafayette Ave,4428,Carlton Ave & Dean St,4199,40.687534,-73.972651,40.6809741,-73.9710097,member
1285206,0ED76B1F8CC7AA36,docked_bike,2021-04-22 14:56:04,2021-04-22 15:05:35,Dock 72 Way & Market St,4804,Carlton Ave & Dean St,4199,40.69985,-73.97141,40.6809741,-73.9710097,casual
1285222,1C8906B249C0F6B2,docked_bike,2021-04-26 12:35:01,2021-04-26 12:41:29,Hanson Pl & Ashland Pl,4395,Carlton Ave & Dean St,4199,40.685068,-73.977907,40.6809741,-73.9710097,member
1285238,A18CD0A46A34F585,docked_bike,2021-04-07 17:25:41,2021-04-07 17:32:14,Hanson Pl & Ashland Pl,4395,Carlton Ave & Dean St,4199,40.685068,-73.977907,40.6809741,-73.9710097,member
1285239,F2083426B0446B0A,docked_bike,2021-04-13 17:15:17,2021-04-13 17:20:28,Hanson Pl & Ashland Pl,4395,Carlton Ave & Dean St,4199,40.685068,-73.977907,40.6809741,-73.9710097,member
1285242,54E549BC999BF9E3,docked_bike,2021-04-28 15:00:57,2021-04-28 15:13:32,Dock 72 Way & Market St,4804,Carlton Ave & Dean St,4199,40.69985,-73.97141,40.6809741,-73.9710097,casual
1285248,6F5BA97357097CA4,docked_bike,2021-04-23 14:26:09,2021-04-23 14:37:54,Dock 72 Way & Market St,4804,Carlton Ave & Dean St,4199,40.69985,-73.97141,40.680974,-73.97101,member
1285253,58BCB0BFC5B35B42,docked_bike,2021-04-27 14:35:44,2021-04-27 14:44:37,Hanson Pl & Ashland Pl,4395,Carlton Ave & Dean St,4199,40.685068,-73.977907,40.6809741,-73.9710097,member
1285256,B9FB54FEC5AB56CC,docked_bike,2021-04-08 18:44:52,2021-04-08 18:50:09,Hanson Pl & Ashland Pl,4395,Carlton Ave & Dean St,4199,40.685068,-73.977907,40.6809741,-73.9710097,member
1285258,68C87FF6DB92228A,docked_bike,2021-04-30 17:05:58,2021-04-30 17:09:51,Hanson Pl & Ashland Pl,4395,Carlton Ave & Dean St,4199,40.685068,-73.977907,40.6809741,-73.9710097,member
1285270,E8A5AD8949C91D3D,docked_bike,2021-04-13 20:55:44,2021-04-13 20:59:28,Hanson Pl & Ashland Pl,4395,Carlton Ave & Dean St,4199,40.685068,-73.977907,40.6809741,-73.9710097,member
1285286,C16D736C1D9760AE,docked_bike,2021-04-21 17:53:31,2021-04-21 18:02:58,Bond St & Bergen St,4404,Carlton Ave & Dean St,4199,40.684966,-73.986207,40.6809741,-73.9710097,member
1285287,35CF6B057114E95C,docked_bike,2021-04-14 16:53:35,2021-04-14 17:05:17,Bond St & Bergen St,4404,Carlton Ave & Dean St,4199,40.684966,-73.986207,40.6809741,-73.9710097,member
1285290,B841B3AA01AA28AE,docked_bike,2021-04-09 18:01:25,2021-04-09 18:14:55,Windsor Pl & Howard Pl,3579,Carlton Ave & Dean St,4199,40.65949,-73.980139,40.6809741,-73.9710097,member
1285294,BD6DFAA58171C201,docked_bike,2021-04-07 15:32:39,2021-04-07 15:48:03,Bond St & Bergen St,4404,Carlton Ave & Dean St,4199,40.684966,-73.986207,40.6809741,-73.9710097,casual
1285296,F17C8FE2606794C5,docked_bike,2021-04-28 17:03:45,2021-04-28 17:19:40,Kingston Ave & Herkimer St,4205,Carlton Ave & Dean St,4199,40.678906,-73.941427,40.6809741,-73.9710097,member
1285311,A3F56F606A66BFD8,docked_bike,2021-04-17 20:05:10,2021-04-17 20:16:35,Sterling Pl & Bedford Ave,3993,Carlton Ave & Dean St,4199,40.672695,-73.954131,40.6809741,-73.9710097,casual
1285315,CD1BD9EDDB18687A,docked_bike,2021-04-19 19:23:09,2021-04-19 19:44:23,Clinton St & Union St,4266,Carlton Ave & Dean St,4199,40.683116,-73.997852,40.6809741,-73.9710097,member
1285317,77418D7487D0BDEE,docked_bike,2021-04-19 11:59:51,2021-04-19 12:19:55,Greene Ave & Throop Ave,4510,Carlton Ave & Dean St,4199,40.689493,-73.942061,40.6809741,-73.9710097,casual
1285318,64103F7E4D88239F,docked_bike,2021-04-26 20:58:38,2021-04-26 21:03:21,Franklin Ave & St Marks Ave,4107,Carlton Ave & Dean St,4199,40.675832,-73.956167,40.6809741,-73.9710097,member
1285321,34312CF47EEE84F9,docked_bike,2021-04-09 07:24:54,2021-04-09 07:38:03,Clinton St & Union St,4266,Carlton Ave & Dean St,4199,40.683116,-73.997852,40.6809741,-73.9710097,member
1285322,A5E0F2E2B9E3C861,docked_bike,2021-04-23 17:00:38,2021-04-23 17:05:09,Bergen St & 4 Ave,4322,Carlton Ave & Dean St,4199,40.682564,-73.979897,40.6809741,-73.9710097,member
1285331,380D17E2B66E438F,docked_bike,2021-04-08 08:48:16,2021-04-08 08:56:36,Sterling Pl & Bedford Ave,3993,Carlton Ave & Dean St,4199,40.672695,-73.954131,40.6809741,-73.9710097,member
1285333,DEABCFFC01CC2275,docked_bike,2021-04-18 10:43:55,2021-04-18 10:49:50,Bergen St & 4 Ave,4322,Carlton Ave & Dean St,4199,40.682564,-73.979897,40.6809741,-73.9710097,member
1285338,B1DE853A8EA2C678,docked_bike,2021-04-18 10:12:16,2021-04-18 10:20:31,Pacific St & Nevins St,4362,Carlton Ave & Dean St,4199,40.685376,-73.983021,40.6809741,-73.9710097,member
1285341,C60C1161EC25FB63,docked_bike,2021-04-18 10:12:11,2021-04-18 10:20:30,Pacific St & Nevins St,4362,Carlton Ave & Dean St,4199,40.685376,-73.983021,40.6809741,-73.9710097,member
1285344,5BB5C163EB86EF5E,docked_bike,2021-04-05 10:03:58,2021-04-05 10:09:39,Pacific St & Nevins St,4362,Carlton Ave & Dean St,4199,40.685376,-73.983021,40.6809741,-73.9710097,member
1285357,A67D16B02EDCD4EA,docked_bike,2021-04-17 12:20:55,2021-04-17 12:27:20,Hanson Pl & Ashland Pl,4395,Carlton Ave & Dean St,4199,40.685068,-73.977907,40.6809741,-73.9710097,casual
1285358,B3E0C34108F70CC5,docked_bike,2021-04-13 19:28:38,2021-04-13 19:35:01,Hanson Pl & Ashland Pl,4395,Carlton Ave & Dean St,4199,40.685068,-73.977907,40.6809741,-73.9710097,member
1285363,4C5F2B212CAB710A,docked_bike,2021-04-06 19:28:19,2021-04-06 19:42:34,Hanson Pl & Ashland Pl,4395,Carlton Ave & Dean St,4199,40.685068,-73.977907,40.6809741,-73.9710097,member
1285376,B36EF013CDF26B13,docked_bike,2021-04-18 16:19:33,2021-04-18 16:32:54,Bergen St & 4 Ave,4322,Carlton Ave & Dean St,4199,40.682564,-73.979897,40.6809741,-73.9710097,member
1285377,E17119918E98657E,docked_bike,2021-04-28 20:36:07,2021-04-28 20:58:23,Sigourney St & Columbia St,3940,Carlton Ave & Dean St,4199,40.672672,-74.008795,40.6809741,-73.9710097,member
1285396,2999EA8EE0BB0DCA,docked_bike,2021-04-29 07:51:13,2021-04-29 07:57:12,Sterling Pl & Bedford Ave,3993,Carlton Ave & Dean St,4199,40.672695,-73.954131,40.6809741,-73.9710097,casual
1285399,67B7FBED5D170F84,docked_bike,2021-04-28 20:36:07,2021-04-28 20:58:24,Sigourney St & Columbia St,3940,Carlton Ave & Dean St,4199,40.672672,-74.008795,40.6809741,-73.9710097,member
1285403,464ED361912EE323,docked_bike,2021-04-20 09:25:33,2021-04-20 09:41:31,Clinton St & Union St,4266,Carlton Ave & Dean St,4199,40.683116,-73.997852,40.6809741,-73.9710097,casual
1285411,3F8FC2EF227D72D6,docked_bike,2021-04-19 19:25:03,2021-04-19 19:44:05,Clinton St & Union St,4266,Carlton Ave & Dean St,4199,40.683116,-73.997852,40.6809741,-73.9710097,casual
1285412,3D30A952F54D2A0E,docked_bike,2021-04-13 11:45:54,2021-04-13 11:57:04,Clinton St & Union St,4266,Carlton Ave & Dean St,4199,40.683116,-73.997852,40.6809741,-73.9710097,member
1285419,949FAAE600978AF8,docked_bike,2021-04-18 12:16:46,2021-04-18 12:20:45,Bergen St & 4 Ave,4322,Carlton Ave & Dean St,4199,40.682564,-73.979897,40.6809741,-73.9710097,member
1285423,501A14C28E713AC4,docked_bike,2021-04-10 12:18:21,2021-04-10 12:55:41,University Pl & E 8 St,5755,Carlton Ave & Dean St,4199,40.731437,-73.994903,40.6809741,-73.9710097,member
1285428,0EE294785DE617F8,docked_bike,2021-04-05 18:11:11,2021-04-05 18:17:26,Franklin Ave & St Marks Ave,4107,Carlton Ave & Dean St,4199,40.675832,-73.956167,40.6809741,-73.9710097,member
1285429,BF90AE4CE32E1386,docked_bike,2021-04-01 15:45:14,2021-04-01 16:01:18,Clinton St & Union St,4266,Carlton Ave & Dean St,4199,40.683116,-73.997852,40.6809741,-73.9710097,casual
1285434,84BA0D52BDFFD453,docked_bike,2021-04-13 20:55:55,2021-04-13 20:59:33,Hanson Pl & Ashland Pl,4395,Carlton Ave & Dean St,4199,40.685068,-73.977907,40.6809741,-73.9710097,member
1285437,A9FCF5A722438C76,docked_bike,2021-04-23 16:12:16,2021-04-23 16:21:49,Dock 72 Way & Market St,4804,Carlton Ave & Dean St,4199,40.69985,-73.97141,40.6809741,-73.9710097,casual
1285462,FA696C7018FEFFE8,docked_bike,2021-04-18 09:21:20,2021-04-18 09:55:33,University Pl & E 8 St,5755,Carlton Ave & Dean St,4199,40.731437,-73.994903,40.6809741,-73.9710097,member
1285467,0664435A1CCD8881,docked_bike,2021-04-23 19:03:49,2021-04-23 19:09:53,Franklin Ave & St Marks Ave,4107,Carlton Ave & Dean St,4199,40.675832,-73.956167,40.6809741,-73.9710097,casual
1285478,F6D4FB1639A80EDD,docked_bike,2021-04-30 16:04:32,2021-04-30 16:10:56,Hanson Pl & Ashland Pl,4395,Carlton Ave & Dean St,4199,40.685068,-73.977907,40.6809741,-73.9710097,member
1285490,55E59E94A68E125C,docked_bike,2021-04-26 14:56:25,2021-04-26 15:07:03,Dock 72 Way & Market St,4804,Carlton Ave & Dean St,4199,40.69985,-73.97141,40.6809741,-73.9710097,casual
1285505,E0B3B7AFC67090AE,docked_bike,2021-04-14 17:22:50,2021-04-14 17:32:22,Dean St & Hoyt St,4446,Carlton Ave & Dean St,4199,40.686444,-73.987591,40.6809741,-73.9710097,member
1285506,422161E8CE7CB3AF,docked_bike,2021-04-03 18:50:03,2021-04-03 19:00:17,Dean St & Hoyt St,4446,Carlton Ave & Dean St,4199,40.686444,-73.987591,40.6809741,-73.9710097,member
1285508,2DBA50984098C00B,docked_bike,2021-04-13 23:43:57,2021-04-13 23:46:54,Lafayette Ave & Fort Greene Pl,4395,Carlton Ave & Dean St,4199,40.686918,-73.976682,40.6809741,-73.9710097,member
1285509,EE28793F0C00F9EF,docked_bike,2021-04-23 23:49:09,2021-04-23 23:53:52,Lafayette Ave & Fort Greene Pl,4395,Carlton Ave & Dean St,4199,40.686918,-73.976682,40.6809741,-73.9710097,member
1285511,2E1C2E6BE79723EB,docked_bike,2021-04-24 21:00:05,2021-04-24 21:24:56,Graham Ave & Grand St,5178,Carlton Ave & Dean St,4199,40.711863,-73.944024,40.6809741,-73.9710097,casual
1285514,6F67C9DFC406BC31,docked_bike,2021-04-16 07:52:14,2021-04-16 08:00:37,Dean St & Hoyt St,4446,Carlton Ave & Dean St,4199,40.686444,-73.987591,40.6809741,-73.9710097,member
1285527,86FE551497837B85,docked_bike,2021-04-10 18:12:53,2021-04-10 18:18:49,Dean St & Hoyt St,4446,Carlton Ave & Dean St,4199,40.686444,-73.987591,40.6809741,-73.9710097,member
1285534,0381EECD59BC3675,docked_bike,2021-04-04 15:25:46,2021-04-04 15:34:00,Dean St & Hoyt St,4446,Carlton Ave & Dean St,4199,40.686444,-73.987591,40.6809741,-73.9710097,casual
1285570,2C22279D19B7D837,docked_bike,2021-04-10 18:28:15,2021-04-10 18:36:02,Dean St & Hoyt St,4446,Carlton Ave & Dean St,4199,40.686444,-73.987591,40.6809741,-73.9710097,casual
1285573,9101A9A6FDEB83B5,docked_bike,2021-04-09 18:09:03,2021-04-09 18:27:11,Smith St & 3 St,4151,Carlton Ave & Dean St,4199,40.678724,-73.99599,40.6809741,-73.9710097,casual
1285575,5A22297ED12E1A8B,docked_bike,2021-04-17 16:25:15,2021-04-17 16:33:08,Dean St & Hoyt St,4446,Carlton Ave & Dean St,4199,40.686444,-73.987591,40.6809741,-73.9710097,member
1285577,313054BD489DD474,docked_bike,2021-04-18 11:58:08,2021-04-18 12:18:36,Mott St & Prince St,5561,Carlton Ave & Dean St,4199,40.723179,-73.9948,40.6809741,-73.9710097,casual
1285578,613B5223E7D4C689,docked_bike,2021-04-19 14:59:12,2021-04-19 15:06:40,Dean St & Hoyt St,4446,Carlton Ave & Dean St,4199,40.686444,-73.987591,40.6809741,-73.9710097,member
1285589,B1AD5E87EF61B842,docked_bike,2021-04-28 17:17:40,2021-04-28 17:28:14,Dean St & Hoyt St,4446,Carlton Ave & Dean St,4199,40.686444,-73.987591,40.6809741,-73.9710097,member
1285595,2C0D4ED27EF95AA5,docked_bike,2021-04-14 17:47:14,2021-04-14 17:55:13,Dean St & Hoyt St,4446,Carlton Ave & Dean St,4199,40.686444,-73.987591,40.6809741,-73.9710097,member
1285601,062BC11D72FC9CC8,docked_bike,2021-04-26 10:24:48,2021-04-26 10:36:32,Dean St & Hoyt St,4446,Carlton Ave & Dean St,4199,40.686444,-73.987591,40.6809741,-73.9710097,member
1285602,0C171C62B14E21C8,docked_bike,2021-04-23 16:48:22,2021-04-23 16:56:56,Dean St & Hoyt St,4446,Carlton Ave & Dean St,4199,40.686444,-73.987591,40.6809741,-73.9710097,casual
1285606,422DA17D3BE4301E,docked_bike,2021-04-30 14:44:25,2021-04-30 14:58:49,Dean St & Hoyt St,4446,Carlton Ave & Dean St,4199,40.686444,-73.987591,40.6809741,-73.9710097,casual
1285610,A4AAE926D095AAF5,docked_bike,2021-04-17 16:31:32,2021-04-17 16:41:45,Dean St & Hoyt St,4446,Carlton Ave & Dean St,4199,40.686444,-73.987591,40.6809741,-73.9710097,casual
1285614,3BB7E028A6C31DC0,docked_bike,2021-04-05 18:52:06,2021-04-05 18:59:03,Dean St & Hoyt St,4446,Carlton Ave & Dean St,4199,40.686444,-73.987591,40.6809741,-73.9710097,casual
1285618,B70B6DF0688939BA,docked_bike,2021-04-14 14:54:40,2021-04-14 15:03:16,Dean St & Hoyt St,4446,Carlton Ave & Dean St,4199,40.686444,-73.987591,40.6809741,-73.9710097,member
1285622,44B085A7E3791836,docked_bike,2021-04-30 14:41:09,2021-04-30 14:58:47,Dean St & Hoyt St,4446,Carlton Ave & Dean St,4199,40.686444,-73.987591,40.6809741,-73.9710097,casual
1285626,782140D98DD0BD37,docked_bike,2021-04-08 17:14:58,2021-04-08 17:24:10,Dean St & Hoyt St,4446,Carlton Ave & Dean St,4199,40.686444,-73.987591,40.6809741,-73.9710097,member
1285633,780A9B8BDB176380,docked_bike,2021-04-05 12:09:05,2021-04-05 12:20:57,Clinton St & Union St,4266,Carlton Ave & Dean St,4199,40.683116,-73.997852,40.6809741,-73.9710097,member
1285639,42DEF2883DE92E0A,docked_bike,2021-04-24 09:57:24,2021-04-24 10:03:44,Franklin Ave & St Marks Ave,4107,Carlton Ave & Dean St,4199,40.675832,-73.956167,40.6809741,-73.9710097,member
1285647,ABF1A8A8620183C8,docked_bike,2021-04-19 17:08:02,2021-04-19 17:12:36,Bergen St & 4 Ave,4322,Carlton Ave & Dean St,4199,40.682564,-73.979897,40.6809741,-73.9710097,member
1285669,A9A789607AC29FEC,docked_bike,2021-04-05 15:22:13,2021-04-05 15:30:17,Schermerhorn St & Court St,4565,Carlton Ave & Dean St,4199,40.691029,-73.991833,40.6809741,-73.9710097,member
1285676,D6666B87CEF017DA,docked_bike,2021-04-21 15:51:40,2021-04-21 16:01:12,Schermerhorn St & Court St,4565,Carlton Ave & Dean St,4199,40.691029,-73.991833,40.6809741,-73.9710097,member
1285677,5B9281DE5892978C,docked_bike,2021-04-19 17:32:18,2021-04-19 17:56:09,55 St & 7 Ave,2951,Carlton Ave & Dean St,4199,40.639673,-74.008957,40.6809741,-73.9710097,member
1285680,0B44908099740A9E,docked_bike,2021-04-23 09:06:00,2021-04-23 09:15:02,Schermerhorn St & Court St,4565,Carlton Ave & Dean St,4199,40.691029,-73.991833,40.6809741,-73.9710097,member
1285683,CE0AFC9825B7B444,docked_bike,2021-04-17 15:20:17,2021-04-17 15:48:58,Kent Ave & N 7 St,5489,Carlton Ave & Dean St,4199,40.720368,-73.961651,40.680974,-73.97101,casual
1285700,DA05A5CF3FFC1D40,docked_bike,2021-04-18 14:31:19,2021-04-18 15:06:56,Kent Ave & N 7 St,5489,Carlton Ave & Dean St,4199,40.720367,-73.96165,40.6809741,-73.9710097,member
1285701,21C33BF2ED67D558,docked_bike,2021-04-29 11:39:44,2021-04-29 11:54:29,Schermerhorn St & Court St,4565,Carlton Ave & Dean St,4199,40.691029,-73.991833,40.6809741,-73.9710097,casual
1285713,5CE6C2E72B757155,docked_bike,2021-04-05 21:48:25,2021-04-05 21:57:42,Schermerhorn St & Court St,4565,Carlton Ave & Dean St,4199,40.691029,-73.991833,40.6809741,-73.9710097,member
1285719,CBBED076ECD4C424,docked_bike,2021-04-17 15:19:35,2021-04-17 15:48:52,Kent Ave & N 7 St,5489,Carlton Ave & Dean St,4199,40.720368,-73.961651,40.680974,-73.97101,casual
1285731,EED7754FCB6390A1,docked_bike,2021-04-06 15:56:35,2021-04-06 16:06:44,Clinton Ave & Flushing Ave,4762,Carlton Ave & Dean St,4199,40.69794,-73.969868,40.6809741,-73.9710097,casual
1285743,6741B5A830FB7B79,docked_bike,2021-04-17 22:45:06,2021-04-17 22:55:43,Schermerhorn St & Court St,4565,Carlton Ave & Dean St,4199,40.691029,-73.991833,40.6809741,-73.9710097,member
1285789,41F2DDF5F206D5A0,docked_bike,2021-04-29 11:40:16,2021-04-29 11:54:34,Schermerhorn St & Court St,4565,Carlton Ave & Dean St,4199,40.691029,-73.991833,40.6809741,-73.9710097,casual
1285806,3DF4652DE3DEC2E9,docked_bike,2021-04-24 14:44:24,2021-04-24 14:51:33,Grand Army Plaza & Plaza St West,4010,Carlton Ave & Dean St,4199,40.672967,-73.970879,40.6809741,-73.9710097,member
1285821,DFC27D3AA81FCA12,docked_bike,2021-04-16 23:14:58,2021-04-16 23:23:24,14 St & 7 Ave,3731,Carlton Ave & Dean St,4199,40.663779,-73.983968,40.6809741,-73.9710097,casual
1285822,E5278A1C9371CEC0,docked_bike,2021-04-27 12:16:41,2021-04-27 12:20:55,Grand Army Plaza & Plaza St West,4010,Carlton Ave & Dean St,4199,40.672967,-73.970879,40.6809741,-73.9710097,member
1285824,5F88280D2DB53452,docked_bike,2021-04-24 15:56:04,2021-04-24 16:01:24,Grand Army Plaza & Plaza St West,4010,Carlton Ave & Dean St,4199,40.672967,-73.970879,40.6809741,-73.9710097,member
1285832,E2EFFCD2BC277C15,docked_bike,2021-04-28 19:29:07,2021-04-28 19:33:02,Grand Army Plaza & Plaza St West,4010,Carlton Ave & Dean St,4199,40.672967,-73.970879,40.6809741,-73.9710097,member
1285853,5F76EA00138CDF0D,docked_bike,2021-04-28 17:59:24,2021-04-28 18:05:11,Grand Army Plaza & Plaza St West,4010,Carlton Ave & Dean St,4199,40.672967,-73.970879,40.6809741,-73.9710097,member
1285854,B4A6AAC6CB1F70F1,docked_bike,2021-04-04 16:40:09,2021-04-04 16:44:54,Grand Army Plaza & Plaza St West,4010,Carlton Ave & Dean St,4199,40.672967,-73.970879,40.6809741,-73.9710097,member
1285880,722F1FE3F0293F48,docked_bike,2021-04-02 14:50:57,2021-04-02 14:58:32,14 St & 7 Ave,3731,Carlton Ave & Dean St,4199,40.663779,-73.983968,40.6809741,-73.9710097,member
1285890,95DEE08B31B710AD,docked_bike,2021-04-20 17:25:28,2021-04-20 17:30:35,Grand Army Plaza & Plaza St West,4010,Carlton Ave & Dean St,4199,40.672967,-73.970879,40.6809741,-73.9710097,member
1285921,F38DF1845CD8DFAB,docked_bike,2021-04-26 09:57:23,2021-04-26 10:03:28,Grand Army Plaza & Plaza St West,4010,Carlton Ave & Dean St,4199,40.672967,-73.970879,40.6809741,-73.9710097,casual
1285929,3DD8193DC1961326,docked_bike,2021-04-23 08:17:34,2021-04-23 08:24:41,Sterling Pl & Bedford Ave,3993,Carlton Ave & Dean St,4199,40.672695,-73.954131,40.6809741,-73.9710097,casual
1285938,759D649A118AD464,docked_bike,2021-04-22 08:21:29,2021-04-22 08:28:52,Sterling Pl & Bedford Ave,3993,Carlton Ave & Dean St,4199,40.672695,-73.954131,40.6809741,-73.9710097,casual
1285939,D259D7A1A53F3A49,docked_bike,2021-04-20 16:53:26,2021-04-20 16:56:45,Bergen St & 4 Ave,4322,Carlton Ave & Dean St,4199,40.682564,-73.979897,40.6809741,-73.9710097,member
1285949,7EDD0D411BCD36D2,docked_bike,2021-04-07 18:15:16,2021-04-07 18:52:47,Broadway & W 38 St,6441,Carlton Ave & Dean St,4199,40.752996,-73.987216,40.6809741,-73.9710097,member
1285952,DCA9F440572CC61E,docked_bike,2021-04-09 14:34:06,2021-04-09 14:44:47,Washington Ave & Greene Ave,4419,Carlton Ave & Dean St,4199,40.6865,-73.965633,40.6809741,-73.9710097,casual
1285988,3E55FFCE3C8EC8D5,docked_bike,2021-04-19 15:12:37,2021-04-19 15:13:03,Adelphi St & Myrtle Ave,4620,Carlton Ave & Dean St,4199,40.693082,-73.971789,40.6809741,-73.9710097,member
1285989,C49863BBCA30EC55,docked_bike,2021-04-10 10:12:52,2021-04-10 10:34:48,Grand St & Elizabeth St,5382,Carlton Ave & Dean St,4199,40.718822,-73.99596,40.6809741,-73.9710097,member
1285993,1E1491F6E6D4E824,docked_bike,2021-04-06 20:03:58,2021-04-06 20:23:00,Metropolitan Ave & Bedford Ave,5308,Carlton Ave & Dean St,4199,40.715348,-73.960241,40.6809741,-73.9710097,member
1286020,33E031C602F28D28,docked_bike,2021-04-18 14:37:38,2021-04-18 14:41:48,Grand Army Plaza & Plaza St West,4010,Carlton Ave & Dean St,4199,40.672967,-73.970879,40.6809741,-73.9710097,member
1286036,14AE6F9AD1B16BC0,docked_bike,2021-04-17 11:19:33,2021-04-17 11:59:19,1 Ave & E 78 St,7020,Carlton Ave & Dean St,4199,40.771404,-73.953516,40.6809741,-73.9710097,casual
1286048,6868175B5D221595,docked_bike,2021-04-15 06:08:49,2021-04-15 06:34:46,Madison St & Forest Ave,5025,Carlton Ave & Dean St,4199,40.70555,-73.90245,40.6809741,-73.9710097,member
1286049,444F6767A037F09D,docked_bike,2021-04-21 06:11:06,2021-04-21 06:35:12,Madison St & Forest Ave,5025,Carlton Ave & Dean St,4199,40.70555,-73.90245,40.6809741,-73.9710097,member
1286062,2A394BB05DD30102,docked_bike,2021-04-10 17:28:28,2021-04-10 19:33:45,Grand Army Plaza & Plaza St West,4010,Carlton Ave & Dean St,4199,40.672967,-73.970879,40.6809741,-73.9710097,casual
1286069,E9866E114FBF8EB4,docked_bike,2021-04-18 16:48:22,2021-04-18 16:53:59,Grand Army Plaza & Plaza St West,4010,Carlton Ave & Dean St,4199,40.672967,-73.970879,40.6809741,-73.9710097,member
1286070,8B7B7E87FA12FA2C,docked_bike,2021-04-06 09:51:36,2021-04-06 09:56:25,Grand Army Plaza & Plaza St West,4010,Carlton Ave & Dean St,4199,40.672967,-73.970879,40.6809741,-73.9710097,casual
1286079,44B9186C87E520B9,docked_bike,2021-04-23 08:31:40,2021-04-23 08:42:42,14 St & 7 Ave,3731,Carlton Ave & Dean St,4199,40.663779,-73.983968,40.6809741,-73.9710097,casual
1286082,C096310442A15E2A,docked_bike,2021-04-26 15:51:20,2021-04-26 15:55:50,Grand Army Plaza & Plaza St West,4010,Carlton Ave & Dean St,4199,40.672967,-73.970879,40.6809741,-73.9710097,member
1286083,BA2B1C41A3E5FD8C,docked_bike,2021-04-27 09:06:47,2021-04-27 09:10:54,Grand Army Plaza & Plaza St West,4010,Carlton Ave & Dean St,4199,40.672967,-73.970879,40.6809741,-73.9710097,member
1286092,C0652DD8EB4096A3,docked_bike,2021-04-06 17:39:47,2021-04-06 17:49:53,Prospect Park West & 8 St,3722,Carlton Ave & Dean St,4199,40.665146,-73.976376,40.6809741,-73.9710097,member
1286097,FE85A7C00E083DA1,docked_bike,2021-04-05 17:30:09,2021-04-05 17:41:46,Prospect Park West & 8 St,3722,Carlton Ave & Dean St,4199,40.665146,-73.976376,40.6809741,-73.9710097,casual
1286099,AAA4167342329276,docked_bike,2021-04-14 18:48:11,2021-04-14 18:56:37,Prospect Park West & 8 St,3722,Carlton Ave & Dean St,4199,40.665146,-73.976376,40.6809741,-73.9710097,casual
1286116,D56E503B80A416F0,docked_bike,2021-04-08 16:51:58,2021-04-08 17:04:43,Prospect Park West & 8 St,3722,Carlton Ave & Dean St,4199,40.665146,-73.976376,40.6809741,-73.9710097,member
1286126,A9F73E9BB87EB9ED,docked_bike,2021-04-25 10:40:22,2021-04-25 10:50:43,Prospect Park West & 8 St,3722,Carlton Ave & Dean St,4199,40.665146,-73.976376,40.6809741,-73.9710097,member
1286134,27034B4B502DD19C,docked_bike,2021-04-18 17:02:44,2021-04-18 17:14:57,Prospect Park West & 8 St,3722,Carlton Ave & Dean St,4199,40.665146,-73.976376,40.6809741,-73.9710097,member
1286140,85C861FA0AAD9EE2,docked_bike,2021-04-29 08:51:17,2021-04-29 09:02:37,Schermerhorn St & Court St,4565,Carlton Ave & Dean St,4199,40.691029,-73.991833,40.6809741,-73.9710097,member
1286146,CB403462FB14935D,docked_bike,2021-04-30 19:56:43,2021-04-30 20:00:46,S Portland Ave & Hanson Pl,4354,Carlton Ave & Dean St,4199,40.685395,-73.974314,40.6809741,-73.9710097,member
1286149,CCAF7218EA0A1FD3,docked_bike,2021-04-27 17:49:43,2021-04-27 17:55:44,S Portland Ave & Hanson Pl,4354,Carlton Ave & Dean St,4199,40.685395,-73.974314,40.6809741,-73.9710097,member
1286151,D9D29D2BACE98A8F,docked_bike,2021-04-02 14:45:29,2021-04-02 14:48:56,S Portland Ave & Hanson Pl,4354,Carlton Ave & Dean St,4199,40.685396,-73.974315,40.680974,-73.97101,member
1286155,B846063070CE7408,docked_bike,2021-04-19 11:03:58,2021-04-19 13:43:07,Prospect Park West & 8 St,3722,Carlton Ave & Dean St,4199,40.665146,-73.976376,40.6809741,-73.9710097,member
1286160,5EE4ABC60EE2A08F,docked_bike,2021-04-16 17:45:55,2021-04-16 17:56:59,Prospect Park West & 8 St,3722,Carlton Ave & Dean St,4199,40.665146,-73.976376,40.6809741,-73.9710097,casual
1286171,831BC854CA54EDDA,docked_bike,2021-04-01 23:10:59,2021-04-01 23:48:15,Steinway St & Broadway,6711,Carlton Ave & Dean St,4199,40.759057,-73.918975,40.6809741,-73.9710097,member
1286181,FE854A15FBF7D8A6,docked_bike,2021-04-04 16:40:21,2021-04-04 16:44:55,Grand Army Plaza & Plaza St West,4010,Carlton Ave & Dean St,4199,40.672967,-73.970879,40.6809741,-73.9710097,member
1286182,7B4A2A8DDF5A65A6,docked_bike,2021-04-05 18:36:47,2021-04-05 19:19:59,Grand Army Plaza & Plaza St West,4010,Carlton Ave & Dean St,4199,40.672967,-73.970879,40.6809741,-73.9710097,casual
1286184,BEBBB0D9C0498FA3,docked_bike,2021-04-24 14:20:04,2021-04-24 14:55:43,Grand Army Plaza & Plaza St West,4010,Carlton Ave & Dean St,4199,40.672967,-73.970879,40.6809741,-73.9710097,member
1286197,A131553E11178909,docked_bike,2021-04-22 09:20:11,2021-04-22 09:33:11,14 St & 7 Ave,3731,Carlton Ave & Dean St,4199,40.663779,-73.983968,40.6809741,-73.9710097,member
1286198,5235E08F5F3A0079,docked_bike,2021-04-28 19:40:06,2021-04-28 20:19:17,1 Ave & E 16 St,5779,Carlton Ave & Dean St,4199,40.732218,-73.981655,40.6809741,-73.9710097,member
1286200,58460B398443E447,docked_bike,2021-04-18 17:18:38,2021-04-18 17:22:36,S Portland Ave & Hanson Pl,4354,Carlton Ave & Dean St,4199,40.685395,-73.974314,40.6809741,-73.9710097,member
1286204,BDF1AEA612B749D8,docked_bike,2021-04-18 20:41:43,2021-04-18 20:45:40,S Portland Ave & Hanson Pl,4354,Carlton Ave & Dean St,4199,40.685395,-73.974314,40.6809741,-73.9710097,member
1286206,D6CB9D4CF8E45189,docked_bike,2021-04-04 13:20:54,2021-04-04 14:14:59,Pearl St & Peck Slip,5096,Carlton Ave & Dean St,4199,40.708485,-74.002751,40.6809741,-73.9710097,member
1286208,E358CEE925CC16D9,docked_bike,2021-04-23 19:00:22,2021-04-23 19:45:13,W 15 St & 10 Ave,6115,Carlton Ave & Dean St,4199,40.742753,-74.007473,40.6809741,-73.9710097,member
1286209,A63D36ED0B73E584,docked_bike,2021-04-04 13:20:19,2021-04-04 14:15:03,Pearl St & Peck Slip,5096,Carlton Ave & Dean St,4199,40.708485,-74.002751,40.6809741,-73.9710097,member
1286211,603D5AC9CAA45E7C,docked_bike,2021-04-30 14:46:23,2021-04-30 15:10:38,Somers St & Broadway,4203,Carlton Ave & Dean St,4199,40.67945,-73.90474,40.6809741,-73.9710097,member
1286215,E0B17DCD9D6A2A59,docked_bike,2021-04-01 18:05:32,2021-04-01 18:11:18,S Portland Ave & Hanson Pl,4354,Carlton Ave & Dean St,4199,40.685395,-73.974314,40.6809741,-73.9710097,casual
1286261,6A2AF60D121ADDAE,docked_bike,2021-04-02 19:06:55,2021-04-02 19:43:11,Driggs Ave & N 9 St,5411,Carlton Ave & Dean St,4199,40.718169,-73.955201,40.6809741,-73.9710097,casual
1286263,6916018C818CFDDF,docked_bike,2021-04-26 19:48:02,2021-04-26 20:00:19,Fulton St & Irving Pl,4263,Carlton Ave & Dean St,4199,40.68186,-73.959432,40.6809741,-73.9710097,casual
1286304,53096B2C59A9D8E6,docked_bike,2021-04-16 17:40:43,2021-04-16 17:45:25,Fulton St & Irving Pl,4263,Carlton Ave & Dean St,4199,40.68186,-73.959432,40.6809741,-73.9710097,member
1286305,86C4D80BF5171AEB,docked_bike,2021-04-04 15:55:18,2021-04-04 16:02:39,Fulton St & Irving Pl,4263,Carlton Ave & Dean St,4199,40.68186,-73.959432,40.6809741,-73.9710097,member
1286313,72BA8F88A941FB5A,docked_bike,2021-04-14 16:49:32,2021-04-14 17:27:31,Madison Ave & E 26 St,6131,Carlton Ave & Dean St,4199,40.742684,-73.986713,40.6809741,-73.9710097,member
1286315,58E90BFF12B151B8,docked_bike,2021-04-19 15:22:44,2021-04-19 16:01:57,Central Ave & Woodbine St,4632,Carlton Ave & Dean St,4199,40.69296,-73.91605,40.6809741,-73.9710097,casual
1286332,0170D03BDDE372C9,docked_bike,2021-04-19 15:16:56,2021-04-19 16:01:58,Central Ave & Woodbine St,4632,Carlton Ave & Dean St,4199,40.69296,-73.91605,40.6809741,-73.9710097,casual
1286365,91420989ED6F15BF,docked_bike,2021-04-30 16:38:12,2021-04-30 17:11:09,W 4 St & 7 Ave S,5880,Carlton Ave & Dean St,4199,40.734011,-74.002938,40.6809741,-73.9710097,member
1286373,1ECF58CC0BEF23CC,docked_bike,2021-04-14 16:26:38,2021-04-14 16:52:00,Milton St & Franklin St,5752,Carlton Ave & Dean St,4199,40.72906,-73.95779,40.6809741,-73.9710097,member
1286391,3EDBAE4F66DC2968,docked_bike,2021-04-30 17:00:58,2021-04-30 17:34:14,W 4 St & 7 Ave S,5880,Carlton Ave & Dean St,4199,40.734011,-74.002938,40.6809741,-73.9710097,member
1286399,DBCDED3D417F41B9,docked_bike,2021-04-29 02:04:23,2021-04-29 02:25:56,4 Ave & Shore Road Dr,2832,Carlton Ave & Dean St,4199,40.637033,-74.022141,40.6809741,-73.9710097,member
1286436,87C2709703E75E4F,docked_bike,2021-04-14 19:19:32,2021-04-14 19:31:09,10 St & 5 Ave,3842,Carlton Ave & Dean St,4199,40.668627,-73.987,40.6809741,-73.9710097,casual
1286447,A5BE3EBC0C2B49FB,docked_bike,2021-04-07 19:12:06,2021-04-07 19:30:02,Clark St & Henry St,4789,Carlton Ave & Dean St,4199,40.697601,-73.993445,40.6809741,-73.9710097,casual
1286456,79EC60CC55C00555,docked_bike,2021-04-28 12:24:42,2021-04-28 12:32:10,Pacific St & Nevins St,4362,Carlton Ave & Dean St,4199,40.685376,-73.983021,40.6809741,-73.9710097,casual
1286460,73EBAB0392C676A1,docked_bike,2021-04-14 13:48:49,2021-04-14 13:57:17,5 Ave & 3 St,3987,Carlton Ave & Dean St,4199,40.672815,-73.983523,40.6809741,-73.9710097,member
1286473,68E8ABE037A4BBC5,docked_bike,2021-04-30 17:56:09,2021-04-30 18:04:47,5 Ave & 3 St,3987,Carlton Ave & Dean St,4199,40.672815,-73.983523,40.6809741,-73.9710097,casual
1286490,A14ED27BA4E33CB3,docked_bike,2021-04-24 15:52:56,2021-04-24 15:59:54,Grand Army Plaza & Plaza St West,4010,Carlton Ave & Dean St,4199,40.672967,-73.970879,40.6809741,-73.9710097,member
1286494,6B8F9E4B2F241E1F,docked_bike,2021-04-01 15:59:33,2021-04-01 16:03:43,Grand Army Plaza & Plaza St West,4010,Carlton Ave & Dean St,4199,40.672967,-73.970879,40.6809741,-73.9710097,member
1286495,D09531CEDC7EA61A,docked_bike,2021-04-23 21:11:33,2021-04-23 21:20:07,5 Ave & 3 St,3987,Carlton Ave & Dean St,4199,40.672815,-73.983523,40.6809741,-73.9710097,member
1286496,1E9402776FF93A73,docked_bike,2021-04-14 11:42:16,2021-04-14 11:51:45,5 Ave & 3 St,3987,Carlton Ave & Dean St,4199,40.672815,-73.983523,40.6809741,-73.9710097,member
1286498,74FA4CF05524D50E,docked_bike,2021-04-09 14:37:21,2021-04-09 14:44:46,5 Ave & 3 St,3987,Carlton Ave & Dean St,4199,40.672815,-73.983523,40.6809741,-73.9710097,member
1286500,FB23EA57918B7992,docked_bike,2021-04-05 13:39:04,2021-04-05 13:46:26,5 Ave & 3 St,3987,Carlton Ave & Dean St,4199,40.672815,-73.983523,40.6809741,-73.9710097,member
1286508,D872D11706FFDE1F,docked_bike,2021-04-16 15:34:07,2021-04-16 15:42:47,5 Ave & 3 St,3987,Carlton Ave & Dean St,4199,40.672815,-73.983523,40.6809741,-73.9710097,member
1286512,E6D2CB128A784B3A,docked_bike,2021-04-13 16:38:00,2021-04-13 16:47:46,12 St & 4 Ave,3882,Carlton Ave & Dean St,4199,40.668603,-73.990439,40.6809741,-73.9710097,member
1286530,0E85DA745A80A53D,docked_bike,2021-04-03 22:49:01,2021-04-03 22:55:08,5 Ave & 3 St,3987,Carlton Ave & Dean St,4199,40.672815,-73.983523,40.6809741,-73.9710097,member
1286531,CCFF160BDE70C121,docked_bike,2021-04-13 16:02:08,2021-04-13 16:15:34,5 Ave & 3 St,3987,Carlton Ave & Dean St,4199,40.672815,-73.983523,40.6809741,-73.9710097,member
1286535,0B88DFD0E2CA6280,docked_bike,2021-04-14 12:48:02,2021-04-14 12:57:52,5 Ave & 3 St,3987,Carlton Ave & Dean St,4199,40.672815,-73.983523,40.6809741,-73.9710097,casual
1286540,586555C9435E8025,docked_bike,2021-04-30 16:28:02,2021-04-30 16:41:19,5 Ave & 3 St,3987,Carlton Ave & Dean St,4199,40.672815,-73.983523,40.6809741,-73.9710097,casual
1286541,59F9CD9B5A8F29F2,docked_bike,2021-04-29 17:08:23,2021-04-29 17:43:30,Morton St & Washington St,5772,Carlton Ave & Dean St,4199,40.73115,-74.00887,40.6809741,-73.9710097,member
1286545,868C0DBF1F2877F3,docked_bike,2021-04-09 14:37:13,2021-04-09 14:44:46,5 Ave & 3 St,3987,Carlton Ave & Dean St,4199,40.672815,-73.983523,40.6809741,-73.9710097,member
1286554,2BC56B7694099545,docked_bike,2021-04-13 13:56:12,2021-04-13 14:00:03,Prospect Pl & Underhill Ave,4116,Carlton Ave & Dean St,4199,40.676969,-73.96579,40.6809741,-73.9710097,member
1286560,3D3D2EA10E7FA618,docked_bike,2021-04-10 13:00:50,2021-04-10 13:25:37,Lafayette St & Jersey St,5561,Carlton Ave & Dean St,4199,40.72456,-73.995652,40.6809741,-73.9710097,member
1286564,2C053B341C227852,docked_bike,2021-04-22 15:04:17,2021-04-22 15:41:33,10 St & 5 Ave,3842,Carlton Ave & Dean St,4199,40.668627,-73.987,40.6809741,-73.9710097,member
1286571,7866A84516F8A38C,docked_bike,2021-04-18 20:05:07,2021-04-18 20:29:02,Franklin St & Dupont St,5944,Carlton Ave & Dean St,4199,40.73564,-73.95866,40.6809741,-73.9710097,member
1286577,72519C7B30C20EA4,docked_bike,2021-04-30 17:34:36,2021-04-30 17:50:16,Front St & Gold St,4927,Carlton Ave & Dean St,4199,40.70224,-73.982578,40.6809741,-73.9710097,member
1286581,A396A39DEF5B73F6,docked_bike,2021-04-20 17:55:11,2021-04-20 18:02:55,5 Ave & 3 St,3987,Carlton Ave & Dean St,4199,40.672815,-73.983523,40.6809741,-73.9710097,casual
1286589,C5AC22AF08ACDE01,docked_bike,2021-04-19 20:46:42,2021-04-19 20:55:36,Bond St & Fulton St,4479,Carlton Ave & Dean St,4199,40.689621,-73.983042,40.6809741,-73.9710097,member
1286590,E92D532E27B8146A,docked_bike,2021-04-04 11:52:44,2021-04-04 12:25:26,Johnson St & Gold St,4668,Carlton Ave & Dean St,4199,40.694748,-73.983624,40.6809741,-73.9710097,member
1286597,41874115CB530B66,docked_bike,2021-04-19 18:42:51,2021-04-19 18:53:54,Carroll St & 5 Ave,4060,Carlton Ave & Dean St,4199,40.675162,-73.981483,40.6809741,-73.9710097,member
1286615,082C213D71BF31C3,docked_bike,2021-04-16 12:23:33,2021-04-16 12:30:19,Carroll St & 5 Ave,4060,Carlton Ave & Dean St,4199,40.675162,-73.981483,40.6809741,-73.9710097,member
1286617,57D5AFFCFF4D569C,docked_bike,2021-04-02 21:18:08,2021-04-02 21:23:14,Carroll St & 5 Ave,4060,Carlton Ave & Dean St,4199,40.675162,-73.981483,40.6809741,-73.9710097,member
1286621,129982EDF8C79588,docked_bike,2021-04-10 19:21:33,2021-04-10 19:36:11,Johnson St & Gold St,4668,Carlton Ave & Dean St,4199,40.694748,-73.983624,40.6809741,-73.9710097,casual
1286636,052871E852FE4B90,docked_bike,2021-04-17 17:58:50,2021-04-17 18:10:54,Bond St & Fulton St,4479,Carlton Ave & Dean St,4199,40.689621,-73.983042,40.6809741,-73.9710097,casual
1286648,208E25FC1DF3D65E,docked_bike,2021-04-14 15:03:01,2021-04-14 15:18:05,Bond St & Fulton St,4479,Carlton Ave & Dean St,4199,40.689621,-73.983042,40.6809741,-73.9710097,member
1286649,6302DD4829A49001,docked_bike,2021-04-18 11:52:09,2021-04-18 12:03:36,Carroll St & 5 Ave,4060,Carlton Ave & Dean St,4199,40.675162,-73.981483,40.6809741,-73.9710097,member
1286650,F621A97F4B1D4456,docked_bike,2021-04-27 08:39:41,2021-04-27 08:48:37,Lefferts Pl & Franklin Ave,4222,Carlton Ave & Dean St,4199,40.680342,-73.955768,40.6809741,-73.9710097,member
1286651,63496CC331BC0E82,docked_bike,2021-04-13 14:22:38,2021-04-13 14:31:58,Bond St & Fulton St,4479,Carlton Ave & Dean St,4199,40.689621,-73.983042,40.6809741,-73.9710097,member
1286658,8F63B1471DFFE2E5,docked_bike,2021-04-30 09:47:55,2021-04-30 09:56:26,Bond St & Fulton St,4479,Carlton Ave & Dean St,4199,40.689621,-73.983042,40.6809741,-73.9710097,member
1286685,A3B52C640D23EEC0,docked_bike,2021-04-13 14:03:08,2021-04-13 14:12:43,14 St & 7 Ave,3731,Carlton Ave & Dean St,4199,40.663779,-73.983968,40.6809741,-73.9710097,member
1286688,1212BFFC645C32B8,docked_bike,2021-04-07 18:24:14,2021-04-07 18:47:06,Duane St & Greenwich St,5400,Carlton Ave & Dean St,4199,40.717487,-74.010455,40.6809741,-73.9710097,casual
1286740,66DFDCCE821445F2,docked_bike,2021-04-30 23:31:13,2021-04-30 23:37:31,Carroll St & 5 Ave,4060,Carlton Ave & Dean St,4199,40.675162,-73.981483,40.6809741,-73.9710097,member
1286741,884690CF16BF05BA,docked_bike,2021-04-25 14:06:16,2021-04-25 14:12:39,Carroll St & 5 Ave,4060,Carlton Ave & Dean St,4199,40.675162,-73.981483,40.6809741,-73.9710097,member
1286748,154C5C6348A346EF,docked_bike,2021-04-20 21:16:56,2021-04-20 21:42:43,Lefferts Pl & Franklin Ave,4222,Carlton Ave & Dean St,4199,40.680342,-73.955768,40.6809741,-73.9710097,member
1286799,4DFFFCB5058CDFBB,docked_bike,2021-04-04 13:50:20,2021-04-04 13:59:45,Eastern Pkwy & Washington Ave,3928,Carlton Ave & Dean St,4199,40.671649,-73.963114,40.6809741,-73.9710097,casual
1286805,0629AD8291B4CA7C,docked_bike,2021-04-30 11:22:33,2021-04-30 11:30:34,Eastern Pkwy & Washington Ave,3928,Carlton Ave & Dean St,4199,40.671649,-73.963114,40.6809741,-73.9710097,member
1286810,19DA1590180DF987,docked_bike,2021-04-13 17:19:24,2021-04-13 17:46:30,Centre St & Worth St,5279,Carlton Ave & Dean St,4199,40.714948,-74.002344,40.6809741,-73.9710097,member
1286815,CD448305E0E1C066,docked_bike,2021-04-10 18:12:54,2021-04-10 18:43:08,Centre St & Worth St,5279,Carlton Ave & Dean St,4199,40.714948,-74.002344,40.6809741,-73.9710097,casual
1286858,2CD5B6A4835C8EC7,docked_bike,2021-04-19 16:33:16,2021-04-19 17:19:11,Broadway & W 25 St,6173,Carlton Ave & Dean St,4199,40.742868,-73.989186,40.6809741,-73.9710097,member
1286895,1FFA11624A69C8CD,docked_bike,2021-04-24 15:57:49,2021-04-24 16:42:03,Broad St & Bridge St,4962,Carlton Ave & Dean St,4199,40.703651,-74.011677,40.6809741,-73.9710097,casual
1286896,EDCAD5583A432ABD,docked_bike,2021-04-28 12:22:36,2021-04-28 12:35:53,Lawrence St & Willoughby St,4596,Carlton Ave & Dean St,4199,40.692361,-73.986317,40.6809741,-73.9710097,member
1286902,A553DBB2A1AC6AE2,docked_bike,2021-04-18 16:08:20,2021-04-18 16:33:43,Broadway & Berry St,5164,Carlton Ave & Dean St,4199,40.710445,-73.96525,40.6809741,-73.9710097,casual
1286973,443ED3B98B3841CC,docked_bike,2021-04-07 17:34:54,2021-04-07 18:06:25,46 Ave & 5 St,6286,Carlton Ave & Dean St,4199,40.74731,-73.95451,40.6809741,-73.9710097,member
1286996,8A1735DBB70447A5,docked_bike,2021-04-18 17:21:00,2021-04-18 17:47:24,Kent Ave & S 11 St,5062,Carlton Ave & Dean St,4199,40.707644,-73.968415,40.6809741,-73.9710097,member
1287011,9AE1B79D054393C3,docked_bike,2021-04-21 12:16:25,2021-04-21 12:29:31,Lawrence St & Willoughby St,4596,Carlton Ave & Dean St,4199,40.692361,-73.986317,40.6809741,-73.9710097,member
1287036,91BCC4AB0BBDAC9A,docked_bike,2021-04-09 14:46:54,2021-04-09 14:56:11,Bergen St & Smith St,4446,Carlton Ave & Dean St,4199,40.686744,-73.990631,40.6809741,-73.9710097,member
1287038,5C9BA6484A6F7A4E,docked_bike,2021-04-25 17:11:15,2021-04-25 17:23:17,Bergen St & Smith St,4446,Carlton Ave & Dean St,4199,40.686744,-73.990631,40.6809741,-73.9710097,casual
1287045,1169D20E8B344DED,docked_bike,2021-04-04 11:51:47,2021-04-04 11:59:57,Bergen St & Smith St,4446,Carlton Ave & Dean St,4199,40.686744,-73.990631,40.6809741,-73.9710097,casual
1287046,F2FAF3820EE9B890,docked_bike,2021-04-04 17:03:44,2021-04-04 18:02:47,Bergen St & Smith St,4446,Carlton Ave & Dean St,4199,40.686744,-73.990632,40.680974,-73.97101,member
1287051,48C66A453EB34BAA,docked_bike,2021-04-06 18:59:14,2021-04-06 19:12:32,Bergen St & Smith St,4446,Carlton Ave & Dean St,4199,40.686744,-73.990631,40.6809741,-73.9710097,member
1287063,2488A49D29423E9F,docked_bike,2021-04-02 15:13:56,2021-04-02 15:25:46,Bond St & Fulton St,4479,Carlton Ave & Dean St,4199,40.689621,-73.983042,40.6809741,-73.9710097,member
1287065,FAE0DCF6E44DB08D,docked_bike,2021-04-22 15:02:36,2021-04-22 15:10:17,Carroll St & 5 Ave,4060,Carlton Ave & Dean St,4199,40.675162,-73.981483,40.6809741,-73.9710097,member
1287067,A4975F92825CECFC,docked_bike,2021-04-25 16:55:28,2021-04-25 17:02:09,Carroll St & 5 Ave,4060,Carlton Ave & Dean St,4199,40.675162,-73.981483,40.6809741,-73.9710097,member
1287132,4923B9587B7FE19E,docked_bike,2021-04-26 14:50:30,2021-04-26 14:54:04,Plaza St West & Flatbush Ave,4010,Carlton Ave & Dean St,4199,40.67502,-73.971114,40.6809741,-73.9710097,member
1287135,C35E7C01BC00F382,docked_bike,2021-04-30 12:08:28,2021-04-30 12:23:06,Plaza St West & Flatbush Ave,4010,Carlton Ave & Dean St,4199,40.67502,-73.971114,40.6809741,-73.9710097,member
1287157,A047A3156BB824C1,docked_bike,2021-04-04 17:44:14,2021-04-04 18:02:47,Broadway & Berry St,5164,Carlton Ave & Dean St,4199,40.710445,-73.96525,40.6809741,-73.9710097,member
1287162,452AFDDED4DBB05D,docked_bike,2021-04-17 10:22:50,2021-04-17 10:39:39,Broadway & Berry St,5164,Carlton Ave & Dean St,4199,40.710445,-73.96525,40.6809741,-73.9710097,casual
1287204,D87C086E9392B6CF,docked_bike,2021-04-08 15:55:12,2021-04-08 16:26:36,Plaza St West & Flatbush Ave,4010,Carlton Ave & Dean St,4199,40.67502,-73.971114,40.6809741,-73.9710097,member
1287213,899A498CD34F674D,docked_bike,2021-04-23 10:28:55,2021-04-23 10:35:12,St Johns Pl & Washington Ave,4001,Carlton Ave & Dean St,4199,40.673723,-73.963161,40.6809741,-73.9710097,casual
1287226,4BA1EEA3AA4DB4AA,docked_bike,2021-04-14 10:41:59,2021-04-14 10:58:17,Richards St & Delavan St,4202,Carlton Ave & Dean St,4199,40.679432,-74.00785,40.6809741,-73.9710097,member
1287247,80E878D20191AF1A,docked_bike,2021-04-08 16:51:10,2021-04-08 17:15:44,Plaza St West & Flatbush Ave,4010,Carlton Ave & Dean St,4199,40.675021,-73.971115,40.680974,-73.97101,member
1287250,010B5D062977414A,docked_bike,2021-04-08 15:48:55,2021-04-08 15:53:31,Plaza St West & Flatbush Ave,4010,Carlton Ave & Dean St,4199,40.67502,-73.971114,40.6809741,-73.9710097,member
1287263,767124B64DB8B123,docked_bike,2021-04-20 19:33:11,2021-04-20 20:05:46,53 St & 2 Ave,3211,Carlton Ave & Dean St,4199,40.64744,-74.018846,40.6809741,-73.9710097,member
1287267,C9949B028D7FEC4C,docked_bike,2021-04-14 15:55:26,2021-04-14 16:25:15,Grand St & Greene St,5500,Carlton Ave & Dean St,4199,40.7217,-74.002381,40.6809741,-73.9710097,member
1287274,4351545C4CDA28C3,docked_bike,2021-04-13 19:20:57,2021-04-13 19:56:40,St Johns Pl & Washington Ave,4001,Carlton Ave & Dean St,4199,40.673723,-73.963161,40.6809741,-73.9710097,member
1287292,F40583D5A0CA89C1,docked_bike,2021-04-13 16:40:04,2021-04-13 17:01:20,Grand St & Greene St,5500,Carlton Ave & Dean St,4199,40.7217,-74.002381,40.6809741,-73.9710097,member
1287297,BEE5A2D5F10D42A6,docked_bike,2021-04-23 20:09:46,2021-04-23 20:23:45,St Johns Pl & Washington Ave,4001,Carlton Ave & Dean St,4199,40.673723,-73.963161,40.6809741,-73.9710097,member
1287298,D7FC1F2EE68230C3,docked_bike,2021-04-30 07:04:58,2021-04-30 07:09:15,St Johns Pl & Washington Ave,4001,Carlton Ave & Dean St,4199,40.673723,-73.963161,40.6809741,-73.9710097,member
1287300,29ADE517E88D4211,docked_bike,2021-04-30 17:53:25,2021-04-30 18:01:52,St Johns Pl & Washington Ave,4001,Carlton Ave & Dean St,4199,40.673723,-73.963161,40.6809741,-73.9710097,casual
1287302,ADE334183B6D1563,docked_bike,2021-04-30 09:25:39,2021-04-30 09:30:20,St Johns Pl & Washington Ave,4001,Carlton Ave & Dean St,4199,40.673723,-73.963161,40.6809741,-73.9710097,member
1287303,CF36434855DB8CE5,docked_bike,2021-04-27 23:07:46,2021-04-27 23:13:45,St Johns Pl & Washington Ave,4001,Carlton Ave & Dean St,4199,40.673723,-73.963161,40.6809741,-73.9710097,member
1287308,E63C8323257D8D30,docked_bike,2021-04-15 07:35:34,2021-04-15 08:16:31,St Johns Pl & Washington Ave,4001,Carlton Ave & Dean St,4199,40.673723,-73.963161,40.6809741,-73.9710097,casual
1287318,E3F511E4251D018A,docked_bike,2021-04-19 20:44:28,2021-04-19 21:12:26,Driggs Ave & Lorimer St,5481,Carlton Ave & Dean St,4199,40.721791,-73.950415,40.6809741,-73.9710097,member
1287328,66E3C70B8BD7C3E9,docked_bike,2021-04-24 16:52:56,2021-04-24 16:59:20,Fulton St & Waverly Ave,4345,Carlton Ave & Dean St,4199,40.683238,-73.965995,40.6809741,-73.9710097,casual
1287359,F017C593E509E50B,docked_bike,2021-04-06 14:46:17,2021-04-06 14:59:56,President St & Henry St,4307,Carlton Ave & Dean St,4199,40.6828,-73.999904,40.6809741,-73.9710097,member
1287386,40E5B583CDD43EE5,docked_bike,2021-04-20 17:20:03,2021-04-20 17:35:55,5 Ave & 3 St,3987,Carlton Ave & Dean St,4199,40.672815,-73.983523,40.6809741,-73.9710097,member
1287389,F7A0481AA775D84F,docked_bike,2021-04-10 19:25:00,2021-04-10 19:55:37,University Pl & E 14 St,5905,Carlton Ave & Dean St,4199,40.734814,-73.992085,40.6809741,-73.9710097,member
1287414,10884D49C974AD97,docked_bike,2021-04-05 14:44:39,2021-04-05 15:17:50,Forsyth St & Canal St,5270,Carlton Ave & Dean St,4199,40.715815,-73.994223,40.6809741,-73.9710097,member
1287415,2179792548A4B931,docked_bike,2021-04-03 16:30:21,2021-04-03 16:50:10,Forsyth St & Canal St,5270,Carlton Ave & Dean St,4199,40.715815,-73.994223,40.6809741,-73.9710097,casual
1287417,90EA58906993ABC9,docked_bike,2021-04-10 23:20:40,2021-04-10 23:48:17,Leonard St & Boerum St,5036,Carlton Ave & Dean St,4199,40.705833,-73.946445,40.6809741,-73.9710097,casual
1287422,D91106DD20BADA3E,docked_bike,2021-04-30 16:11:23,2021-04-30 16:11:48,Pacific St & Classon Ave,4148,Carlton Ave & Dean St,4199,40.679194,-73.95879,40.6809741,-73.9710097,member
1287429,0D56C693AC562B3C,docked_bike,2021-04-28 10:20:29,2021-04-28 10:28:20,Eastern Pkwy & Washington Ave,3928,Carlton Ave & Dean St,4199,40.671649,-73.963114,40.6809741,-73.9710097,member
1287436,F76544D444F271A4,docked_bike,2021-04-18 12:07:12,2021-04-18 12:21:29,Hicks St & Montague St,4645,Carlton Ave & Dean St,4199,40.695128,-73.99595,40.6809741,-73.9710097,member
1287437,CCB290A46B233AA2,docked_bike,2021-04-20 18:55:15,2021-04-20 19:14:57,Allen St & Stanton St,5484,Carlton Ave & Dean St,4199,40.722055,-73.989111,40.6809741,-73.9710097,member
1287445,D95EFBC1F86FD2DE,docked_bike,2021-04-18 10:10:34,2021-04-18 11:02:54,Centre St & Chambers St,5207,Carlton Ave & Dean St,4199,40.712732,-74.004607,40.6809741,-73.9710097,casual
1287457,D39FC648CB4CD7FF,docked_bike,2021-04-03 13:44:17,2021-04-03 13:56:25,Hicks St & Montague St,4645,Carlton Ave & Dean St,4199,40.695128,-73.99595,40.6809741,-73.9710097,member
1287461,6BCD66F3C66413F3,docked_bike,2021-04-19 13:42:05,2021-04-19 13:59:26,Centre St & Chambers St,5207,Carlton Ave & Dean St,4199,40.712732,-74.004607,40.6809741,-73.9710097,casual
1287463,B4C62ED59BD1C499,docked_bike,2021-04-30 20:14:15,2021-04-30 20:30:12,5 Ave & 41 St,3306,Carlton Ave & Dean St,4199,40.649983,-74.005144,40.6809741,-73.9710097,member
1287501,9B03F58FA8B08B75,docked_bike,2021-04-19 18:54:34,2021-04-19 19:13:20,Allen St & Stanton St,5484,Carlton Ave & Dean St,4199,40.722055,-73.989111,40.6809741,-73.9710097,member
1287503,0FF273624D70A369,docked_bike,2021-04-06 21:59:12,2021-04-06 22:08:56,Hicks St & Montague St,4645,Carlton Ave & Dean St,4199,40.695128,-73.99595,40.6809741,-73.9710097,member
1287516,DBA0B9CF81E23B3F,docked_bike,2021-04-06 21:58:41,2021-04-06 22:08:55,Hicks St & Montague St,4645,Carlton Ave & Dean St,4199,40.695128,-73.99595,40.6809741,-73.9710097,member
1287521,0C65380B08A0D8D6,docked_bike,2021-04-01 18:08:27,2021-04-01 18:21:34,Hicks St & Montague St,4645,Carlton Ave & Dean St,4199,40.695128,-73.99595,40.6809741,-73.9710097,member
1287538,0689407A768EF5C2,docked_bike,2021-04-29 14:36:40,2021-04-29 15:03:33,Morgan Ave & Lombardy St,5503,Carlton Ave & Dean St,4199,40.72226,-73.93889,40.6809741,-73.9710097,casual
1287547,1A1BF2FA12390A12,docked_bike,2021-04-18 10:11:06,2021-04-18 11:02:33,Centre St & Chambers St,5207,Carlton Ave & Dean St,4199,40.712732,-74.004607,40.6809741,-73.9710097,member
1287559,97BC81AACE7FAE52,docked_bike,2021-04-01 09:23:06,2021-04-01 09:51:19,Centre St & Chambers St,5207,Carlton Ave & Dean St,4199,40.712732,-74.004607,40.6809741,-73.9710097,member
1287570,200B822503235836,docked_bike,2021-04-08 07:04:18,2021-04-08 07:08:12,St Johns Pl & Washington Ave,4001,Carlton Ave & Dean St,4199,40.673723,-73.963161,40.6809741,-73.9710097,member
1287571,87514F94B2C65078,docked_bike,2021-04-17 11:51:37,2021-04-17 11:56:15,St Johns Pl & Washington Ave,4001,Carlton Ave & Dean St,4199,40.673723,-73.963161,40.6809741,-73.9710097,member
1287581,750356716E89E981,docked_bike,2021-04-23 20:12:59,2021-04-23 20:23:45,St Johns Pl & Washington Ave,4001,Carlton Ave & Dean St,4199,40.673723,-73.963161,40.6809741,-73.9710097,member
1287583,36F60525A81CCD6E,docked_bike,2021-04-16 12:49:35,2021-04-16 13:00:55,Monroe St & Tompkins Ave,4434,Carlton Ave & Dean St,4199,40.686203,-73.944694,40.6809741,-73.9710097,member
1287584,3FAE303302257528,docked_bike,2021-04-06 09:13:05,2021-04-06 09:24:26,Monroe St & Tompkins Ave,4434,Carlton Ave & Dean St,4199,40.686203,-73.944694,40.6809741,-73.9710097,member
1287591,FB087FF2256F2874,docked_bike,2021-04-08 11:18:45,2021-04-08 11:40:54,Lewis Ave & Kosciuszko St,4617,Carlton Ave & Dean St,4199,40.69237,-73.937054,40.6809741,-73.9710097,member
1287594,E08C9425B75E257C,docked_bike,2021-04-15 12:35:05,2021-04-15 12:40:04,Lafayette Ave & Fort Greene Pl,4395,Carlton Ave & Dean St,4199,40.686918,-73.976682,40.6809741,-73.9710097,member
1287616,5E11100A0ADBF250,docked_bike,2021-04-05 12:46:57,2021-04-05 12:57:50,Monroe St & Tompkins Ave,4434,Carlton Ave & Dean St,4199,40.686203,-73.944694,40.6809741,-73.9710097,member
1287617,AE8AA43E2144F121,docked_bike,2021-04-22 12:52:55,2021-04-22 13:07:40,Monroe St & Tompkins Ave,4434,Carlton Ave & Dean St,4199,40.686203,-73.944694,40.6809741,-73.9710097,member
1287618,A01E6BC8FCC37061,docked_bike,2021-04-01 09:47:59,2021-04-01 09:59:38,Monroe St & Tompkins Ave,4434,Carlton Ave & Dean St,4199,40.686203,-73.944694,40.6809741,-73.9710097,member
1287641,C640C5E73EB6825D,docked_bike,2021-04-13 17:16:49,2021-04-13 17:50:50,Graham Ave & Grand St,5178,Carlton Ave & Dean St,4199,40.711863,-73.944024,40.6809741,-73.9710097,casual
1287645,4DDDC8DBAF20A2D0,docked_bike,2021-04-26 17:48:06,2021-04-26 17:52:38,Lafayette Ave & Fort Greene Pl,4395,Carlton Ave & Dean St,4199,40.686918,-73.976682,40.6809741,-73.9710097,casual
1287648,85D8D1EDBDA5BD20,docked_bike,2021-04-30 19:26:14,2021-04-30 19:34:17,Pacific St & Nevins St,4362,Carlton Ave & Dean St,4199,40.685376,-73.983021,40.6809741,-73.9710097,casual
1287649,D77965BD1519DF5F,docked_bike,2021-04-26 15:16:59,2021-04-26 15:24:17,Pacific St & Nevins St,4362,Carlton Ave & Dean St,4199,40.685376,-73.983021,40.6809741,-73.9710097,member
1287657,5C63495091CBB1C2,docked_bike,2021-04-07 12:52:36,2021-04-07 14:26:47,Grand St & Greene St,5500,Carlton Ave & Dean St,4199,40.7217,-74.002381,40.6809741,-73.9710097,member
1287678,3F0A0F7E2A3F485F,docked_bike,2021-04-02 11:51:21,2021-04-02 11:56:45,Berkeley Pl & 7 Ave,4051,Carlton Ave & Dean St,4199,40.675147,-73.975232,40.680974,-73.97101,member
1287680,ECAE979B9ECCCC4C,docked_bike,2021-04-23 08:44:40,2021-04-23 08:50:42,Bedford Ave & Bergen St,4066,Carlton Ave & Dean St,4199,40.676368,-73.952918,40.6809741,-73.9710097,member
1287683,CB4DE179A2B98B77,docked_bike,2021-04-24 23:19:04,2021-04-24 23:24:21,Bedford Ave & Bergen St,4066,Carlton Ave & Dean St,4199,40.676368,-73.952918,40.6809741,-73.9710097,member
1287706,BB2FF5AEE92F00CD,docked_bike,2021-04-14 19:35:27,2021-04-14 19:44:49,Bedford Ave & Bergen St,4066,Carlton Ave & Dean St,4199,40.676368,-73.952918,40.6809741,-73.9710097,casual
1287707,20C7A9B5C0C041BB,docked_bike,2021-04-19 14:38:03,2021-04-19 14:43:52,Berkeley Pl & 7 Ave,4051,Carlton Ave & Dean St,4199,40.675146,-73.975232,40.6809741,-73.9710097,member
1287708,9929B94323342EA8,docked_bike,2021-04-17 10:14:39,2021-04-17 10:19:45,Berkeley Pl & 7 Ave,4051,Carlton Ave & Dean St,4199,40.675146,-73.975232,40.6809741,-73.9710097,member
1287720,53BDC5918C775D22,docked_bike,2021-04-19 19:28:29,2021-04-19 19:38:12,Bedford Ave & Bergen St,4066,Carlton Ave & Dean St,4199,40.676368,-73.952918,40.6809741,-73.9710097,casual
1287725,5DCE4B8CB1E8A842,docked_bike,2021-04-13 10:27:33,2021-04-13 10:35:02,Berkeley Pl & 7 Ave,4051,Carlton Ave & Dean St,4199,40.675146,-73.975232,40.6809741,-73.9710097,member
1287729,DE798A6C9713BC57,docked_bike,2021-04-29 22:14:35,2021-04-29 22:26:30,Halsey St & Tompkins Ave,4319,Carlton Ave & Dean St,4199,40.682368,-73.944118,40.6809741,-73.9710097,member
1287733,D73BA9D330DA24A2,docked_bike,2021-04-03 18:56:29,2021-04-03 19:01:20,Berkeley Pl & 7 Ave,4051,Carlton Ave & Dean St,4199,40.675146,-73.975232,40.6809741,-73.9710097,member
1287735,A34AA7992AE0D037,docked_bike,2021-04-10 17:53:19,2021-04-10 18:25:47,Centre St & Chambers St,5207,Carlton Ave & Dean St,4199,40.712732,-74.004607,40.6809741,-73.9710097,member
1287741,FA8822E1C8B56010,docked_bike,2021-04-10 18:53:55,2021-04-10 19:07:52,Hicks St & Montague St,4645,Carlton Ave & Dean St,4199,40.695128,-73.99595,40.6809741,-73.9710097,member
1287748,D1E25873703FF0EB,docked_bike,2021-04-08 14:57:07,2021-04-08 15:00:28,Plaza St West & Flatbush Ave,4010,Carlton Ave & Dean St,4199,40.67502,-73.971114,40.6809741,-73.9710097,member
1287749,8FEA6BBABC7B0C6E,docked_bike,2021-04-06 19:07:37,2021-04-06 19:11:33,Plaza St West & Flatbush Ave,4010,Carlton Ave & Dean St,4199,40.67502,-73.971114,40.6809741,-73.9710097,member
1287777,36477B74C92B3B42,docked_bike,2021-04-21 17:19:22,2021-04-21 17:48:02,Lorimer St & Calyer St,5709,Carlton Ave & Dean St,4199,40.72795,-73.95414,40.6809741,-73.9710097,casual
1287789,EC16B80FE176542A,docked_bike,2021-04-15 07:50:54,2021-04-15 08:16:36,3 St & Prospect Park West,3865,Carlton Ave & Dean St,4199,40.668132,-73.973638,40.6809741,-73.9710097,casual
1287802,D9E03041E8231CEA,docked_bike,2021-04-17 17:20:15,2021-04-17 17:31:49,3 St & Prospect Park West,3865,Carlton Ave & Dean St,4199,40.668132,-73.973638,40.6809741,-73.9710097,casual
1287806,0450EB97F00FDBEE,docked_bike,2021-04-14 17:05:35,2021-04-14 17:32:08,Lorimer St & Calyer St,5709,Carlton Ave & Dean St,4199,40.72795,-73.95414,40.6809741,-73.9710097,casual
1287808,6AAF8926DF2C12CC,docked_bike,2021-04-20 12:08:10,2021-04-20 12:16:48,3 St & Prospect Park West,3865,Carlton Ave & Dean St,4199,40.668132,-73.973638,40.6809741,-73.9710097,member
1287809,6B9F0F2331FE14D4,docked_bike,2021-04-13 12:04:10,2021-04-13 12:11:56,3 St & Prospect Park West,3865,Carlton Ave & Dean St,4199,40.668132,-73.973638,40.6809741,-73.9710097,member
1287810,E126B2983782433C,docked_bike,2021-04-21 12:04:13,2021-04-21 12:10:05,3 St & Prospect Park West,3865,Carlton Ave & Dean St,4199,40.668132,-73.973638,40.6809741,-73.9710097,member
1287833,7D900C044E081DA8,docked_bike,2021-04-14 16:44:32,2021-04-14 16:55:44,3 St & Prospect Park West,3865,Carlton Ave & Dean St,4199,40.668132,-73.973638,40.6809741,-73.9710097,casual
1287851,301FCC18BE6F33AA,docked_bike,2021-04-02 15:19:12,2021-04-02 15:30:05,3 St & Prospect Park West,3865,Carlton Ave & Dean St,4199,40.668132,-73.973638,40.6809741,-73.9710097,casual
1287868,9221F46C272EB1B4,docked_bike,2021-04-14 07:33:00,2021-04-14 07:38:03,Berkeley Pl & 7 Ave,4051,Carlton Ave & Dean St,4199,40.675146,-73.975232,40.6809741,-73.9710097,member
1287878,3955D34C3CDE0FDB,docked_bike,2021-04-27 10:57:03,2021-04-27 11:02:40,Berkeley Pl & 7 Ave,4051,Carlton Ave & Dean St,4199,40.675146,-73.975232,40.6809741,-73.9710097,member
1287890,96C108C5FA592FD7,docked_bike,2021-04-10 19:31:58,2021-04-10 19:38:06,3 St & Prospect Park West,3865,Carlton Ave & Dean St,4199,40.668132,-73.973638,40.6809741,-73.9710097,member
1287892,AF8F38F8C24CB2D4,docked_bike,2021-04-28 12:16:30,2021-04-28 12:23:29,3 St & Prospect Park West,3865,Carlton Ave & Dean St,4199,40.668132,-73.973638,40.6809741,-73.9710097,member
1287894,531D856CB5A0A594,docked_bike,2021-04-24 10:47:44,2021-04-24 10:59:49,Bedford Ave & Bergen St,4066,Carlton Ave & Dean St,4199,40.676368,-73.952918,40.6809741,-73.9710097,casual
1287906,F876DBD0EDDE1710,docked_bike,2021-04-20 15:10:16,2021-04-20 15:18:15,Bedford Ave & Bergen St,4066,Carlton Ave & Dean St,4199,40.676368,-73.952918,40.6809741,-73.9710097,casual
1287922,F8E6019C00173793,docked_bike,2021-04-20 19:05:41,2021-04-20 19:37:51,Carmine St & 6 Ave,5763,Carlton Ave & Dean St,4199,40.730385,-74.002149,40.6809741,-73.9710097,member
1287929,8DA6A6182D58DAC2,docked_bike,2021-04-14 18:49:05,2021-04-14 19:42:26,W 26 St & 8 Ave,6297,Carlton Ave & Dean St,4199,40.747348,-73.997235,40.6809741,-73.9710097,member
1287931,315FB51B8E1AC341,docked_bike,2021-04-08 12:35:02,2021-04-08 12:45:01,3 St & Prospect Park West,3865,Carlton Ave & Dean St,4199,40.668132,-73.973638,40.6809741,-73.9710097,member
1287933,353340E894F1CC80,docked_bike,2021-04-28 18:48:05,2021-04-28 19:17:03,Carmine St & 6 Ave,5763,Carlton Ave & Dean St,4199,40.730385,-74.002149,40.6809741,-73.9710097,member
1287941,6EA82365E0BDCB16,docked_bike,2021-04-20 18:24:53,2021-04-20 18:52:01,Greene Av & Myrtle Av,4784,Carlton Ave & Dean St,4199,40.698568,-73.918877,40.6809741,-73.9710097,casual
1287948,C35627E890B1DFF5,docked_bike,2021-04-06 14:21:58,2021-04-06 14:49:35,Caton Ave & E 10 St,3230,Carlton Ave & Dean St,4199,40.648481,-73.97058,40.6809741,-73.9710097,member
1287960,14B5E3B4A7238368,docked_bike,2021-04-16 10:25:14,2021-04-16 10:42:08,Halsey St & Tompkins Ave,4319,Carlton Ave & Dean St,4199,40.682368,-73.944118,40.6809741,-73.9710097,casual
1287961,1A35E29DE154195A,docked_bike,2021-04-20 14:02:12,2021-04-20 14:08:51,Berkeley Pl & 7 Ave,4051,Carlton Ave & Dean St,4199,40.675146,-73.975232,40.6809741,-73.9710097,member
1287962,394986A19DE98648,docked_bike,2021-04-19 08:25:04,2021-04-19 08:30:59,Bedford Ave & Bergen St,4066,Carlton Ave & Dean St,4199,40.676368,-73.952918,40.6809741,-73.9710097,casual
1287965,4BEC7DDFB8206D55,docked_bike,2021-04-30 23:50:31,2021-04-30 23:59:51,10 St & 7 Ave,3762,Carlton Ave & Dean St,4199,40.666207,-73.981998,40.6809741,-73.9710097,member
1287972,1D336444088C5029,docked_bike,2021-04-26 12:09:36,2021-04-26 12:17:41,3 St & Prospect Park West,3865,Carlton Ave & Dean St,4199,40.668132,-73.973638,40.6809741,-73.9710097,member
1287973,5E0852AF5D32F7DE,docked_bike,2021-04-19 12:16:06,2021-04-19 12:22:01,3 St & Prospect Park West,3865,Carlton Ave & Dean St,4199,40.668132,-73.973638,40.6809741,-73.9710097,member
1287993,B021EEF1AA8303EE,docked_bike,2021-04-23 20:17:46,2021-04-23 20:23:23,Pacific St & Nevins St,4362,Carlton Ave & Dean St,4199,40.685376,-73.983021,40.6809741,-73.9710097,casual
1287995,34955B83219778BD,docked_bike,2021-04-30 12:21:46,2021-04-30 12:28:27,Pacific St & Nevins St,4362,Carlton Ave & Dean St,4199,40.685376,-73.983021,40.6809741,-73.9710097,member
1288001,727B469A06E7B031,docked_bike,2021-04-06 10:57:08,2021-04-06 11:04:06,Pacific St & Nevins St,4362,Carlton Ave & Dean St,4199,40.685376,-73.983021,40.680974,-73.97101,casual
1288046,FA91644824717FC8,docked_bike,2021-04-10 18:11:03,2021-04-10 18:43:40,3 St & Prospect Park West,3865,Carlton Ave & Dean St,4199,40.668132,-73.973638,40.680974,-73.97101,member
1288053,8DC268013DAD6B10,docked_bike,2021-04-09 11:53:56,2021-04-09 12:00:52,3 St & Prospect Park West,3865,Carlton Ave & Dean St,4199,40.668132,-73.973638,40.6809741,-73.9710097,member
1288055,522A31EBBC50A44B,docked_bike,2021-04-30 09:03:36,2021-04-30 09:12:58,State St & Smith St,4565,Carlton Ave & Dean St,4199,40.689269,-73.989128,40.6809741,-73.9710097,member
1288073,AC1C93A9612F4953,docked_bike,2021-04-27 17:46:35,2021-04-27 18:10:22,Leonard St & Maujer St,5148,Carlton Ave & Dean St,4199,40.710368,-73.947059,40.6809741,-73.9710097,casual
1288076,0F813C716E6867C7,docked_bike,2021-04-24 12:19:46,2021-04-24 12:30:20,Schermerhorn St & Bond St,4479,Carlton Ave & Dean St,4199,40.688417,-73.984516,40.6809741,-73.9710097,member
1288093,1E22D8427C0F5DCE,docked_bike,2021-04-12 18:14:01,2021-04-12 18:24:28,10 St & 7 Ave,3762,Carlton Ave & Dean St,4199,40.666207,-73.981998,40.6809741,-73.9710097,member
1288106,950698566FCE8AD6,docked_bike,2021-04-10 17:53:59,2021-04-10 18:25:39,Centre St & Chambers St,5207,Carlton Ave & Dean St,4199,40.712732,-74.004607,40.6809741,-73.9710097,member
1288119,E6CF6E25F9FCB9B1,docked_bike,2021-04-16 21:07:53,2021-04-16 21:17:14,Classon Ave & St Marks Ave,4074,Carlton Ave & Dean St,4199,40.676519,-73.959608,40.6809741,-73.9710097,casual
1288131,EBD396838FF0BD25,docked_bike,2021-04-29 17:06:01,2021-04-29 17:13:39,Schermerhorn St & Bond St,4479,Carlton Ave & Dean St,4199,40.688417,-73.984516,40.6809741,-73.9710097,member
1288138,68E5FEC93113536C,docked_bike,2021-04-21 19:53:05,2021-04-21 20:01:06,Schermerhorn St & Bond St,4479,Carlton Ave & Dean St,4199,40.688417,-73.984516,40.6809741,-73.9710097,member
1288150,8F8F9EBA4503455C,docked_bike,2021-04-17 15:34:32,2021-04-17 16:03:05,1 Ave & E 6 St,5626,Carlton Ave & Dean St,4199,40.72633,-73.986168,40.6809741,-73.9710097,casual
1288202,F2E4AB1C0D8CF318,docked_bike,2021-04-10 08:36:08,2021-04-10 08:43:18,Schermerhorn St & Bond St,4479,Carlton Ave & Dean St,4199,40.688417,-73.984516,40.6809741,-73.9710097,casual
1288230,E4FBF9952DDF092A,docked_bike,2021-04-23 12:20:46,2021-04-23 12:27:50,Pacific St & Nevins St,4362,Carlton Ave & Dean St,4199,40.685376,-73.983021,40.6809741,-73.9710097,member
1288231,E7FFA8CB22D75A0D,docked_bike,2021-04-16 12:24:26,2021-04-16 12:31:38,Pacific St & Nevins St,4362,Carlton Ave & Dean St,4199,40.685376,-73.983021,40.6809741,-73.9710097,member
1288233,280DBC29D74EB78A,docked_bike,2021-04-08 19:32:40,2021-04-08 19:40:32,Pacific St & Nevins St,4362,Carlton Ave & Dean St,4199,40.685376,-73.983021,40.6809741,-73.9710097,casual
1288242,3A1B7F414E0EDBD3,docked_bike,2021-04-24 17:07:25,2021-04-24 17:16:41,Pacific St & Nevins St,4362,Carlton Ave & Dean St,4199,40.685376,-73.983021,40.6809741,-73.9710097,member
1288261,27A7DBAB8D663974,docked_bike,2021-04-17 03:00:32,2021-04-17 03:04:15,Classon Ave & St Marks Ave,4074,Carlton Ave & Dean St,4199,40.676519,-73.959608,40.6809741,-73.9710097,member
1288281,E1247E8792BDC739,docked_bike,2021-04-04 16:11:00,2021-04-04 16:19:17,Schermerhorn St & Bond St,4479,Carlton Ave & Dean St,4199,40.688417,-73.984516,40.6809741,-73.9710097,member
1288285,CE9DF9F00C199028,docked_bike,2021-04-30 12:41:46,2021-04-30 12:51:40,Schermerhorn St & Bond St,4479,Carlton Ave & Dean St,4199,40.688417,-73.984516,40.6809741,-73.9710097,casual
1288293,EC55840A152D9D63,docked_bike,2021-04-26 08:03:00,2021-04-26 08:12:41,10 St & 7 Ave,3762,Carlton Ave & Dean St,4199,40.666207,-73.981998,40.6809741,-73.9710097,member
1288300,45DE682ACE04D8A9,docked_bike,2021-04-26 08:03:01,2021-04-26 08:12:39,10 St & 7 Ave,3762,Carlton Ave & Dean St,4199,40.666207,-73.981998,40.6809741,-73.9710097,member
1288301,931498CD2E71DDA2,docked_bike,2021-04-30 08:11:02,2021-04-30 08:19:59,10 St & 7 Ave,3762,Carlton Ave & Dean St,4199,40.666207,-73.981998,40.6809741,-73.9710097,member
1288320,03EE5CB31781A4CB,docked_bike,2021-04-14 15:41:24,2021-04-14 15:51:13,State St & Smith St,4565,Carlton Ave & Dean St,4199,40.689269,-73.989128,40.6809741,-73.9710097,member
1288344,B401C0389DC64B99,docked_bike,2021-04-24 14:43:01,2021-04-24 15:04:23,Schermerhorn St & Bond St,4479,Carlton Ave & Dean St,4199,40.688417,-73.984516,40.6809741,-73.9710097,member
1288386,B21AA7EE32BFA9B0,docked_bike,2021-04-13 14:08:36,2021-04-13 14:14:20,Washington Park,4546,Carlton Ave & Dean St,4199,40.691782,-73.973729,40.6809741,-73.9710097,member
1288388,869A044780005D9A,docked_bike,2021-04-29 11:29:36,2021-04-29 11:35:11,Washington Park,4546,Carlton Ave & Dean St,4199,40.691782,-73.973729,40.6809741,-73.9710097,member
1288391,779B3BB0F7E3D166,docked_bike,2021-04-09 10:55:25,2021-04-09 11:00:49,Washington Park,4546,Carlton Ave & Dean St,4199,40.691782,-73.973729,40.6809741,-73.9710097,member
1288397,193C665A039CE4E1,docked_bike,2021-04-21 08:48:36,2021-04-21 08:56:41,Park Pl & Franklin Ave,4033,Carlton Ave & Dean St,4199,40.67418,-73.956494,40.6809741,-73.9710097,member
1288398,D2E38CDC492E3F19,docked_bike,2021-04-24 16:40:46,2021-04-24 16:47:59,Garfield Pl & 8 Ave,3978,Carlton Ave & Dean St,4199,40.671197,-73.974841,40.6809741,-73.9710097,member
1288401,0DD97DAA458380ED,docked_bike,2021-04-12 09:43:11,2021-04-12 09:49:55,10 St & 7 Ave,3762,Carlton Ave & Dean St,4199,40.666207,-73.981998,40.6809741,-73.9710097,casual
1288412,1657289F78D7F4C3,docked_bike,2021-04-24 09:08:16,2021-04-24 09:17:54,Washington Park,4546,Carlton Ave & Dean St,4199,40.691782,-73.973729,40.6809741,-73.9710097,casual
1288413,1F5DAC4682CC8689,docked_bike,2021-04-24 14:22:31,2021-04-24 14:31:39,Washington Park,4546,Carlton Ave & Dean St,4199,40.691782,-73.973729,40.6809741,-73.9710097,member
1288416,8EF3B006201D68A4,docked_bike,2021-04-18 12:44:32,2021-04-18 13:16:44,Montrose Ave & Bushwick Ave,5068,Carlton Ave & Dean St,4199,40.707677,-73.940161,40.6809741,-73.9710097,member
1288448,7B74A67F50E3FF9B,docked_bike,2021-04-20 15:20:06,2021-04-20 15:24:52,Clermont Ave & Lafayette Ave,4461,Carlton Ave & Dean St,4199,40.687644,-73.969689,40.6809741,-73.9710097,member
1288449,B59FB10AC4548219,docked_bike,2021-04-16 22:28:48,2021-04-16 22:36:21,Washington Park,4546,Carlton Ave & Dean St,4199,40.691782,-73.973729,40.6809741,-73.9710097,member
1288457,BDA8C3BB7D10FD10,docked_bike,2021-04-10 12:33:04,2021-04-10 12:39:57,Washington Park,4546,Carlton Ave & Dean St,4199,40.691782,-73.973729,40.6809741,-73.9710097,member
1288483,0D006D3BD80668D9,docked_bike,2021-04-20 07:54:03,2021-04-20 07:59:29,Clermont Ave & Lafayette Ave,4461,Carlton Ave & Dean St,4199,40.687644,-73.969689,40.6809741,-73.9710097,member
1288493,65A2F50457396CD0,docked_bike,2021-04-14 17:20:06,2021-04-14 17:29:51,3 St & Prospect Park West,3865,Carlton Ave & Dean St,4199,40.668132,-73.973638,40.6809741,-73.9710097,member
1288519,6F6AA70AA4D37FE6,docked_bike,2021-04-10 09:34:38,2021-04-10 09:43:47,Washington Park,4546,Carlton Ave & Dean St,4199,40.691782,-73.973729,40.6809741,-73.9710097,member
1288525,4EED2853B4BAE408,docked_bike,2021-04-01 09:23:36,2021-04-01 09:31:16,Park Pl & Franklin Ave,4033,Carlton Ave & Dean St,4199,40.67418,-73.956494,40.6809741,-73.9710097,member
1288531,CBEEE9F10588D034,docked_bike,2021-04-18 10:21:13,2021-04-18 10:26:13,Washington Park,4546,Carlton Ave & Dean St,4199,40.691782,-73.973729,40.6809741,-73.9710097,member
1288535,688C667DB3358842,docked_bike,2021-04-29 09:33:02,2021-04-29 09:38:34,Park Pl & Franklin Ave,4033,Carlton Ave & Dean St,4199,40.67418,-73.956494,40.6809741,-73.9710097,member
1288536,7303904ABC4D3B30,docked_bike,2021-04-19 10:03:18,2021-04-19 10:09:41,Park Pl & Franklin Ave,4033,Carlton Ave & Dean St,4199,40.67418,-73.956494,40.6809741,-73.9710097,member
1288537,241B1DCE1B893E89,docked_bike,2021-04-10 17:46:31,2021-04-10 17:54:07,Washington Park,4546,Carlton Ave & Dean St,4199,40.691782,-73.973729,40.6809741,-73.9710097,member
1288539,D96D96BE54C77620,docked_bike,2021-04-23 23:37:36,2021-04-23 23:49:07,Park Pl & Franklin Ave,4033,Carlton Ave & Dean St,4199,40.67418,-73.956494,40.6809741,-73.9710097,member
1288542,EDFAEA930C9E3282,docked_bike,2021-04-18 09:09:02,2021-04-18 09:14:18,Clermont Ave & Lafayette Ave,4461,Carlton Ave & Dean St,4199,40.687645,-73.969689,40.680974,-73.97101,member
1288544,1E728B6EC4A136C9,docked_bike,2021-04-05 10:51:51,2021-04-05 11:19:12,Washington Park,4546,Carlton Ave & Dean St,4199,40.691782,-73.973729,40.6809741,-73.9710097,member
1288546,A2F6C97F0AA61D2C,docked_bike,2021-04-27 20:08:29,2021-04-27 20:16:43,Clermont Ave & Lafayette Ave,4461,Carlton Ave & Dean St,4199,40.687644,-73.969689,40.6809741,-73.9710097,member
1288560,E677D0D4E58E1D49,docked_bike,2021-04-29 20:47:09,2021-04-29 20:58:52,Clermont Ave & Lafayette Ave,4461,Carlton Ave & Dean St,4199,40.687644,-73.969689,40.6809741,-73.9710097,casual
1288561,30D5FE095BAA4580,docked_bike,2021-04-13 20:05:15,2021-04-13 20:12:06,Clermont Ave & Lafayette Ave,4461,Carlton Ave & Dean St,4199,40.687645,-73.969689,40.680974,-73.97101,member
1288563,4EECEBE682E741FC,docked_bike,2021-04-14 09:21:29,2021-04-14 09:27:33,Park Pl & Franklin Ave,4033,Carlton Ave & Dean St,4199,40.67418,-73.956494,40.6809741,-73.9710097,member
1288565,E86B455BF8538C4B,docked_bike,2021-04-06 19:57:39,2021-04-06 20:09:36,Clinton St & Union St,4266,Carlton Ave & Dean St,4199,40.683116,-73.997852,40.6809741,-73.9710097,member
1288566,6C5CE77B59F27261,docked_bike,2021-04-27 11:02:21,2021-04-27 11:08:13,Bergen St & 4 Ave,4322,Carlton Ave & Dean St,4199,40.682564,-73.979897,40.6809741,-73.9710097,member
1288567,339195B31F2888E0,docked_bike,2021-04-23 19:07:47,2021-04-23 19:14:53,Bergen St & 4 Ave,4322,Carlton Ave & Dean St,4199,40.682564,-73.979897,40.6809741,-73.9710097,casual
1288586,C4D5A6AA6AB9C1B4,docked_bike,2021-04-07 07:10:50,2021-04-07 07:17:39,Lexington Ave & Classon Ave,4452,Carlton Ave & Dean St,4199,40.686767,-73.959281,40.6809741,-73.9710097,member
1288587,611497DFE903DCAA,docked_bike,2021-04-03 17:25:25,2021-04-03 17:46:01,Atlantic Ave & Furman St,4614,Carlton Ave & Dean St,4199,40.691651,-73.999978,40.6809741,-73.9710097,member
1288592,20EC89470EA38C2F,docked_bike,2021-04-13 19:32:11,2021-04-13 19:48:24,Atlantic Ave & Furman St,4614,Carlton Ave & Dean St,4199,40.691651,-73.999978,40.6809741,-73.9710097,member
1288618,65A8E7F339286AAD,docked_bike,2021-04-16 20:24:20,2021-04-16 20:42:47,N 6 St & Bedford Ave,5379,Carlton Ave & Dean St,4199,40.717451,-73.958509,40.6809741,-73.9710097,member
1288627,1DBBDB269E057FCD,docked_bike,2021-04-23 14:00:41,2021-04-23 14:05:02,S Portland Ave & Hanson Pl,4354,Carlton Ave & Dean St,4199,40.685395,-73.974314,40.6809741,-73.9710097,member
1288630,9238AAF7A136834A,docked_bike,2021-04-01 10:57:57,2021-04-01 11:08:58,Union St & Bedford Ave,3879,Carlton Ave & Dean St,4199,40.669178,-73.955416,40.6809741,-73.9710097,casual
1288677,CA7A0AEB8852FDBC,docked_bike,2021-04-29 08:34:50,2021-04-29 08:45:56,Union St & Bedford Ave,3879,Carlton Ave & Dean St,4199,40.669178,-73.955416,40.6809741,-73.9710097,casual
1288720,9E8FE629B5B6CB19,docked_bike,2021-04-10 17:56:15,2021-04-10 18:06:28,Prospect Park West & 8 St,3722,Carlton Ave & Dean St,4199,40.665146,-73.976376,40.6809741,-73.9710097,member
1288723,C05A37883B93A447,docked_bike,2021-04-18 17:03:27,2021-04-18 17:14:52,Prospect Park West & 8 St,3722,Carlton Ave & Dean St,4199,40.665146,-73.976376,40.6809741,-73.9710097,casual
1288755,10F1ECAF2B27FEB9,docked_bike,2021-04-06 14:55:42,2021-04-06 15:03:20,Prospect Park West & 8 St,3722,Carlton Ave & Dean St,4199,40.665146,-73.976376,40.6809741,-73.9710097,member
1288957,71B19D6BA0D5A995,docked_bike,2021-04-07 19:33:55,2021-04-07 19:38:14,Baltic St & 5 Ave,4208,Carlton Ave & Dean St,4199,40.679576,-73.978549,40.6809741,-73.9710097,member
1288967,6602B99E7C372D13,docked_bike,2021-04-27 11:55:57,2021-04-27 12:09:55,Clinton St & Joralemon St,4605,Carlton Ave & Dean St,4199,40.692395,-73.993379,40.6809741,-73.9710097,member
1288975,616C1D2F3B0000B5,docked_bike,2021-04-29 22:52:59,2021-04-29 22:57:15,Baltic St & 5 Ave,4208,Carlton Ave & Dean St,4199,40.679576,-73.978549,40.6809741,-73.9710097,member
1288978,9688D25965AF3F81,docked_bike,2021-04-25 15:26:46,2021-04-25 15:39:12,Clinton St & Joralemon St,4605,Carlton Ave & Dean St,4199,40.692395,-73.993379,40.6809741,-73.9710097,member
1288992,465D71B41E6719C0,docked_bike,2021-04-26 19:01:55,2021-04-26 19:05:26,Baltic St & 5 Ave,4208,Carlton Ave & Dean St,4199,40.679576,-73.978549,40.6809741,-73.9710097,member
1289008,F6F3C0EAA61C2951,docked_bike,2021-04-20 10:42:28,2021-04-20 10:57:19,Pioneer St & Van Brunt St,4169,Carlton Ave & Dean St,4199,40.679043,-74.011169,40.6809741,-73.9710097,member
1289028,F039A4F3F784170F,docked_bike,2021-04-28 23:23:17,2021-04-28 23:27:09,Baltic St & 5 Ave,4208,Carlton Ave & Dean St,4199,40.679576,-73.978549,40.6809741,-73.9710097,member
1289030,2F82D93E3F5B34D0,docked_bike,2021-04-10 16:14:51,2021-04-10 16:29:14,Clinton St & Joralemon St,4605,Carlton Ave & Dean St,4199,40.692395,-73.993379,40.6809741,-73.9710097,member
1289034,7C3D68B72F6C12B4,docked_bike,2021-04-02 15:02:43,2021-04-02 15:06:33,Baltic St & 5 Ave,4208,Carlton Ave & Dean St,4199,40.679576,-73.978549,40.6809741,-73.9710097,member
1289057,0EA4D4764447A244,docked_bike,2021-04-21 12:16:15,2021-04-21 12:50:22,Broadway & W 41 St,6560,Carlton Ave & Dean St,4199,40.755135,-73.98658,40.6809741,-73.9710097,member
1289062,063DCA28369CFA0B,docked_bike,2021-04-17 00:00:31,2021-04-17 00:09:28,4 Ave & 9 St,3955,Carlton Ave & Dean St,4199,40.670513,-73.988765,40.6809741,-73.9710097,member
1289099,955B2AAEBFD5A379,docked_bike,2021-04-02 17:19:12,2021-04-02 17:47:42,Driggs Ave & N 9 St,5411,Carlton Ave & Dean St,4199,40.718169,-73.955201,40.6809741,-73.9710097,casual
1289134,65FD012800575FAA,docked_bike,2021-04-02 19:06:45,2021-04-02 19:42:58,Driggs Ave & N 9 St,5411,Carlton Ave & Dean St,4199,40.718169,-73.955201,40.6809741,-73.9710097,member
1289159,C6DE325EABFFEDD5,docked_bike,2021-04-26 19:48:14,2021-04-26 20:00:31,Fulton St & Irving Pl,4263,Carlton Ave & Dean St,4199,40.68186,-73.959432,40.6809741,-73.9710097,casual
1289168,5BA8BC50A278ED4F,docked_bike,2021-04-29 23:27:09,2021-04-29 23:40:27,Jay St & Tech Pl,4710,Carlton Ave & Dean St,4199,40.695065,-73.987167,40.6809741,-73.9710097,member
1289171,42F24D67B4B87980,docked_bike,2021-04-13 07:51:22,2021-04-13 08:02:59,6 Ave & 21 St,3628,Carlton Ave & Dean St,4199,40.66016,-73.990974,40.6809741,-73.9710097,casual
1289187,469E5E5179A05882,docked_bike,2021-04-29 14:55:36,2021-04-29 15:05:47,Windsor Pl & 8 Ave,3620,Carlton Ave & Dean St,4199,40.660906,-73.983074,40.6809741,-73.9710097,member
1289188,A352DD3E75D41F85,docked_bike,2021-04-09 14:56:06,2021-04-09 15:05:57,Windsor Pl & 8 Ave,3620,Carlton Ave & Dean St,4199,40.660906,-73.983074,40.6809741,-73.9710097,member
1289195,12AABEE65353A593,docked_bike,2021-04-13 14:56:13,2021-04-13 15:07:51,Windsor Pl & 8 Ave,3620,Carlton Ave & Dean St,4199,40.660906,-73.983074,40.6809741,-73.9710097,member
1289196,CB988F336069BA98,docked_bike,2021-04-08 14:49:50,2021-04-08 15:00:34,Windsor Pl & 8 Ave,3620,Carlton Ave & Dean St,4199,40.660906,-73.983074,40.6809741,-73.9710097,member
1289224,50AEFC25718E7E2D,docked_bike,2021-04-19 17:16:45,2021-04-19 17:46:44,Broadway & W 29 St,6289,Carlton Ave & Dean St,4199,40.7462,-73.988557,40.6809741,-73.9710097,member
1289231,DFB664F048746D78,docked_bike,2021-04-30 14:51:18,2021-04-30 15:03:02,Windsor Pl & 8 Ave,3620,Carlton Ave & Dean St,4199,40.660906,-73.983074,40.6809741,-73.9710097,member
1289237,343A439356B06598,docked_bike,2021-04-28 20:19:41,2021-04-28 20:49:51,Broadway & W 29 St,6289,Carlton Ave & Dean St,4199,40.7462,-73.988557,40.6809741,-73.9710097,member
1289269,B1051196BE712F3B,docked_bike,2021-04-20 20:03:51,2021-04-20 20:11:54,DeKalb Ave & Vanderbilt Ave,4461,Carlton Ave & Dean St,4199,40.689407,-73.968854,40.6809741,-73.9710097,member
1289282,901E16253CED291E,docked_bike,2021-04-01 18:36:52,2021-04-01 18:52:11,Rogers Ave & Sterling St,3696,Carlton Ave & Dean St,4199,40.663061,-73.953874,40.6809741,-73.9710097,member
1289294,AAD13FB6BB743BCB,docked_bike,2021-04-04 14:40:35,2021-04-04 14:48:53,5 St & 6 Ave,3874,Carlton Ave & Dean St,4199,40.670483,-73.982089,40.6809741,-73.9710097,casual
1289295,065D5174FD0A9AE9,docked_bike,2021-04-10 15:52:51,2021-04-10 16:06:02,5 St & 6 Ave,3874,Carlton Ave & Dean St,4199,40.670483,-73.982089,40.6809741,-73.9710097,member
1289296,0E71D70F975AD07A,docked_bike,2021-04-13 15:23:44,2021-04-13 15:28:51,DeKalb Ave & Vanderbilt Ave,4461,Carlton Ave & Dean St,4199,40.689407,-73.968854,40.6809741,-73.9710097,member
1289304,C91821FAD380C6A5,docked_bike,2021-04-13 08:52:04,2021-04-13 09:06:13,Washington Ave & Park Ave,4724,Carlton Ave & Dean St,4199,40.696102,-73.96751,40.6809741,-73.9710097,casual
1289306,06DF4C0E8493F460,docked_bike,2021-04-09 19:55:34,2021-04-09 20:25:28,Grand St & Havemeyer St,5267,Carlton Ave & Dean St,4199,40.712868,-73.956981,40.6809741,-73.9710097,casual
1289308,D39C3C3383A00E86,docked_bike,2021-04-21 13:33:06,2021-04-21 13:57:14,Rogers Ave & Sterling St,3696,Carlton Ave & Dean St,4199,40.663061,-73.953874,40.6809741,-73.9710097,casual
1289315,2394B9B1E14FCA8E,docked_bike,2021-04-27 22:17:14,2021-04-27 22:34:55,Allen St & Rivington St,5414,Carlton Ave & Dean St,4199,40.720195,-73.989978,40.6809741,-73.9710097,member
1289319,DBBECC09B0237181,docked_bike,2021-04-14 18:46:27,2021-04-14 19:08:33,Allen St & Rivington St,5414,Carlton Ave & Dean St,4199,40.720195,-73.989978,40.6809741,-73.9710097,member
1289321,39E828B0674D67BD,docked_bike,2021-04-26 21:48:34,2021-04-26 22:06:50,Allen St & Rivington St,5414,Carlton Ave & Dean St,4199,40.720195,-73.989978,40.6809741,-73.9710097,member
1289325,1F785AFD7C0ED122,docked_bike,2021-04-24 15:16:51,2021-04-24 15:57:50,Cooper Square & Astor Pl,5712,Carlton Ave & Dean St,4199,40.729514,-73.990752,40.6809741,-73.9710097,member
1289326,1F7E00D469DD0C1F,docked_bike,2021-04-24 18:10:06,2021-04-24 18:32:10,5 St & 6 Ave,3874,Carlton Ave & Dean St,4199,40.670483,-73.982089,40.6809741,-73.9710097,casual
1289339,46BF93A149484C46,docked_bike,2021-04-23 17:47:16,2021-04-23 17:59:09,Lincoln Pl & Classon Ave,3960,Carlton Ave & Dean St,4199,40.672168,-73.9609,40.6809741,-73.9710097,member
1289340,EFE70AEBB1F32974,docked_bike,2021-04-23 21:06:40,2021-04-23 21:10:54,DeKalb Ave & Vanderbilt Ave,4461,Carlton Ave & Dean St,4199,40.689407,-73.968854,40.6809741,-73.9710097,casual
1289341,BDC2E85768C51349,docked_bike,2021-04-05 19:04:07,2021-04-05 19:22:29,Allen St & Rivington St,5414,Carlton Ave & Dean St,4199,40.720195,-73.989978,40.6809741,-73.9710097,member
1289348,53B585328479A362,docked_bike,2021-04-08 19:36:57,2021-04-08 19:55:10,Allen St & Rivington St,5414,Carlton Ave & Dean St,4199,40.720195,-73.989978,40.6809741,-73.9710097,member
1289360,17774FFE3DD23B2E,docked_bike,2021-04-21 17:58:38,2021-04-21 18:10:52,Washington Ave & Greene Ave,4419,Carlton Ave & Dean St,4199,40.6865,-73.965633,40.6809741,-73.9710097,member
1289361,11ED53B0B7087F5A,docked_bike,2021-04-19 16:19:14,2021-04-19 16:25:32,Washington Ave & Greene Ave,4419,Carlton Ave & Dean St,4199,40.6865,-73.965633,40.6809741,-73.9710097,member
1289371,E797CA5759A36F62,docked_bike,2021-04-24 15:52:09,2021-04-24 17:08:38,Fulton St & Clermont Ave,4386,Carlton Ave & Dean St,4199,40.684157,-73.969222,40.6809741,-73.9710097,casual
1289372,FAE289E68EC7DFD9,docked_bike,2021-04-21 09:46:21,2021-04-21 09:49:02,Fulton St & Clermont Ave,4386,Carlton Ave & Dean St,4199,40.684157,-73.969222,40.6809741,-73.9710097,member
1289374,22140C469FF50868,docked_bike,2021-04-08 19:35:46,2021-04-08 20:06:12,West Drive & Prospect Park West,3651,Carlton Ave & Dean St,4199,40.661063,-73.979452,40.6809741,-73.9710097,member
1289378,2E46F1B0B8DFEC45,docked_bike,2021-04-04 13:53:04,2021-04-04 14:02:16,West Drive & Prospect Park West,3651,Carlton Ave & Dean St,4199,40.661063,-73.979452,40.6809741,-73.9710097,member
1289382,CDBCFD814B85C2DB,docked_bike,2021-04-18 18:52:20,2021-04-18 19:06:51,Grand Ave & Bergen St,4190,Carlton Ave & Dean St,4199,40.678045,-73.962408,40.6809741,-73.9710097,casual
1289392,35D7F3162102EF56,docked_bike,2021-04-24 18:10:04,2021-04-24 18:32:12,5 St & 6 Ave,3874,Carlton Ave & Dean St,4199,40.670483,-73.982089,40.6809741,-73.9710097,casual
1289396,05D6986190B8FFBC,docked_bike,2021-04-01 12:34:05,2021-04-01 12:43:34,Washington Ave & Park Ave,4724,Carlton Ave & Dean St,4199,40.696102,-73.96751,40.6809741,-73.9710097,member
1289397,9DE4F7329B3404ED,docked_bike,2021-04-24 18:10:21,2021-04-24 18:32:07,5 St & 6 Ave,3874,Carlton Ave & Dean St,4199,40.670483,-73.982089,40.6809741,-73.9710097,casual
1289401,64F1203F7D5A68E2,docked_bike,2021-04-01 18:36:36,2021-04-01 18:52:12,Rogers Ave & Sterling St,3696,Carlton Ave & Dean St,4199,40.663062,-73.953875,40.680974,-73.97101,member
1289406,81FF9FAA131C424A,docked_bike,2021-04-06 15:15:59,2021-04-06 15:21:33,DeKalb Ave & Vanderbilt Ave,4461,Carlton Ave & Dean St,4199,40.689407,-73.968854,40.6809741,-73.9710097,member
1289411,9648CF11636B4BD6,docked_bike,2021-04-23 15:44:43,2021-04-23 16:07:34,Grand St & Havemeyer St,5267,Carlton Ave & Dean St,4199,40.712868,-73.956981,40.6809741,-73.9710097,member
1289423,2F6F6ACC135A8C20,docked_bike,2021-04-28 17:47:53,2021-04-28 18:08:56,Allen St & Rivington St,5414,Carlton Ave & Dean St,4199,40.720195,-73.989978,40.6809741,-73.9710097,member
1289424,A0DA4DD4B58BBB32,docked_bike,2021-04-29 13:06:47,2021-04-29 13:14:40,DeKalb Ave & Vanderbilt Ave,4461,Carlton Ave & Dean St,4199,40.689407,-73.968854,40.6809741,-73.9710097,member
1289427,CD52F4DC3CDF21DC,docked_bike,2021-04-25 16:16:58,2021-04-25 16:26:37,Washington Ave & Park Ave,4724,Carlton Ave & Dean St,4199,40.696102,-73.96751,40.6809741,-73.9710097,casual
1289432,1B717A3E8193619A,docked_bike,2021-04-23 14:29:36,2021-04-23 14:41:43,Rogers Ave & Sterling St,3696,Carlton Ave & Dean St,4199,40.663061,-73.953874,40.6809741,-73.9710097,member
1289435,4386C1B52DF05EE1,docked_bike,2021-04-24 13:44:10,2021-04-24 13:54:25,Lincoln Pl & Classon Ave,3960,Carlton Ave & Dean St,4199,40.672168,-73.9609,40.6809741,-73.9710097,casual
1289447,F5339E9820CB20CB,docked_bike,2021-04-27 21:03:15,2021-04-27 21:13:16,Washington Ave & Park Ave,4724,Carlton Ave & Dean St,4199,40.696102,-73.96751,40.6809741,-73.9710097,member
1289449,402F91F297C553DB,docked_bike,2021-04-10 11:53:07,2021-04-10 12:47:10,11 Ave & W 41 St,6726,Carlton Ave & Dean St,4199,40.7603,-73.998842,40.6809741,-73.9710097,member
1289455,E41E28A35567B5B6,docked_bike,2021-04-16 16:00:11,2021-04-16 16:11:18,4 Ave & 9 St,3955,Carlton Ave & Dean St,4199,40.670513,-73.988765,40.6809741,-73.9710097,casual
1289486,E366B88BDF77BE66,docked_bike,2021-04-30 08:34:32,2021-04-30 08:49:48,Putnam Ave & Throop Ave,4392,Carlton Ave & Dean St,4199,40.685153,-73.94111,40.6809741,-73.9710097,member
1289499,C834F2191BDCF7CA,docked_bike,2021-04-06 10:01:57,2021-04-06 10:16:37,Pioneer St & Van Brunt St,4169,Carlton Ave & Dean St,4199,40.679043,-74.011169,40.6809741,-73.9710097,member
1289521,144A4CF31FC02F1D,docked_bike,2021-04-14 12:47:12,2021-04-14 12:59:24,Putnam Ave & Throop Ave,4392,Carlton Ave & Dean St,4199,40.685153,-73.94111,40.6809741,-73.9710097,member
1289562,F45F6EC138CE859E,docked_bike,2021-04-13 23:01:47,2021-04-13 23:18:29,Putnam Ave & Throop Ave,4392,Carlton Ave & Dean St,4199,40.685153,-73.94111,40.6809741,-73.9710097,casual
1289602,451F67C13D216795,docked_bike,2021-04-13 22:16:57,2021-04-13 22:38:08,Somers St & Broadway,4203,Carlton Ave & Dean St,4199,40.67945,-73.90474,40.6809741,-73.9710097,member
1289603,1EF5BA8006F747D8,docked_bike,2021-04-18 01:24:40,2021-04-18 01:50:00,Somers St & Broadway,4203,Carlton Ave & Dean St,4199,40.67945,-73.90474,40.6809741,-73.9710097,member
1289619,859546CE41481943,docked_bike,2021-04-03 14:53:30,2021-04-03 15:09:58,Myrtle Ave & Marcy Ave,4707,Carlton Ave & Dean St,4199,40.695398,-73.949549,40.6809741,-73.9710097,member
1289627,FECAA22363300C59,docked_bike,2021-04-13 09:28:06,2021-04-13 09:35:39,Lefferts Pl & Franklin Ave,4222,Carlton Ave & Dean St,4199,40.680342,-73.955768,40.6809741,-73.9710097,member
1289637,AF7028D61EE0EF8D,docked_bike,2021-04-24 09:45:26,2021-04-24 10:03:25,Central Ave & Melrose St,4832,Carlton Ave & Dean St,4199,40.70112,-73.93039,40.6809741,-73.9710097,member
1289654,299D22ECDFF4DE51,docked_bike,2021-04-14 14:18:55,2021-04-14 14:24:44,Carroll St & 5 Ave,4060,Carlton Ave & Dean St,4199,40.675162,-73.981483,40.6809741,-73.9710097,member
1289656,4799C5B0BC42F86B,docked_bike,2021-04-18 12:46:36,2021-04-18 13:04:32,Central Ave & Melrose St,4832,Carlton Ave & Dean St,4199,40.70112,-73.93039,40.6809741,-73.9710097,member
1289659,1A987F9BDF486701,docked_bike,2021-04-14 11:46:35,2021-04-14 11:53:28,Lefferts Pl & Franklin Ave,4222,Carlton Ave & Dean St,4199,40.680342,-73.955768,40.6809741,-73.9710097,member
1289660,78F5D148CC0C0A34,docked_bike,2021-04-19 08:55:05,2021-04-19 09:01:10,Dean St & Franklin Ave,4107,Carlton Ave & Dean St,4199,40.677592,-73.955637,40.6809741,-73.9710097,member
1289665,41EF2DF55F961BD4,docked_bike,2021-04-21 16:50:24,2021-04-21 16:58:04,Dean St & Franklin Ave,4107,Carlton Ave & Dean St,4199,40.677592,-73.955637,40.6809741,-73.9710097,casual
1289678,EE0D4E764289B544,docked_bike,2021-04-03 17:23:20,2021-04-03 17:55:08,Bedford Ave & S 9 St,5093,Carlton Ave & Dean St,4199,40.70853,-73.964089,40.6809741,-73.9710097,casual
1289679,BA8F82D8B3D59CF8,docked_bike,2021-04-18 17:49:44,2021-04-18 18:18:22,Grand St & Elizabeth St,5382,Carlton Ave & Dean St,4199,40.718822,-73.99596,40.6809741,-73.9710097,member
1289681,71C1ACCB1C335FB4,docked_bike,2021-04-27 17:58:42,2021-04-27 18:05:37,DeKalb Ave & Vanderbilt Ave,4461,Carlton Ave & Dean St,4199,40.689407,-73.968854,40.6809741,-73.9710097,member
1289693,1BE551ABF32790D3,docked_bike,2021-04-18 17:57:10,2021-04-18 18:15:14,11 Ave & Prospect Ave,3538,Carlton Ave & Dean St,4199,40.65629,-73.977335,40.6809741,-73.9710097,casual
1289697,499A2716D21D4E70,docked_bike,2021-04-21 13:18:43,2021-04-21 13:37:27,Adelphi St & Myrtle Ave,4620,Carlton Ave & Dean St,4199,40.693082,-73.971789,40.6809741,-73.9710097,member
1289703,1DFD06250CED4394,docked_bike,2021-04-13 11:18:29,2021-04-13 11:28:55,Dean St & Franklin Ave,4107,Carlton Ave & Dean St,4199,40.677592,-73.955637,40.6809741,-73.9710097,casual
1289707,3A283A877D6AFA36,docked_bike,2021-04-01 18:29:15,2021-04-01 18:36:40,Dean St & Franklin Ave,4107,Carlton Ave & Dean St,4199,40.677592,-73.955637,40.6809741,-73.9710097,member
1289722,F6506FAABCC5B825,docked_bike,2021-04-13 17:36:07,2021-04-13 18:05:25,Grand St & Elizabeth St,5382,Carlton Ave & Dean St,4199,40.718822,-73.99596,40.6809741,-73.9710097,member
1289737,687913AD6D204BE7,docked_bike,2021-04-19 12:51:56,2021-04-19 13:04:05,Putnam Ave & Throop Ave,4392,Carlton Ave & Dean St,4199,40.685153,-73.94111,40.6809741,-73.9710097,member
1289740,36F2FEE590256788,docked_bike,2021-04-02 19:28:57,2021-04-02 19:39:07,5 St & 6 Ave,3874,Carlton Ave & Dean St,4199,40.670483,-73.982089,40.6809741,-73.9710097,member
1289741,21FCF84C1D2C613B,docked_bike,2021-04-08 16:39:48,2021-04-08 17:04:06,Allen St & Rivington St,5414,Carlton Ave & Dean St,4199,40.720196,-73.989978,40.680974,-73.97101,member
1289744,7BB5D6EA8510D288,docked_bike,2021-04-04 13:08:32,2021-04-04 13:28:07,Parade Pl & Crooke Ave,3376,Carlton Ave & Dean St,4199,40.651847,-73.965248,40.6809741,-73.9710097,casual
1289746,93AB01D06EFBF2B5,docked_bike,2021-04-02 08:45:22,2021-04-02 08:57:05,DeKalb Ave & Vanderbilt Ave,4461,Carlton Ave & Dean St,4199,40.689407,-73.968855,40.680974,-73.97101,member
1289752,0477FA705CAE7D91,docked_bike,2021-04-24 13:43:42,2021-04-24 13:54:26,Lincoln Pl & Classon Ave,3960,Carlton Ave & Dean St,4199,40.672168,-73.9609,40.6809741,-73.9710097,casual
1289768,8F0AF0AA92BE8C7A,docked_bike,2021-04-09 09:21:56,2021-04-09 09:27:41,Eastern Pkwy & Washington Ave,3928,Carlton Ave & Dean St,4199,40.671649,-73.963114,40.6809741,-73.9710097,casual
1289776,432E992356410163,docked_bike,2021-04-23 19:03:51,2021-04-23 19:09:53,Franklin Ave & St Marks Ave,4107,Carlton Ave & Dean St,4199,40.675832,-73.956167,40.6809741,-73.9710097,member
1289778,82D92ACC2D7DA3CE,docked_bike,2021-04-26 15:07:10,2021-04-26 15:11:16,Bergen St & 4 Ave,4322,Carlton Ave & Dean St,4199,40.682564,-73.979897,40.6809741,-73.9710097,member
1289785,869DCEA0E3F15138,docked_bike,2021-04-17 15:27:37,2021-04-17 15:31:45,Bergen St & 4 Ave,4322,Carlton Ave & Dean St,4199,40.682564,-73.979897,40.6809741,-73.9710097,member
1289786,F723CFB395D38CC1,docked_bike,2021-04-17 20:22:58,2021-04-17 20:32:08,Sterling Pl & Bedford Ave,3993,Carlton Ave & Dean St,4199,40.672695,-73.954131,40.6809741,-73.9710097,member
1289787,7DC4B5E59F08C3D5,docked_bike,2021-04-27 07:57:23,2021-04-27 08:04:42,Sterling Pl & Bedford Ave,3993,Carlton Ave & Dean St,4199,40.672695,-73.954131,40.6809741,-73.9710097,casual
1289788,4FF36220033BA4ED,docked_bike,2021-04-22 16:49:25,2021-04-22 16:53:27,Bergen St & 4 Ave,4322,Carlton Ave & Dean St,4199,40.682564,-73.979897,40.6809741,-73.9710097,member
1289817,8DA1EF2F9413D9CB,docked_bike,2021-04-21 07:50:45,2021-04-21 07:57:24,Sterling Pl & Bedford Ave,3993,Carlton Ave & Dean St,4199,40.672695,-73.954131,40.6809741,-73.9710097,casual
1289820,B23942E91ACE3945,docked_bike,2021-04-03 18:17:11,2021-04-03 18:46:47,Clinton St & Union St,4266,Carlton Ave & Dean St,4199,40.683116,-73.997852,40.6809741,-73.9710097,member
1289826,242EFC890B891F95,docked_bike,2021-04-02 18:46:34,2021-04-02 18:52:32,Franklin Ave & St Marks Ave,4107,Carlton Ave & Dean St,4199,40.675832,-73.956167,40.6809741,-73.9710097,member
1289827,0ECD31306991FE7F,docked_bike,2021-04-26 08:21:22,2021-04-26 08:27:30,Sterling Pl & Bedford Ave,3993,Carlton Ave & Dean St,4199,40.672695,-73.954131,40.6809741,-73.9710097,casual
1289828,F2768FCFA91EAC70,docked_bike,2021-04-23 19:33:07,2021-04-23 19:42:01,Bergen St & 4 Ave,4322,Carlton Ave & Dean St,4199,40.682564,-73.979897,40.6809741,-73.9710097,member
1289860,77C7F040E3658D41,docked_bike,2021-04-12 09:14:04,2021-04-12 09:41:47,Broadway & Berry St,5164,Carlton Ave & Dean St,4199,40.710445,-73.96525,40.6809741,-73.9710097,member
1289861,2BBB5B87B24ECF44,docked_bike,2021-04-04 17:43:56,2021-04-04 18:02:56,Broadway & Berry St,5164,Carlton Ave & Dean St,4199,40.710445,-73.96525,40.6809741,-73.9710097,member
1289890,524FFCB31E053210,docked_bike,2021-04-08 16:17:16,2021-04-08 16:44:06,Milton St & Franklin St,5752,Carlton Ave & Dean St,4199,40.72906,-73.95779,40.6809741,-73.9710097,member
1289892,36BCBE2C5600606F,docked_bike,2021-04-18 15:10:44,2021-04-18 15:25:48,Nostrand Ave & Myrtle Ave,4707,Carlton Ave & Dean St,4199,40.69527,-73.952381,40.6809741,-73.9710097,casual
1289904,8FEC11DC140F43E9,docked_bike,2021-04-30 18:10:52,2021-04-30 18:38:27,2 Ave & 32 St,3532,Carlton Ave & Dean St,4199,40.659176,-74.006584,40.6809741,-73.9710097,member
1289912,34594464FE049056,docked_bike,2021-04-18 15:38:53,2021-04-18 15:49:01,Sterling St & Bedford Ave,3665,Carlton Ave & Dean St,4199,40.662705,-73.956911,40.6809741,-73.9710097,member
1289943,BB7451DF07060A0B,docked_bike,2021-04-25 20:26:16,2021-04-25 20:59:16,Willoughby Ave & Wyckoff Ave,5010,Carlton Ave & Dean St,4199,40.705614,-73.92153,40.6809741,-73.9710097,member
1289953,3D926B326E5DC7A2,docked_bike,2021-04-30 08:23:48,2021-04-30 08:30:44,Sterling Pl & Bedford Ave,3993,Carlton Ave & Dean St,4199,40.672695,-73.954131,40.6809741,-73.9710097,casual
1289983,FB86EF4B0AAAA3C2,docked_bike,2021-04-01 16:10:11,2021-04-01 16:28:16,Front St & Jay St,4895,Carlton Ave & Dean St,4199,40.702461,-73.986842,40.6809741,-73.9710097,member
1289985,B5D4EC90D21EE08C,docked_bike,2021-04-02 12:10:47,2021-04-02 12:32:21,Lafayette Ave & St James Pl,4494,Carlton Ave & Dean St,4199,40.688515,-73.964762,40.6809741,-73.9710097,casual
1289990,C4A7154AA4B2C54C,docked_bike,2021-04-18 17:15:37,2021-04-18 17:40:25,3 St & 3 Ave,4028,Carlton Ave & Dean St,4199,40.67507,-73.987752,40.6809741,-73.9710097,member
1289993,F5CD93077DFB9763,docked_bike,2021-04-04 17:52:39,2021-04-04 18:00:32,Lawrence St & Willoughby St,4596,Carlton Ave & Dean St,4199,40.692361,-73.986317,40.6809741,-73.9710097,member
1290008,9D87C6BA3A8F7BF0,docked_bike,2021-04-20 22:23:06,2021-04-20 22:55:53,W 22 St & 10 Ave,6306,Carlton Ave & Dean St,4199,40.746919,-74.004518,40.6809741,-73.9710097,member
1290011,8970B16DD0E8D5A4,docked_bike,2021-04-17 15:35:44,2021-04-17 15:45:33,Lafayette Ave & St James Pl,4494,Carlton Ave & Dean St,4199,40.688515,-73.964762,40.6809741,-73.9710097,member
1290080,3F9BDE1C1D27B00A,docked_bike,2021-04-29 00:17:29,2021-04-29 00:26:44,Lafayette Ave & St James Pl,4494,Carlton Ave & Dean St,4199,40.688515,-73.964762,40.6809741,-73.9710097,member
1290123,63BEAFA0227D5451,docked_bike,2021-04-26 14:34:27,2021-04-26 14:52:18,10 St & 5 Ave,3842,Carlton Ave & Dean St,4199,40.668627,-73.987,40.6809741,-73.9710097,casual
1290137,2D95D9813B36F20C,docked_bike,2021-04-19 09:22:04,2021-04-19 09:56:17,Division St & Bowery,5270,Carlton Ave & Dean St,4199,40.714193,-73.996732,40.6809741,-73.9710097,member
1290140,2E93644FB1C59558,docked_bike,2021-04-27 13:03:00,2021-04-27 13:23:21,Liberty St & Nassau St,5105,Carlton Ave & Dean St,4199,40.708588,-74.009354,40.6809741,-73.9710097,member
1290141,48F4B0911C4FDA44,docked_bike,2021-04-27 18:53:25,2021-04-27 19:22:01,Liberty St & Nassau St,5105,Carlton Ave & Dean St,4199,40.708588,-74.009354,40.6809741,-73.9710097,casual
1290194,F03ECE40CEE22559,docked_bike,2021-04-20 15:59:30,2021-04-20 16:19:01,Front St & Jay St,4895,Carlton Ave & Dean St,4199,40.702461,-73.986842,40.6809741,-73.9710097,member
1290198,053D3FA700F8A516,docked_bike,2021-04-02 18:46:46,2021-04-02 19:03:00,Front St & Jay St,4895,Carlton Ave & Dean St,4199,40.702461,-73.986842,40.680974,-73.97101,member
1290208,820A727855CCE28E,docked_bike,2021-04-04 22:57:42,2021-04-04 23:21:06,Metropolitan Ave & Bedford Ave,5308,Carlton Ave & Dean St,4199,40.715348,-73.960241,40.6809741,-73.9710097,casual
1290214,ECFBE308291ED1BE,docked_bike,2021-04-03 17:24:08,2021-04-03 17:54:44,Bedford Ave & S 9 St,5093,Carlton Ave & Dean St,4199,40.70853,-73.964089,40.6809741,-73.9710097,casual
1290219,BABEF18603BCDE7E,docked_bike,2021-04-21 16:49:44,2021-04-21 16:58:02,Dean St & Franklin Ave,4107,Carlton Ave & Dean St,4199,40.677592,-73.955637,40.6809741,-73.9710097,casual
1290221,165FB7885B437054,docked_bike,2021-04-27 23:02:24,2021-04-27 23:23:59,Metropolitan Ave & Bedford Ave,5308,Carlton Ave & Dean St,4199,40.715348,-73.960241,40.6809741,-73.9710097,member
1290234,C10354D03A264470,docked_bike,2021-04-15 22:28:28,2021-04-15 22:37:59,Willoughby St & Fleet St,4628,Carlton Ave & Dean St,4199,40.691965,-73.981301,40.6809741,-73.9710097,member
1290241,CF2960870E0DFE7E,docked_bike,2021-04-08 15:58:17,2021-04-08 16:05:44,Lafayette Ave & St James Pl,4494,Carlton Ave & Dean St,4199,40.688515,-73.964762,40.6809741,-73.9710097,member
1290249,C29D5DF4EE2E0FEF,docked_bike,2021-04-27 19:07:32,2021-04-27 19:14:58,Warren St & Smith St,4371,Carlton Ave & Dean St,4199,40.685424,-73.991277,40.6809741,-73.9710097,member
1290251,C1D282F2985507CB,docked_bike,2021-04-07 17:34:53,2021-04-07 17:45:43,6 Ave & 12 St,3803,Carlton Ave & Dean St,4199,40.666318,-73.985461,40.6809741,-73.9710097,member
1290252,9C97069DA5212703,docked_bike,2021-04-25 19:48:58,2021-04-25 19:56:34,6 Ave & 12 St,3803,Carlton Ave & Dean St,4199,40.666318,-73.985461,40.6809741,-73.9710097,member
1290253,A9BF9A709D09D5E9,docked_bike,2021-04-15 19:19:57,2021-04-15 19:29:48,6 Ave & 12 St,3803,Carlton Ave & Dean St,4199,40.666318,-73.985461,40.6809741,-73.9710097,member
1290263,AF5B05BDC853D073,docked_bike,2021-04-29 23:25:37,2021-04-29 23:35:38,Willoughby St & Fleet St,4628,Carlton Ave & Dean St,4199,40.691965,-73.981301,40.6809741,-73.9710097,member
1290267,182770410E8EB49A,docked_bike,2021-04-22 23:25:39,2021-04-22 23:33:34,Dean St & Franklin Ave,4107,Carlton Ave & Dean St,4199,40.677592,-73.955637,40.6809741,-73.9710097,member
1290272,797398052F995CC8,docked_bike,2021-04-24 10:56:19,2021-04-24 11:06:59,Adelphi St & Myrtle Ave,4620,Carlton Ave & Dean St,4199,40.693082,-73.971789,40.6809741,-73.9710097,member
1290277,93174A0B715D0A90,docked_bike,2021-04-18 17:16:29,2021-04-18 17:41:07,3 St & 3 Ave,4028,Carlton Ave & Dean St,4199,40.67507,-73.987752,40.6809741,-73.9710097,member
1290285,9D3858A844104BF7,docked_bike,2021-04-13 17:14:51,2021-04-13 17:41:31,Bushwick Ave & Powers St,5250,Carlton Ave & Dean St,4199,40.712476,-73.941,40.6809741,-73.9710097,member
1290301,A5A9456D2DB7088B,docked_bike,2021-04-18 12:10:24,2021-04-18 12:19:11,Lafayette Ave & St James Pl,4494,Carlton Ave & Dean St,4199,40.688515,-73.964762,40.6809741,-73.9710097,member
1290309,B55BB69C89DCC3DA,docked_bike,2021-04-14 21:04:33,2021-04-14 21:29:59,Front St & Jay St,4895,Carlton Ave & Dean St,4199,40.702461,-73.986842,40.6809741,-73.9710097,member
1290315,A0D456C5D595BAD8,docked_bike,2021-04-06 08:44:08,2021-04-06 08:53:09,Lafayette Ave & St James Pl,4494,Carlton Ave & Dean St,4199,40.688515,-73.964762,40.6809741,-73.9710097,member
1290346,D6E6F46C586B0896,docked_bike,2021-04-26 14:46:45,2021-04-26 14:54:46,6 Ave & 12 St,3803,Carlton Ave & Dean St,4199,40.666318,-73.985461,40.6809741,-73.9710097,member
1290351,6063B83D0696D2B0,docked_bike,2021-04-28 12:45:47,2021-04-28 13:18:50,Willoughby St & Fleet St,4628,Carlton Ave & Dean St,4199,40.691965,-73.981301,40.6809741,-73.9710097,member
1290353,B9C4670179B26413,docked_bike,2021-04-18 10:38:13,2021-04-18 10:52:10,Willoughby St & Fleet St,4628,Carlton Ave & Dean St,4199,40.691965,-73.981301,40.6809741,-73.9710097,member
1290354,86E0A64B590BA639,docked_bike,2021-04-16 09:05:30,2021-04-16 09:17:03,Willoughby St & Fleet St,4628,Carlton Ave & Dean St,4199,40.691965,-73.981301,40.6809741,-73.9710097,member
1290361,02298B718B8E12B1,docked_bike,2021-04-24 11:17:28,2021-04-24 12:18:27,2 Ave & E 55 St,6650,Carlton Ave & Dean St,4199,40.75792,-73.966382,40.6809741,-73.9710097,casual
1290371,CF14D28EC3A871EE,docked_bike,2021-04-25 17:04:58,2021-04-25 17:14:13,Bergen St & Smith St,4446,Carlton Ave & Dean St,4199,40.686744,-73.990631,40.6809741,-73.9710097,member
1290396,7C189A4F766F191E,docked_bike,2021-04-04 17:48:46,2021-04-04 18:07:12,Grand St & Elizabeth St,5382,Carlton Ave & Dean St,4199,40.718822,-73.99596,40.6809741,-73.9710097,member
1290408,2387A714FED5B649,docked_bike,2021-04-16 09:15:22,2021-04-16 09:23:28,Park Pl & Franklin Ave,4033,Carlton Ave & Dean St,4199,40.67418,-73.956494,40.6809741,-73.9710097,member
1290409,7718CFE046F4811B,docked_bike,2021-04-05 09:22:43,2021-04-05 09:29:57,Park Pl & Franklin Ave,4033,Carlton Ave & Dean St,4199,40.67418,-73.956494,40.6809741,-73.9710097,member
1290413,AC97EF6219A72EA5,docked_bike,2021-04-02 14:42:57,2021-04-02 14:51:37,Lafayette Ave & St James Pl,4494,Carlton Ave & Dean St,4199,40.688515,-73.964762,40.6809741,-73.9710097,member
1290418,44F1AB7DFD8CE2D4,docked_bike,2021-04-17 15:37:10,2021-04-17 15:45:35,Lafayette Ave & St James Pl,4494,Carlton Ave & Dean St,4199,40.688515,-73.964762,40.6809741,-73.9710097,casual
1290419,3CAF6ABE8C80D2F7,docked_bike,2021-04-28 19:11:35,2021-04-28 19:26:29,Warren St & Smith St,4371,Carlton Ave & Dean St,4199,40.685424,-73.991277,40.6809741,-73.9710097,casual
1290431,DAB7DC3F5AC5EDAA,docked_bike,2021-04-16 11:47:22,2021-04-16 11:57:13,Willoughby St & Fleet St,4628,Carlton Ave & Dean St,4199,40.691965,-73.981301,40.6809741,-73.9710097,member
1290436,267235EDF57E57D0,docked_bike,2021-04-04 09:40:28,2021-04-04 09:48:44,6 Ave & 12 St,3803,Carlton Ave & Dean St,4199,40.666318,-73.985462,40.680974,-73.97101,casual
1290453,7ACDD835B0796ED9,docked_bike,2021-04-27 11:17:10,2021-04-27 11:26:05,6 Ave & 12 St,3803,Carlton Ave & Dean St,4199,40.666318,-73.985461,40.6809741,-73.9710097,member
1290460,22722E94F802FA08,docked_bike,2021-04-26 08:46:16,2021-04-26 08:57:24,Warren St & Smith St,4371,Carlton Ave & Dean St,4199,40.685424,-73.991277,40.6809741,-73.9710097,member
1290480,48EE46672C970693,docked_bike,2021-04-08 15:05:14,2021-04-08 15:15:38,Dock 72 Way & Market St,4804,Carlton Ave & Dean St,4199,40.69985,-73.97141,40.6809741,-73.9710097,casual
1290481,96ECCD39FF17642C,docked_bike,2021-04-30 14:58:13,2021-04-30 15:09:13,Dock 72 Way & Market St,4804,Carlton Ave & Dean St,4199,40.69985,-73.97141,40.6809741,-73.9710097,casual
1290491,CB8FA2E01BFE9077,docked_bike,2021-04-20 14:56:33,2021-04-20 15:08:21,Dock 72 Way & Market St,4804,Carlton Ave & Dean St,4199,40.69985,-73.97141,40.6809741,-73.9710097,casual
1290504,8B7F414FD077C1E9,docked_bike,2021-04-08 17:18:30,2021-04-08 17:33:31,16th St & 4th Ave,3811,Carlton Ave & Dean St,4199,40.666197,-73.992466,40.6809741,-73.9710097,casual
1290531,3C3C58AC802E05BC,docked_bike,2021-04-19 14:45:14,2021-04-19 14:59:27,Bergen St & Smith St,4446,Carlton Ave & Dean St,4199,40.686744,-73.990631,40.6809741,-73.9710097,member
1290535,1AEF7E2EFC534D5D,docked_bike,2021-04-04 14:05:50,2021-04-04 14:17:16,Bergen St & Smith St,4446,Carlton Ave & Dean St,4199,40.686744,-73.990631,40.6809741,-73.9710097,member
1290560,AA0E84543079428D,docked_bike,2021-04-19 17:26:48,2021-04-19 17:39:44,Bergen St & Smith St,4446,Carlton Ave & Dean St,4199,40.686744,-73.990631,40.6809741,-73.9710097,member
1290561,2B50A1811D750596,docked_bike,2021-04-20 20:41:12,2021-04-20 21:07:50,Clinton Ave & Myrtle Ave,4651,Carlton Ave & Dean St,4199,40.693261,-73.968896,40.6809741,-73.9710097,casual
1290580,2141752AB267E66C,docked_bike,2021-04-12 08:46:20,2021-04-12 08:52:21,Bergen St & Smith St,4446,Carlton Ave & Dean St,4199,40.686744,-73.990631,40.6809741,-73.9710097,casual
1290582,B713DFF0073A210F,docked_bike,2021-04-17 20:10:01,2021-04-17 20:19:14,Bergen St & Smith St,4446,Carlton Ave & Dean St,4199,40.686744,-73.990631,40.6809741,-73.9710097,member
1290593,72C95FB526CBEEBF,docked_bike,2021-04-19 16:47:50,2021-04-19 16:55:19,Clinton Ave & Myrtle Ave,4651,Carlton Ave & Dean St,4199,40.693261,-73.968896,40.6809741,-73.9710097,casual
1290595,8C99339FFB91DA29,docked_bike,2021-04-16 11:02:27,2021-04-16 11:09:55,Bergen St & Smith St,4446,Carlton Ave & Dean St,4199,40.686744,-73.990631,40.6809741,-73.9710097,casual
1290597,8021B7BFE3AD53D9,docked_bike,2021-04-01 12:46:05,2021-04-01 12:58:17,Bergen St & Smith St,4446,Carlton Ave & Dean St,4199,40.686744,-73.990631,40.6809741,-73.9710097,casual
1290598,E73C6BBFF0205D54,docked_bike,2021-04-20 16:09:49,2021-04-20 16:21:05,Bergen St & Smith St,4446,Carlton Ave & Dean St,4199,40.686744,-73.990631,40.6809741,-73.9710097,member
1290604,D4F7301B4E771012,docked_bike,2021-04-14 21:58:22,2021-04-14 22:04:59,Bergen St & Smith St,4446,Carlton Ave & Dean St,4199,40.686744,-73.990631,40.6809741,-73.9710097,casual
1290606,566E50F5FDD5C179,docked_bike,2021-04-15 20:07:58,2021-04-15 20:46:53,Clinton Ave & Myrtle Ave,4651,Carlton Ave & Dean St,4199,40.693261,-73.968896,40.6809741,-73.9710097,member
1290609,C281B04BAB0C3A79,docked_bike,2021-04-20 22:23:30,2021-04-20 22:33:45,Bergen St & Smith St,4446,Carlton Ave & Dean St,4199,40.686744,-73.990631,40.6809741,-73.9710097,member
1290619,4730EC6B5CA0E3B3,docked_bike,2021-04-01 15:49:23,2021-04-01 15:58:50,Bergen St & Smith St,4446,Carlton Ave & Dean St,4199,40.686744,-73.990631,40.6809741,-73.9710097,member
1290622,1DFB74293BCC9F07,docked_bike,2021-04-19 17:55:51,2021-04-19 18:08:36,Bergen St & Smith St,4446,Carlton Ave & Dean St,4199,40.686744,-73.990631,40.6809741,-73.9710097,member
1290639,E03B71A89D9CE0C9,docked_bike,2021-04-25 13:20:24,2021-04-25 13:31:28,Bergen St & Smith St,4446,Carlton Ave & Dean St,4199,40.686744,-73.990631,40.6809741,-73.9710097,casual
1290649,2D12EF610B3F0564,docked_bike,2021-04-21 15:56:22,2021-04-21 16:05:35,Bergen St & Smith St,4446,Carlton Ave & Dean St,4199,40.686744,-73.990631,40.6809741,-73.9710097,member
1290656,439E291C0792FE93,docked_bike,2021-04-01 15:49:01,2021-04-01 15:58:44,Bergen St & Smith St,4446,Carlton Ave & Dean St,4199,40.686744,-73.990631,40.6809741,-73.9710097,member
1290666,1FAFE7614C642519,docked_bike,2021-04-19 17:54:32,2021-04-19 18:08:29,Bergen St & Smith St,4446,Carlton Ave & Dean St,4199,40.686744,-73.990631,40.6809741,-73.9710097,member
1290667,7021DE040C29135B,docked_bike,2021-04-18 16:47:19,2021-04-18 16:57:11,Bergen St & Smith St,4446,Carlton Ave & Dean St,4199,40.686744,-73.990631,40.6809741,-73.9710097,member
1290672,FAC7CA7CEDA01A78,docked_bike,2021-04-02 13:22:53,2021-04-02 13:34:10,Bergen St & Smith St,4446,Carlton Ave & Dean St,4199,40.686744,-73.990632,40.680974,-73.97101,member
1290683,6F400DFCBC87945D,docked_bike,2021-04-17 13:45:05,2021-04-17 13:55:22,Bergen St & Smith St,4446,Carlton Ave & Dean St,4199,40.686744,-73.990631,40.6809741,-73.9710097,member
1290684,5002B32D41A42030,docked_bike,2021-04-07 14:33:48,2021-04-07 14:45:17,Bergen St & Smith St,4446,Carlton Ave & Dean St,4199,40.686744,-73.990631,40.6809741,-73.9710097,member
1290691,F5B9798466184BDA,docked_bike,2021-04-29 11:06:15,2021-04-29 11:18:27,Bergen St & Smith St,4446,Carlton Ave & Dean St,4199,40.686744,-73.990631,40.6809741,-73.9710097,casual
1290700,81AE14331E56C8BC,docked_bike,2021-04-30 12:39:55,2021-04-30 12:57:20,Bergen St & Smith St,4446,Carlton Ave & Dean St,4199,40.686744,-73.990631,40.6809741,-73.9710097,member
1290708,2F2E7A4B7653B22C,docked_bike,2021-04-05 17:13:20,2021-04-05 17:25:54,Bergen St & Smith St,4446,Carlton Ave & Dean St,4199,40.686744,-73.990631,40.6809741,-73.9710097,member
1290709,CA64E9F00CFBFCBB,docked_bike,2021-04-08 18:32:47,2021-04-08 18:44:30,Bergen St & Smith St,4446,Carlton Ave & Dean St,4199,40.686744,-73.990632,40.680974,-73.97101,member
1290732,3B55E41B4760F565,docked_bike,2021-04-04 10:16:03,2021-04-04 10:27:57,Clinton Ave & Myrtle Ave,4651,Carlton Ave & Dean St,4199,40.693261,-73.968896,40.6809741,-73.9710097,member
1290765,435F72F07ED0F3BC,docked_bike,2021-04-13 17:45:58,2021-04-13 18:10:40,E 2 St & Avenue B,5515,Carlton Ave & Dean St,4199,40.722174,-73.983687,40.6809741,-73.9710097,member
1290785,A0DF5E932684E332,docked_bike,2021-04-06 20:12:03,2021-04-06 20:23:51,Classon Ave & St Marks Ave,4074,Carlton Ave & Dean St,4199,40.676519,-73.959608,40.6809741,-73.9710097,member
1290805,C7A639743BBFF204,docked_bike,2021-04-16 21:07:42,2021-04-16 21:17:15,Classon Ave & St Marks Ave,4074,Carlton Ave & Dean St,4199,40.676519,-73.959608,40.6809741,-73.9710097,casual
1290808,6E393B9FC39177B1,docked_bike,2021-04-24 15:17:52,2021-04-24 15:28:10,Schermerhorn St & Bond St,4479,Carlton Ave & Dean St,4199,40.688417,-73.984516,40.6809741,-73.9710097,member
1290814,862CA1F4D05B3D30,docked_bike,2021-04-21 10:52:51,2021-04-21 10:59:32,Schermerhorn St & Bond St,4479,Carlton Ave & Dean St,4199,40.688417,-73.984516,40.6809741,-73.9710097,member
1290834,818FECD43A96AF3D,docked_bike,2021-04-20 18:01:07,2021-04-20 18:11:58,Schermerhorn St & Bond St,4479,Carlton Ave & Dean St,4199,40.688417,-73.984516,40.6809741,-73.9710097,member
1290836,9A003CCE601288BE,docked_bike,2021-04-24 14:43:21,2021-04-24 15:04:48,Schermerhorn St & Bond St,4479,Carlton Ave & Dean St,4199,40.688417,-73.984516,40.6809741,-73.9710097,member
1290853,EA8CE174F41685CC,docked_bike,2021-04-28 17:43:47,2021-04-28 18:02:09,2 Ave & 32 St,3532,Carlton Ave & Dean St,4199,40.659176,-74.006584,40.6809741,-73.9710097,member
1290861,754D04FC1C6B6B30,docked_bike,2021-04-08 00:10:44,2021-04-08 00:18:23,3 St & 7 Ave,3905,Carlton Ave & Dean St,4199,40.670383,-73.978396,40.6809741,-73.9710097,casual
1290862,66C132F954A1B03A,docked_bike,2021-04-01 18:03:25,2021-04-01 18:22:32,Kosciuszko St & Tompkins Ave,4553,Carlton Ave & Dean St,4199,40.691283,-73.945242,40.680974,-73.97101,member
1290910,F2B64B99A6F362AA,docked_bike,2021-04-23 23:03:39,2021-04-23 23:04:11,Carlton Ave & Dean St,4199,Carlton Ave & Dean St,4199,40.680974,-73.971009,40.6809741,-73.9710097,member
1290911,EAD47FFA04608165,docked_bike,2021-04-19 08:52:53,2021-04-19 08:53:35,Carlton Ave & Dean St,4199,Carlton Ave & Dean St,4199,40.680974,-73.971009,40.6809741,-73.9710097,member
1290917,43C497F9E89A5D8F,docked_bike,2021-04-05 10:07:43,2021-04-05 10:11:26,Underhill Ave & Lincoln Pl,4042,Carlton Ave & Dean St,4199,40.674012,-73.967145,40.6809741,-73.9710097,member
1290925,5BB039A5B32824BD,docked_bike,2021-04-04 14:22:09,2021-04-04 14:24:16,Carlton Ave & Dean St,4199,Carlton Ave & Dean St,4199,40.680974,-73.971009,40.6809741,-73.9710097,member
1290941,FF92A19D8D6CE76B,docked_bike,2021-04-20 07:20:50,2021-04-20 07:28:32,Monroe St & Classon Ave,4336,Carlton Ave & Dean St,4199,40.684568,-73.95881,40.6809741,-73.9710097,member
1290966,54D06F2D9F02D716,docked_bike,2021-04-11 16:06:10,2021-04-11 16:13:21,Carlton Ave & Dean St,4199,Monroe St & Classon Ave,4336,40.680974,-73.971009,40.6845683,-73.95881081,member
1290974,1D78A14C574805C7,docked_bike,2021-04-18 23:51:50,2021-04-19 00:19:18,Irving Ave & Halsey St,4695,Carlton Ave & Dean St,4199,40.69467,-73.90663,40.6809741,-73.9710097,member
1290975,5F44ED45A90CC93E,docked_bike,2021-04-07 19:28:00,2021-04-07 19:28:26,Carlton Ave & Dean St,4199,Carlton Ave & Dean St,4199,40.680974,-73.971009,40.6809741,-73.9710097,member
1290976,271DDE696C9AFE2C,docked_bike,2021-04-07 19:28:48,2021-04-07 19:29:13,Carlton Ave & Dean St,4199,Carlton Ave & Dean St,4199,40.680974,-73.971009,40.6809741,-73.9710097,member
1291022,C83FD72B897DE2C6,docked_bike,2021-04-15 16:22:31,2021-04-15 17:01:24,Central Ave & Himrod St,4713,Carlton Ave & Dean St,4199,40.69676,-73.92302,40.6809741,-73.9710097,member
1291027,3BB18EB37902EC3B,docked_bike,2021-04-06 18:57:53,2021-04-06 19:26:41,3 St & 7 Ave,3905,Carlton Ave & Dean St,4199,40.670383,-73.978396,40.6809741,-73.9710097,member
1291028,6D2807E75C34159B,docked_bike,2021-04-07 09:44:24,2021-04-07 09:49:53,3 St & 7 Ave,3905,Carlton Ave & Dean St,4199,40.670383,-73.978396,40.6809741,-73.9710097,casual
1291042,FAE9658A7C6B36C8,docked_bike,2021-04-12 14:52:40,2021-04-12 14:58:45,3 St & 7 Ave,3905,Carlton Ave & Dean St,4199,40.670383,-73.978396,40.6809741,-73.9710097,member
1291045,03B0C6FB13802216,docked_bike,2021-04-13 16:28:47,2021-04-13 16:38:40,3 St & 7 Ave,3905,Carlton Ave & Dean St,4199,40.670384,-73.978397,40.680974,-73.97101,member
1291053,6FB812C593296F17,docked_bike,2021-04-26 07:47:18,2021-04-26 07:54:23,3 St & 7 Ave,3905,Carlton Ave & Dean St,4199,40.670383,-73.978396,40.6809741,-73.9710097,casual
1291061,EEFFAA2CE300500F,docked_bike,2021-04-24 17:38:34,2021-04-24 17:45:38,3 St & 7 Ave,3905,Carlton Ave & Dean St,4199,40.670383,-73.978396,40.6809741,-73.9710097,casual
1291095,B2338F433FB8BE1B,docked_bike,2021-04-16 07:34:20,2021-04-16 07:42:46,Pacific St & Nevins St,4362,Carlton Ave & Dean St,4199,40.685376,-73.983021,40.6809741,-73.9710097,member
1291103,2D0F3787BFC93964,docked_bike,2021-04-26 19:20:28,2021-04-26 19:26:57,Pacific St & Nevins St,4362,Carlton Ave & Dean St,4199,40.685376,-73.983021,40.6809741,-73.9710097,casual
1291131,B9D7CD6E6BD49B64,docked_bike,2021-04-30 08:11:26,2021-04-30 08:19:56,10 St & 7 Ave,3762,Carlton Ave & Dean St,4199,40.666207,-73.981998,40.6809741,-73.9710097,member
1291164,9E2B34177C391014,docked_bike,2021-04-21 15:36:09,2021-04-21 15:45:07,Bergen St & Smith St,4446,Carlton Ave & Dean St,4199,40.686744,-73.990631,40.6809741,-73.9710097,member
1291174,7B69A3647A83D565,docked_bike,2021-04-19 14:28:41,2021-04-19 14:38:11,Bergen St & Smith St,4446,Carlton Ave & Dean St,4199,40.686744,-73.990631,40.6809741,-73.9710097,member
1291183,1F0FB51706B66FA4,docked_bike,2021-04-08 15:34:44,2021-04-08 15:40:14,Classon Ave & St Marks Ave,4074,Carlton Ave & Dean St,4199,40.676519,-73.959608,40.6809741,-73.9710097,member
1291194,2AD85E10B6C0CBCC,docked_bike,2021-04-16 21:07:23,2021-04-16 21:17:13,Classon Ave & St Marks Ave,4074,Carlton Ave & Dean St,4199,40.676519,-73.959608,40.6809741,-73.9710097,casual
1291195,4499E8847D6969EB,docked_bike,2021-04-16 21:07:44,2021-04-16 21:17:16,Classon Ave & St Marks Ave,4074,Carlton Ave & Dean St,4199,40.676519,-73.959608,40.6809741,-73.9710097,casual
1291197,E75BDBE5CC952B15,docked_bike,2021-04-08 14:14:32,2021-04-08 14:33:01,Leonard St & Maujer St,5148,Carlton Ave & Dean St,4199,40.710368,-73.947059,40.6809741,-73.9710097,member
1291208,06B5F51EDB94BDBD,docked_bike,2021-04-10 12:35:00,2021-04-10 12:38:54,Atlantic Ave & Fort Greene Pl,4354,Carlton Ave & Dean St,4199,40.683826,-73.976323,40.6809741,-73.9710097,member
1291222,71517C4CB4E6FB22,docked_bike,2021-04-05 17:29:42,2021-04-05 17:33:56,Atlantic Ave & Fort Greene Pl,4354,Carlton Ave & Dean St,4199,40.683826,-73.976323,40.6809741,-73.9710097,member
1291235,FF4617FE3CA3D26D,docked_bike,2021-04-20 22:09:44,2021-04-20 22:28:05,Centre St & Chambers St,5207,Carlton Ave & Dean St,4199,40.712732,-74.004607,40.6809741,-73.9710097,member
1291240,BC34BA01BCB3BA09,docked_bike,2021-04-23 22:28:43,2021-04-23 22:40:54,Willoughby Ave & Hall St,4611,Carlton Ave & Dean St,4199,40.69196,-73.965368,40.6809741,-73.9710097,casual
1291243,8DA733B843A96733,docked_bike,2021-04-05 19:41:17,2021-04-05 19:45:24,Bergen St & Flatbush Ave,4281,Carlton Ave & Dean St,4199,40.680944,-73.975673,40.6809741,-73.9710097,member
1291248,7269F54896E0477C,docked_bike,2021-04-04 16:24:00,2021-04-04 16:33:48,Bergen St & Flatbush Ave,4281,Carlton Ave & Dean St,4199,40.680944,-73.975673,40.6809741,-73.9710097,casual
1291264,8154D65A8351A347,docked_bike,2021-04-08 18:10:30,2021-04-08 18:24:52,Hicks St & Montague St,4645,Carlton Ave & Dean St,4199,40.695128,-73.99595,40.6809741,-73.9710097,member
1291275,1CFDCA40B891A093,docked_bike,2021-04-03 14:54:21,2021-04-03 15:10:02,Myrtle Ave & Marcy Ave,4707,Carlton Ave & Dean St,4199,40.695398,-73.949549,40.6809741,-73.9710097,casual
1291292,2FCD92A916A9BA24,docked_bike,2021-04-24 02:02:32,2021-04-24 02:20:41,Knickerbocker Ave & Hancock St,4663,Carlton Ave & Dean St,4199,40.69385,-73.90974,40.6809741,-73.9710097,member
1291312,6D13DC0709B5F52B,docked_bike,2021-04-12 18:19:27,2021-04-12 19:03:35,46 Ave & 5 St,6286,Carlton Ave & Dean St,4199,40.74731,-73.95451,40.6809741,-73.9710097,member
1291324,41C640A1D7D38F4D,docked_bike,2021-04-21 18:09:58,2021-04-21 18:13:40,Bergen St & Flatbush Ave,4281,Carlton Ave & Dean St,4199,40.680944,-73.975673,40.6809741,-73.9710097,member
1291341,9B29D61249728DB5,docked_bike,2021-04-25 17:20:46,2021-04-25 17:24:45,Bergen St & Flatbush Ave,4281,Carlton Ave & Dean St,4199,40.680944,-73.975673,40.6809741,-73.9710097,member
1291346,6BD67EA10FBFBDB9,docked_bike,2021-04-06 22:24:24,2021-04-06 22:32:00,Bergen St & Flatbush Ave,4281,Carlton Ave & Dean St,4199,40.680944,-73.975673,40.6809741,-73.9710097,member
1291347,C3EFB774BD686035,docked_bike,2021-04-14 15:39:45,2021-04-14 15:48:22,Douglass St & 3 Ave,4217,Carlton Ave & Dean St,4199,40.680213,-73.984326,40.6809741,-73.9710097,member
1291370,223F929F933C0253,docked_bike,2021-04-01 18:24:13,2021-04-01 18:27:57,Prospect Pl & 6 Ave,4166,Carlton Ave & Dean St,4199,40.67933,-73.975195,40.6809741,-73.9710097,member
1291418,06A80C83C1D6F068,docked_bike,2021-04-30 23:42:20,2021-04-30 23:45:49,Baltic St & 5 Ave,4208,Carlton Ave & Dean St,4199,40.679576,-73.978549,40.6809741,-73.9710097,member
1291419,FCC73A6DDB026611,docked_bike,2021-04-13 17:13:18,2021-04-13 17:17:37,Prospect Pl & 6 Ave,4166,Carlton Ave & Dean St,4199,40.67933,-73.975195,40.6809741,-73.9710097,member
1291438,35ADC0307A35E87D,docked_bike,2021-04-10 02:23:47,2021-04-10 02:53:24,MacDougal St & Prince St,5687,Carlton Ave & Dean St,4199,40.727102,-74.00297,40.6809741,-73.9710097,casual
1291447,B8D3E103703CE3AE,docked_bike,2021-04-08 17:25:04,2021-04-08 17:45:07,30 St & 4 Ave,3564,Carlton Ave & Dean St,4199,40.657743,-74.001141,40.6809741,-73.9710097,casual
1291448,5F110D1B68377AA9,docked_bike,2021-04-24 16:37:12,2021-04-24 16:57:50,Atlantic Ave & Furman St,4614,Carlton Ave & Dean St,4199,40.691651,-73.999978,40.6809741,-73.9710097,member
1291450,6C48E7E84BB00FE9,docked_bike,2021-04-10 12:49:17,2021-04-10 13:06:02,Atlantic Ave & Furman St,4614,Carlton Ave & Dean St,4199,40.691651,-73.999978,40.6809741,-73.9710097,casual
1291454,FBC84C0F0764071F,docked_bike,2021-04-18 22:45:40,2021-04-18 23:54:08,Pioneer St & Van Brunt St,4169,Carlton Ave & Dean St,4199,40.679043,-74.011169,40.6809741,-73.9710097,casual
1291464,51A00A127ED3DFB2,docked_bike,2021-04-08 17:06:23,2021-04-08 17:11:10,Baltic St & 5 Ave,4208,Carlton Ave & Dean St,4199,40.679576,-73.978549,40.6809741,-73.9710097,member
1291473,7D592DAA232EE437,docked_bike,2021-04-23 16:00:56,2021-04-23 16:15:03,Atlantic Ave & Furman St,4614,Carlton Ave & Dean St,4199,40.691651,-73.999978,40.6809741,-73.9710097,casual
1291476,035FE6DC5EEED75B,docked_bike,2021-04-06 17:02:20,2021-04-06 17:17:00,10 St & 2 Ave,3922,Carlton Ave & Dean St,4199,40.671907,-73.993612,40.6809741,-73.9710097,member
1291477,74494D418E3BBA68,docked_bike,2021-04-05 09:11:39,2021-04-05 09:22:49,Lexington Ave & Classon Ave,4452,Carlton Ave & Dean St,4199,40.686767,-73.959281,40.6809741,-73.9710097,member
1291478,71D857082BC7FA41,docked_bike,2021-04-12 08:00:45,2021-04-12 08:10:37,Lexington Ave & Classon Ave,4452,Carlton Ave & Dean St,4199,40.686767,-73.959281,40.6809741,-73.9710097,member
1291479,FCB2A63E0B4BCC1D,docked_bike,2021-04-15 07:25:49,2021-04-15 07:33:40,Lexington Ave & Classon Ave,4452,Carlton Ave & Dean St,4199,40.686767,-73.959281,40.6809741,-73.9710097,member
1291480,5FBDEA78FCD4FE3E,docked_bike,2021-04-16 07:37:48,2021-04-16 07:45:24,Lexington Ave & Classon Ave,4452,Carlton Ave & Dean St,4199,40.686767,-73.959281,40.6809741,-73.9710097,member
1291488,8C5C1A626EA8ADA6,docked_bike,2021-04-10 20:56:17,2021-04-10 21:13:47,Prospect Park SW & Greenwood Ave,3385,Carlton Ave & Dean St,4199,40.652563,-73.972573,40.6809741,-73.9710097,member
1291493,D393B1AFEBF30EEE,docked_bike,2021-04-14 07:39:07,2021-04-14 07:46:43,Lexington Ave & Classon Ave,4452,Carlton Ave & Dean St,4199,40.686767,-73.959281,40.6809741,-73.9710097,member
1291503,CA5C74336455E360,docked_bike,2021-04-02 07:49:22,2021-04-02 07:57:24,Lexington Ave & Classon Ave,4452,Carlton Ave & Dean St,4199,40.686767,-73.959281,40.6809741,-73.9710097,member
1291510,F9F2A457704CDA4A,docked_bike,2021-04-26 20:34:17,2021-04-26 20:43:41,Atlantic Ave & Furman St,4614,Carlton Ave & Dean St,4199,40.691651,-73.999978,40.6809741,-73.9710097,member
1291514,34A4E3FE420A0AED,docked_bike,2021-04-09 07:58:02,2021-04-09 08:06:45,Lexington Ave & Classon Ave,4452,Carlton Ave & Dean St,4199,40.686767,-73.959281,40.6809741,-73.9710097,member
1291534,F8E7C14DCCDF610A,docked_bike,2021-04-13 07:16:43,2021-04-13 07:23:25,Lexington Ave & Classon Ave,4452,Carlton Ave & Dean St,4199,40.686767,-73.959281,40.6809741,-73.9710097,member
1291537,7DF7E956F8B14E82,docked_bike,2021-04-14 18:32:23,2021-04-14 18:54:54,Prospect Park SW & Greenwood Ave,3385,Carlton Ave & Dean St,4199,40.652563,-73.972573,40.6809741,-73.9710097,casual
1291538,A95AF490EBFEE74A,docked_bike,2021-04-06 21:45:08,2021-04-06 21:54:19,Atlantic Ave & Furman St,4614,Carlton Ave & Dean St,4199,40.691651,-73.999978,40.6809741,-73.9710097,member
1291546,D656338EB8523E8C,docked_bike,2021-04-05 18:41:12,2021-04-05 19:01:05,Atlantic Ave & Furman St,4614,Carlton Ave & Dean St,4199,40.691651,-73.999978,40.6809741,-73.9710097,casual
1291547,FE3D5F87A95FDE5F,docked_bike,2021-04-24 16:37:07,2021-04-24 16:58:09,Atlantic Ave & Furman St,4614,Carlton Ave & Dean St,4199,40.691651,-73.999978,40.6809741,-73.9710097,casual
1291579,17C4BB63A3128A81,docked_bike,2021-04-19 14:31:31,2021-04-19 14:43:22,Atlantic Ave & Furman St,4614,Carlton Ave & Dean St,4199,40.691651,-73.999978,40.6809741,-73.9710097,member
1291580,E0CEB98843A1BDEE,docked_bike,2021-04-30 12:20:41,2021-04-30 12:30:53,Atlantic Ave & Furman St,4614,Carlton Ave & Dean St,4199,40.691651,-73.999978,40.6809741,-73.9710097,member
1291582,F32B966BB0C93C30,docked_bike,2021-04-06 07:30:21,2021-04-06 07:37:18,Lexington Ave & Classon Ave,4452,Carlton Ave & Dean St,4199,40.686767,-73.959281,40.6809741,-73.9710097,member
1291584,464A4939CFD0A738,docked_bike,2021-04-05 15:20:13,2021-04-05 15:30:18,Atlantic Ave & Furman St,4614,Carlton Ave & Dean St,4199,40.691651,-73.999978,40.6809741,-73.9710097,member
1291592,595BF78227F26154,docked_bike,2021-04-24 21:32:23,2021-04-24 21:43:27,4 Ave & 9 St,3955,Carlton Ave & Dean St,4199,40.670513,-73.988765,40.6809741,-73.9710097,member
1291624,95F83C6A120BB696,docked_bike,2021-04-28 08:54:24,2021-04-28 09:05:12,4 Ave & 9 St,3955,Carlton Ave & Dean St,4199,40.670513,-73.988765,40.6809741,-73.9710097,member
1291640,9D7A2559FFBDEA21,docked_bike,2021-04-08 09:25:01,2021-04-08 09:34:58,4 Ave & 9 St,3955,Carlton Ave & Dean St,4199,40.670513,-73.988765,40.6809741,-73.9710097,member
1291641,C9F64335905AD854,docked_bike,2021-04-30 09:18:56,2021-04-30 09:28:59,4 Ave & 9 St,3955,Carlton Ave & Dean St,4199,40.670513,-73.988765,40.6809741,-73.9710097,member
1291667,618AFC00384EC0F5,docked_bike,2021-04-03 10:51:10,2021-04-03 11:11:20,Hope St & Union Ave,5187,Carlton Ave & Dean St,4199,40.711673,-73.951413,40.6809741,-73.9710097,member
1291704,CC9B10AE7B893B8E,docked_bike,2021-04-15 16:22:13,2021-04-15 17:01:25,Central Ave & Himrod St,4713,Carlton Ave & Dean St,4199,40.69676,-73.92302,40.6809741,-73.9710097,casual
1291708,6F7A4893A5C67868,docked_bike,2021-04-30 07:00:49,2021-04-30 07:04:18,Berkeley Pl & 7 Ave,4051,Carlton Ave & Dean St,4199,40.675146,-73.975232,40.6809741,-73.9710097,member
1291728,51C3A6CEF6A8D52A,docked_bike,2021-04-24 16:47:13,2021-04-24 17:04:45,Atlantic Ave & Furman St,4614,Carlton Ave & Dean St,4199,40.691652,-73.999979,40.680974,-73.97101,casual
1291732,44868AEEC40BFC7B,docked_bike,2021-04-08 08:01:18,2021-04-08 08:09:54,Lexington Ave & Classon Ave,4452,Carlton Ave & Dean St,4199,40.686767,-73.959281,40.6809741,-73.9710097,member
1291752,0605112E7DB18B2E,docked_bike,2021-04-13 11:28:07,2021-04-13 11:40:02,Halsey St & Tompkins Ave,4319,Carlton Ave & Dean St,4199,40.682368,-73.944118,40.6809741,-73.9710097,member
1291762,267AA6D09E240F56,docked_bike,2021-04-03 14:37:10,2021-04-03 14:40:53,Berkeley Pl & 7 Ave,4051,Carlton Ave & Dean St,4199,40.675146,-73.975232,40.6809741,-73.9710097,casual
1291765,28F832A154B8E8D4,docked_bike,2021-04-06 14:08:54,2021-04-06 14:14:11,Berkeley Pl & 7 Ave,4051,Carlton Ave & Dean St,4199,40.675146,-73.975232,40.6809741,-73.9710097,member
1291766,6C2DA045EABBB8AC,docked_bike,2021-04-26 14:03:07,2021-04-26 14:09:37,Berkeley Pl & 7 Ave,4051,Carlton Ave & Dean St,4199,40.675146,-73.975232,40.6809741,-73.9710097,member
1291768,81289E206A3A3FCB,docked_bike,2021-04-04 11:50:54,2021-04-04 11:59:59,Bergen St & Smith St,4446,Carlton Ave & Dean St,4199,40.686744,-73.990631,40.6809741,-73.9710097,casual
1291773,0F6D2CC6A1DAAE62,docked_bike,2021-04-05 10:16:45,2021-04-05 10:29:44,Bergen St & Smith St,4446,Carlton Ave & Dean St,4199,40.686744,-73.990631,40.6809741,-73.9710097,member
1291775,B6095A8725F21C5B,docked_bike,2021-04-15 15:30:20,2021-04-15 15:38:15,Clinton Ave & Myrtle Ave,4651,Carlton Ave & Dean St,4199,40.693261,-73.968896,40.6809741,-73.9710097,member
1291776,CEC9E43896B88754,docked_bike,2021-04-09 09:47:49,2021-04-09 09:59:31,Bergen St & Smith St,4446,Carlton Ave & Dean St,4199,40.686744,-73.990631,40.6809741,-73.9710097,member
1291785,4D61321DE993D76B,docked_bike,2021-04-05 19:04:44,2021-04-05 19:14:34,Bergen St & Smith St,4446,Carlton Ave & Dean St,4199,40.686744,-73.990631,40.6809741,-73.9710097,member
1291797,6A0FD110A6965048,docked_bike,2021-04-27 14:01:08,2021-04-27 14:06:07,Berkeley Pl & 7 Ave,4051,Carlton Ave & Dean St,4199,40.675146,-73.975232,40.6809741,-73.9710097,member
1291818,99A9A8836F0A4F49,docked_bike,2021-04-29 22:04:14,2021-04-29 22:20:32,Congress St & Clinton St,4455,Carlton Ave & Dean St,4199,40.688152,-73.995209,40.6809741,-73.9710097,casual
1291829,A0705C06B035561F,docked_bike,2021-04-06 13:35:49,2021-04-06 13:45:07,Congress St & Clinton St,4455,Carlton Ave & Dean St,4199,40.688153,-73.995209,40.680974,-73.97101,member
1291831,83FD46DEF7741FF0,docked_bike,2021-04-28 17:01:20,2021-04-28 17:42:24,West St & Chambers St,5329,Carlton Ave & Dean St,4199,40.717548,-74.01322,40.6809741,-73.9710097,member
1291841,4EE9A20992F316AC,docked_bike,2021-04-24 14:48:54,2021-04-24 15:03:43,Congress St & Clinton St,4455,Carlton Ave & Dean St,4199,40.688152,-73.995209,40.6809741,-73.9710097,member
1291885,FC458E1139DE32C6,docked_bike,2021-04-24 22:25:42,2021-04-24 22:33:11,3 St & 7 Ave,3905,Carlton Ave & Dean St,4199,40.670383,-73.978396,40.6809741,-73.9710097,casual
1291911,35718980CFBE4D7B,docked_bike,2021-04-07 18:19:47,2021-04-07 19:29:42,Bergen St & Flatbush Ave,4281,Carlton Ave & Dean St,4199,40.680944,-73.975673,40.6809741,-73.9710097,member
1291914,9D71916990C43515,docked_bike,2021-04-28 19:58:23,2021-04-28 20:29:32,Cleveland Pl & Spring St,5492,Carlton Ave & Dean St,4199,40.722103,-73.997249,40.6809741,-73.9710097,member
1291958,D93564F4CD397131,docked_bike,2021-04-19 15:11:10,2021-04-19 15:27:43,Congress St & Clinton St,4455,Carlton Ave & Dean St,4199,40.688153,-73.995209,40.680974,-73.97101,member
1291964,2BA69737836EF1C7,docked_bike,2021-04-22 11:03:05,2021-04-22 11:05:49,Bergen St & Flatbush Ave,4281,Carlton Ave & Dean St,4199,40.680944,-73.975673,40.6809741,-73.9710097,member
1291989,34C0846E97912FE9,docked_bike,2021-04-24 22:26:15,2021-04-24 22:33:11,3 St & 7 Ave,3905,Carlton Ave & Dean St,4199,40.670383,-73.978396,40.6809741,-73.9710097,casual
1291992,C47CA886018A8411,docked_bike,2021-04-18 12:12:21,2021-04-18 12:27:01,Kosciuszko St & Tompkins Ave,4553,Carlton Ave & Dean St,4199,40.691282,-73.945241,40.6809741,-73.9710097,member
1291993,654874B46E1F422C,docked_bike,2021-04-12 11:56:11,2021-04-12 12:13:59,Kosciuszko St & Tompkins Ave,4553,Carlton Ave & Dean St,4199,40.691282,-73.945241,40.6809741,-73.9710097,casual
1292003,45EA11CA249DA36B,docked_bike,2021-04-26 15:09:09,2021-04-26 15:22:50,Congress St & Clinton St,4455,Carlton Ave & Dean St,4199,40.688152,-73.995209,40.6809741,-73.9710097,casual
1292007,A77ADBBB9302D451,docked_bike,2021-04-23 22:22:18,2021-04-23 22:30:00,Douglass St & 3 Ave,4217,Carlton Ave & Dean St,4199,40.680213,-73.984326,40.6809741,-73.9710097,member
1292013,54BF1E018B696930,docked_bike,2021-04-10 15:26:46,2021-04-10 16:38:01,Bergen St & Flatbush Ave,4281,Carlton Ave & Dean St,4199,40.680944,-73.975673,40.6809741,-73.9710097,casual
1292023,9ECDAEEBCA70E582,docked_bike,2021-04-21 12:28:45,2021-04-21 12:40:33,Prospect Park West & 8 St,3722,Carlton Ave & Dean St,4199,40.665146,-73.976376,40.6809741,-73.9710097,member
1292047,117A7F9CE29EC67D,docked_bike,2021-04-15 16:51:48,2021-04-15 17:05:11,Jay St & Tech Pl,4710,Carlton Ave & Dean St,4199,40.695065,-73.987167,40.6809741,-73.9710097,casual
1292050,B6DF8CBD5B4FF101,docked_bike,2021-04-25 16:46:20,2021-04-25 17:08:58,Caton Ave & Argyle Rd,3303,Carlton Ave & Dean St,4199,40.649681,-73.967829,40.6809741,-73.9710097,member
1292065,571DC3BACE533875,docked_bike,2021-04-29 16:40:07,2021-04-29 16:46:10,St Marks Pl & 4 Ave,4249,Carlton Ave & Dean St,4199,40.681778,-73.979889,40.6809741,-73.9710097,member
1292066,A404F76276373137,docked_bike,2021-04-17 08:47:14,2021-04-17 09:19:31,Fulton St & William St,5137,Carlton Ave & Dean St,4199,40.709559,-74.006536,40.6809741,-73.9710097,casual
1292071,47C800CACCACB1BE,docked_bike,2021-04-10 09:34:41,2021-04-10 09:41:30,Bergen St & Flatbush Ave,4281,Carlton Ave & Dean St,4199,40.680944,-73.975673,40.6809741,-73.9710097,member
1292079,533976FC69D209B7,docked_bike,2021-04-17 20:55:59,2021-04-17 20:59:01,Bergen St & Flatbush Ave,4281,Carlton Ave & Dean St,4199,40.680944,-73.975673,40.6809741,-73.9710097,member
1292095,C461CC05E3EA10A9,docked_bike,2021-04-27 18:29:03,2021-04-27 18:44:30,Jay St & Tech Pl,4710,Carlton Ave & Dean St,4199,40.695065,-73.987167,40.6809741,-73.9710097,member
1292105,2678F6D32C3F383B,docked_bike,2021-04-18 17:07:10,2021-04-18 17:33:46,Ocean Pkwy & Church Ave,3125,Carlton Ave & Dean St,4199,40.645282,-73.974169,40.6809741,-73.9710097,member
1292114,8D797B440E01A4A0,docked_bike,2021-04-25 16:46:33,2021-04-25 17:09:01,Caton Ave & Argyle Rd,3303,Carlton Ave & Dean St,4199,40.649681,-73.967829,40.6809741,-73.9710097,member
1292125,C1A8B8FC42FED8BB,docked_bike,2021-04-23 22:22:38,2021-04-23 22:29:55,Douglass St & 3 Ave,4217,Carlton Ave & Dean St,4199,40.680213,-73.984326,40.6809741,-73.9710097,member
1292137,3DA12AC3FDC99986,docked_bike,2021-04-27 18:21:44,2021-04-27 19:12:43,Bergen St & Flatbush Ave,4281,Carlton Ave & Dean St,4199,40.680944,-73.975673,40.6809741,-73.9710097,member
1292148,BEFAA1A0989BC92A,docked_bike,2021-04-18 10:11:18,2021-04-18 11:03:08,Centre St & Chambers St,5207,Carlton Ave & Dean St,4199,40.712732,-74.004607,40.6809741,-73.9710097,casual
1292170,20915EA3B1EF0991,docked_bike,2021-04-03 17:53:45,2021-04-03 17:57:47,Plaza St West & Flatbush Ave,4010,Carlton Ave & Dean St,4199,40.67502,-73.971114,40.6809741,-73.9710097,member
1292187,87A9D2FB07C23AD1,docked_bike,2021-04-23 22:21:59,2021-04-23 22:30:08,Douglass St & 3 Ave,4217,Carlton Ave & Dean St,4199,40.680213,-73.984326,40.6809741,-73.9710097,casual
1292195,B20A86F4CA8FD25B,docked_bike,2021-04-04 15:12:34,2021-04-04 15:49:10,Plaza St West & Flatbush Ave,4010,Carlton Ave & Dean St,4199,40.67502,-73.971114,40.6809741,-73.9710097,member
1292210,B33A0EA492DE3716,docked_bike,2021-04-05 18:24:41,2021-04-05 18:48:43,Franklin St & W Broadway,5430,Carlton Ave & Dean St,4199,40.719115,-74.006666,40.6809741,-73.9710097,member
1292218,3260BB306B5E7FEA,docked_bike,2021-04-24 13:59:48,2021-04-24 14:44:09,Caton Ave & Argyle Rd,3303,Carlton Ave & Dean St,4199,40.649681,-73.967829,40.6809741,-73.9710097,casual
1292228,9871A08672ABAACB,docked_bike,2021-04-20 15:03:52,2021-04-20 15:41:31,Jay St & Tech Pl,4710,Carlton Ave & Dean St,4199,40.695065,-73.987167,40.6809741,-73.9710097,member
1292232,C14E9ED05A6890F2,docked_bike,2021-04-20 15:03:04,2021-04-20 15:41:53,Jay St & Tech Pl,4710,Carlton Ave & Dean St,4199,40.695065,-73.987167,40.6809741,-73.9710097,member
1292234,2EEC901695F5925E,docked_bike,2021-04-18 17:07:00,2021-04-18 17:33:52,Ocean Pkwy & Church Ave,3125,Carlton Ave & Dean St,4199,40.645282,-73.974169,40.6809741,-73.9710097,member
1292239,02F59003B7BC010F,docked_bike,2021-04-06 16:06:03,2021-04-06 16:29:31,India St & West St,5794,Carlton Ave & Dean St,4199,40.731814,-73.95995,40.6809741,-73.9710097,member
1292269,50B8355ADD45AF77,docked_bike,2021-04-24 21:55:57,2021-04-24 22:05:25,3 Ave & Schermerhorn St,4437,Carlton Ave & Dean St,4199,40.686832,-73.979677,40.6809741,-73.9710097,member
1292284,0ECD4B76BC614CC4,docked_bike,2021-04-27 10:48:53,2021-04-27 10:55:02,3 Ave & Schermerhorn St,4437,Carlton Ave & Dean St,4199,40.686832,-73.979677,40.6809741,-73.9710097,member
1292287,45612322B6FC7CB7,docked_bike,2021-04-10 19:17:29,2021-04-10 19:24:52,Union St & 4 Ave,4175,Carlton Ave & Dean St,4199,40.677274,-73.98282,40.6809741,-73.9710097,member
1292347,DB2D51D76BC7FE62,docked_bike,2021-04-24 10:42:17,2021-04-24 11:13:31,E 11 St & 2 Ave,5746,Carlton Ave & Dean St,4199,40.730473,-73.986723,40.6809741,-73.9710097,casual
1292391,498CD758F9D9AF65,docked_bike,2021-04-24 08:38:52,2021-04-24 08:49:15,Monroe St & Bedford Ave,4368,Carlton Ave & Dean St,4199,40.685144,-73.953809,40.6809741,-73.9710097,member
1292394,2EA16A8FC4ED70E6,docked_bike,2021-04-26 22:24:31,2021-04-26 22:33:13,Monroe St & Bedford Ave,4368,Carlton Ave & Dean St,4199,40.685144,-73.953809,40.6809741,-73.9710097,member
1292403,9420E2156C22B54F,docked_bike,2021-04-08 15:55:25,2021-04-08 18:00:34,2 Ave & E 29 St,6122,Carlton Ave & Dean St,4199,40.741723,-73.978092,40.6809741,-73.9710097,casual
1292442,F36CEAA6C3C79C90,docked_bike,2021-04-04 09:07:51,2021-04-04 09:14:32,Carroll St & 6 Ave,4019,Carlton Ave & Dean St,4199,40.674088,-73.978728,40.6809741,-73.9710097,member
1292463,5A3B94C6F2B32724,docked_bike,2021-04-18 17:02:14,2021-04-18 18:26:16,2 Ave & E 29 St,6122,Carlton Ave & Dean St,4199,40.741723,-73.978092,40.6809741,-73.9710097,casual
1292529,6FA9C4EFA548B17B,docked_bike,2021-04-14 10:20:12,2021-04-14 10:42:04,Nostrand Ave & Myrtle Ave,4707,Carlton Ave & Dean St,4199,40.69527,-73.952381,40.6809741,-73.9710097,casual
1292530,1648AF4E4C9C743F,docked_bike,2021-04-29 17:07:11,2021-04-29 17:36:08,Milton St & Franklin St,5752,Carlton Ave & Dean St,4199,40.72906,-73.95779,40.6809741,-73.9710097,member
1292555,94D8B2F3BEE27405,docked_bike,2021-04-27 16:13:12,2021-04-27 16:20:50,6 Ave & 9 St,3803,Carlton Ave & Dean St,4199,40.668127,-73.983776,40.6809741,-73.9710097,casual
1292562,52AA816563B9C54B,docked_bike,2021-04-26 09:06:37,2021-04-26 09:36:33,2 Ave & E 29 St,6122,Carlton Ave & Dean St,4199,40.741723,-73.978092,40.6809741,-73.9710097,member
1292576,ACA4D1A08663C8AD,docked_bike,2021-04-19 11:34:41,2021-04-19 12:08:12,West St & Chambers St,5329,Carlton Ave & Dean St,4199,40.717548,-74.01322,40.6809741,-73.9710097,member
1292577,8BAD3F121454C0EB,docked_bike,2021-04-15 07:49:00,2021-04-15 07:55:42,Carroll St & 6 Ave,4019,Carlton Ave & Dean St,4199,40.674088,-73.978728,40.6809741,-73.9710097,member
1292601,BB1330B91C81F246,docked_bike,2021-04-10 07:58:29,2021-04-10 08:16:54,46 St & 7 Ave,3117,Carlton Ave & Dean St,4199,40.644743,-74.003754,40.6809741,-73.9710097,member
1292605,C548E6BB5AE320A4,docked_bike,2021-04-23 15:35:37,2021-04-23 15:48:39,Monroe St & Tompkins Ave,4434,Carlton Ave & Dean St,4199,40.686203,-73.944694,40.6809741,-73.9710097,member
1292606,003083CFED1EB8A0,docked_bike,2021-04-29 15:53:02,2021-04-29 16:06:58,Monroe St & Tompkins Ave,4434,Carlton Ave & Dean St,4199,40.686203,-73.944694,40.6809741,-73.9710097,member
1292613,47952CA1AF268123,docked_bike,2021-04-08 17:27:53,2021-04-08 17:48:21,3 St & Prospect Park West,3865,Carlton Ave & Dean St,4199,40.668132,-73.973638,40.6809741,-73.9710097,member
1292641,FD14CFFA1B2254A5,docked_bike,2021-04-09 12:47:57,2021-04-09 12:58:39,Monroe St & Tompkins Ave,4434,Carlton Ave & Dean St,4199,40.686203,-73.944694,40.6809741,-73.9710097,member
1292680,8A0009D3A00737CB,docked_bike,2021-04-16 14:42:30,2021-04-16 14:49:00,Adelphi St & Myrtle Ave,4620,Carlton Ave & Dean St,4199,40.693082,-73.971789,40.6809741,-73.9710097,member
1292782,C3FE71EBAEF25FEF,docked_bike,2021-04-17 08:47:16,2021-04-17 09:19:34,Fulton St & William St,5137,Carlton Ave & Dean St,4199,40.709559,-74.006536,40.6809741,-73.9710097,casual
1292818,ABB532A1F73B0E9E,docked_bike,2021-04-15 16:48:44,2021-04-15 17:04:51,Jay St & Tech Pl,4710,Carlton Ave & Dean St,4199,40.695065,-73.987167,40.6809741,-73.9710097,casual
1292906,49EACB3EE04E91A0,docked_bike,2021-04-27 15:57:18,2021-04-27 16:22:49,Washington Pl & 6 Ave,5838,Carlton Ave & Dean St,4199,40.732241,-74.000263,40.6809741,-73.9710097,casual
1292921,DBEF7F1CD79B0F44,docked_bike,2021-04-22 19:12:58,2021-04-22 19:24:07,7 St & 3 Ave,3996,Carlton Ave & Dean St,4199,40.672602,-73.98983,40.6809741,-73.9710097,member
1292922,D829BBC71DBBA872,docked_bike,2021-04-26 18:49:18,2021-04-26 19:01:29,7 St & 3 Ave,3996,Carlton Ave & Dean St,4199,40.672602,-73.98983,40.6809741,-73.9710097,member
1292932,FC936B911852852D,docked_bike,2021-04-10 08:52:37,2021-04-10 09:00:38,Eastern Pkwy & Franklin Ave,3919,Carlton Ave & Dean St,4199,40.670776,-73.95768,40.6809741,-73.9710097,casual
1292937,DE71D528680D650E,docked_bike,2021-04-17 11:48:21,2021-04-17 11:56:28,Eastern Pkwy & Franklin Ave,3919,Carlton Ave & Dean St,4199,40.670776,-73.95768,40.6809741,-73.9710097,member
1292938,083A44A0721A8418,docked_bike,2021-04-19 18:16:17,2021-04-19 18:32:20,Jay St & York St,4895,Carlton Ave & Dean St,4199,40.701403,-73.986726,40.6809741,-73.9710097,member
1292939,1E6CA5EC0B8E17A1,docked_bike,2021-04-09 18:47:50,2021-04-09 19:06:44,Jay St & York St,4895,Carlton Ave & Dean St,4199,40.701403,-73.986726,40.6809741,-73.9710097,member
1292940,41D5652D74FAEFF5,docked_bike,2021-04-20 18:14:35,2021-04-20 18:30:48,Jay St & York St,4895,Carlton Ave & Dean St,4199,40.701403,-73.986726,40.6809741,-73.9710097,member
1292951,041281CD502F2A69,docked_bike,2021-04-28 18:51:25,2021-04-28 19:03:57,7 St & 3 Ave,3996,Carlton Ave & Dean St,4199,40.672602,-73.98983,40.6809741,-73.9710097,member
1292973,DF99B0537C8A1DE4,docked_bike,2021-04-08 18:33:40,2021-04-08 18:45:18,7 St & 3 Ave,3996,Carlton Ave & Dean St,4199,40.672602,-73.98983,40.6809741,-73.9710097,member
1292987,0AF51DE5D83CE11A,docked_bike,2021-04-08 13:24:56,2021-04-08 13:39:01,7 St & 3 Ave,3996,Carlton Ave & Dean St,4199,40.672602,-73.98983,40.6809741,-73.9710097,member
1292989,D436C51F06FCCFBC,docked_bike,2021-04-20 19:36:42,2021-04-20 19:50:05,7 St & 3 Ave,3996,Carlton Ave & Dean St,4199,40.672602,-73.98983,40.6809741,-73.9710097,member
1292992,97F8AEAC0E1E5D01,docked_bike,2021-04-13 18:11:40,2021-04-13 18:47:23,Pier 40 - Hudson River Park,5696,Carlton Ave & Dean St,4199,40.727714,-74.011295,40.6809741,-73.9710097,member
1292996,FDDC604849C5994F,docked_bike,2021-04-09 10:07:17,2021-04-09 10:17:33,7 St & 3 Ave,3996,Carlton Ave & Dean St,4199,40.672602,-73.98983,40.6809741,-73.9710097,member
1293001,AC0AD4366CB9AD98,docked_bike,2021-04-29 18:52:11,2021-04-29 19:03:13,7 St & 3 Ave,3996,Carlton Ave & Dean St,4199,40.672602,-73.98983,40.6809741,-73.9710097,member
1293015,3FE01223B731B6B7,docked_bike,2021-04-19 18:32:07,2021-04-19 18:43:37,7 St & 3 Ave,3996,Carlton Ave & Dean St,4199,40.672602,-73.98983,40.6809741,-73.9710097,member
1293016,6F2A8BA1B3F2FEB0,docked_bike,2021-04-24 08:50:01,2021-04-24 08:59:36,7 St & 3 Ave,3996,Carlton Ave & Dean St,4199,40.672602,-73.98983,40.6809741,-73.9710097,member
1293017,2FC6A2A835B206EE,docked_bike,2021-04-05 17:52:17,2021-04-05 18:37:34,E 53 St & Madison Ave,6659,Carlton Ave & Dean St,4199,40.75971,-73.974023,40.6809741,-73.9710097,member
1293020,2F640D0A23E03E2D,docked_bike,2021-04-10 12:56:33,2021-04-10 13:37:45,42 Pl & Northern Blvd,6520,Carlton Ave & Dean St,4199,40.753091,-73.920603,40.6809741,-73.9710097,member
1293022,B1F2F4991289E52B,docked_bike,2021-04-29 18:48:44,2021-04-29 18:59:51,7 St & 3 Ave,3996,Carlton Ave & Dean St,4199,40.672602,-73.98983,40.6809741,-73.9710097,member
1293031,5EC75797AC052E67,docked_bike,2021-04-05 18:31:33,2021-04-05 18:43:01,7 St & 3 Ave,3996,Carlton Ave & Dean St,4199,40.672602,-73.98983,40.6809741,-73.9710097,member
1293033,B283426C72B525F1,docked_bike,2021-04-15 18:50:17,2021-04-15 19:00:34,7 St & 3 Ave,3996,Carlton Ave & Dean St,4199,40.672602,-73.98983,40.6809741,-73.9710097,member
1293034,EAAD1D938AED1A86,docked_bike,2021-04-12 18:58:15,2021-04-12 19:09:58,7 St & 3 Ave,3996,Carlton Ave & Dean St,4199,40.672602,-73.98983,40.6809741,-73.9710097,member
1293035,96A513FC86F8E92F,docked_bike,2021-04-06 18:27:35,2021-04-06 18:39:35,7 St & 3 Ave,3996,Carlton Ave & Dean St,4199,40.672602,-73.98983,40.6809741,-73.9710097,member
1293036,F38E6D523106FAC3,docked_bike,2021-04-27 19:10:48,2021-04-27 19:23:34,7 St & 3 Ave,3996,Carlton Ave & Dean St,4199,40.672602,-73.98983,40.6809741,-73.9710097,member
1293037,BC7FA9C8DC4AC485,docked_bike,2021-04-13 19:02:14,2021-04-13 19:13:55,7 St & 3 Ave,3996,Carlton Ave & Dean St,4199,40.672602,-73.98983,40.6809741,-73.9710097,member
1293038,F5B8D6642CBB23D1,docked_bike,2021-04-07 18:37:46,2021-04-07 18:49:24,7 St & 3 Ave,3996,Carlton Ave & Dean St,4199,40.672602,-73.98983,40.6809741,-73.9710097,member
1293039,A1550A73A7C3AEDC,docked_bike,2021-04-14 18:37:42,2021-04-14 18:48:18,7 St & 3 Ave,3996,Carlton Ave & Dean St,4199,40.672602,-73.98983,40.6809741,-73.9710097,member
1293083,9A8C76600AB57D39,docked_bike,2021-04-01 22:37:21,2021-04-01 23:12:01,E 10 St & Avenue A,5659,Carlton Ave & Dean St,4199,40.727408,-73.98142,40.680974,-73.97101,casual
1293086,3D190F96A1AB4411,docked_bike,2021-04-29 14:55:33,2021-04-29 15:07:09,Dock 72 Way & Market St,4804,Carlton Ave & Dean St,4199,40.69985,-73.97141,40.6809741,-73.9710097,casual
1293100,8FE92B50C8C79C55,docked_bike,2021-04-21 14:55:07,2021-04-21 15:06:23,Dock 72 Way & Market St,4804,Carlton Ave & Dean St,4199,40.69985,-73.97141,40.6809741,-73.9710097,casual
1293114,9CBE87F51F19A7AA,docked_bike,2021-04-23 18:53:40,2021-04-23 19:06:02,7 St & 3 Ave,3996,Carlton Ave & Dean St,4199,40.672602,-73.98983,40.6809741,-73.9710097,member
1293117,727D58BB767821B4,docked_bike,2021-04-25 10:10:29,2021-04-25 10:22:07,Carroll St & 5 Ave,4060,Carlton Ave & Dean St,4199,40.675162,-73.981483,40.6809741,-73.9710097,member
1293165,60987519B2AF96AC,docked_bike,2021-04-30 17:47:33,2021-04-30 18:02:43,Flushing Ave & Vanderbilt Ave,4762,Carlton Ave & Dean St,4199,40.69795,-73.970775,40.6809741,-73.9710097,casual
1293175,33CF4DAFCCF92E54,docked_bike,2021-04-22 18:36:28,2021-04-22 19:07:23,Rivington St & Ridge St,5406,Carlton Ave & Dean St,4199,40.718502,-73.983298,40.6809741,-73.9710097,member
1293176,F2DC05E4F0F347B7,docked_bike,2021-04-19 18:30:22,2021-04-19 19:03:21,Rivington St & Ridge St,5406,Carlton Ave & Dean St,4199,40.718502,-73.983298,40.6809741,-73.9710097,member
1293177,8BEE31C5BD58FD02,docked_bike,2021-04-17 11:48:39,2021-04-17 12:09:48,Scholes St & Manhattan Ave,5108,Carlton Ave & Dean St,4199,40.708703,-73.944862,40.6809741,-73.9710097,member
1293188,2E096BA1AD6DFCDF,docked_bike,2021-04-18 17:07:41,2021-04-18 18:26:13,2 Ave & E 31 St,6197,Carlton Ave & Dean St,4199,40.742909,-73.97706,40.6809741,-73.9710097,casual
1293192,9E45EA2C9D447D7E,docked_bike,2021-04-18 11:30:17,2021-04-18 11:46:45,Scholes St & Manhattan Ave,5108,Carlton Ave & Dean St,4199,40.708703,-73.944862,40.6809741,-73.9710097,member
1293206,FDFFF44ED413F173,docked_bike,2021-04-23 17:57:27,2021-04-23 18:13:15,Flushing Ave & Vanderbilt Ave,4762,Carlton Ave & Dean St,4199,40.69795,-73.970775,40.6809741,-73.9710097,casual
1293208,F3FB166B4E1F3D47,docked_bike,2021-04-18 17:07:24,2021-04-18 18:26:29,2 Ave & E 31 St,6197,Carlton Ave & Dean St,4199,40.742909,-73.97706,40.6809741,-73.9710097,casual
1293267,AB6C9D2E9031873E,docked_bike,2021-04-09 13:28:03,2021-04-09 13:54:08,Scholes St & Manhattan Ave,5108,Carlton Ave & Dean St,4199,40.708703,-73.944862,40.6809741,-73.9710097,casual
1293285,C3C1D56536293656,docked_bike,2021-04-27 18:34:08,2021-04-27 19:05:37,Rivington St & Ridge St,5406,Carlton Ave & Dean St,4199,40.718502,-73.983298,40.6809741,-73.9710097,member
1293290,BF5728E62D8A2921,docked_bike,2021-04-09 13:27:52,2021-04-09 13:53:49,Scholes St & Manhattan Ave,5108,Carlton Ave & Dean St,4199,40.708703,-73.944862,40.6809741,-73.9710097,member
1293334,B0080AD7B34ACFBC,docked_bike,2021-04-30 11:53:51,2021-04-30 12:22:55,Barclay St & Church St,5216,Carlton Ave & Dean St,4199,40.712912,-74.010202,40.6809741,-73.9710097,member
1293380,F11B41AD67F580E5,docked_bike,2021-04-07 14:58:12,2021-04-07 15:14:47,Prospect Park W & 20 St,3507,Carlton Ave & Dean St,4199,40.656633,-73.983864,40.6809741,-73.9710097,member
1293386,3FD2DF4714D874B7,docked_bike,2021-04-11 08:39:19,2021-04-11 09:02:44,Union Ave & Jackson St,5300,Carlton Ave & Dean St,4199,40.716075,-73.952029,40.6809741,-73.9710097,member
1293399,0F6DA24CE7EE6BB3,docked_bike,2021-04-30 14:28:06,2021-04-30 14:47:55,Van Brunt St & Wolcott St,4095,Carlton Ave & Dean St,4199,40.677342,-74.01275,40.6809741,-73.9710097,member
1293407,72F5FF95473A811A,docked_bike,2021-04-09 23:42:10,2021-04-09 23:48:03,St Johns Pl & Washington Ave,4001,Carlton Ave & Dean St,4199,40.673723,-73.963161,40.6809741,-73.9710097,member
1293417,0DD11888B76EC08B,docked_bike,2021-04-20 08:13:14,2021-04-20 08:18:28,St Johns Pl & Washington Ave,4001,Carlton Ave & Dean St,4199,40.673723,-73.963161,40.6809741,-73.9710097,member
1293421,ED5FE46980E64D33,docked_bike,2021-04-06 23:25:51,2021-04-06 23:32:38,St Johns Pl & Washington Ave,4001,Carlton Ave & Dean St,4199,40.673723,-73.963161,40.6809741,-73.9710097,casual
1293425,49E977F1FFE716CC,docked_bike,2021-04-24 14:25:39,2021-04-24 14:32:03,St Johns Pl & Washington Ave,4001,Carlton Ave & Dean St,4199,40.673723,-73.963161,40.6809741,-73.9710097,member
1293439,42D7206105AA0E6E,docked_bike,2021-04-30 13:53:46,2021-04-30 14:01:41,St Johns Pl & Washington Ave,4001,Carlton Ave & Dean St,4199,40.673723,-73.963161,40.6809741,-73.9710097,member
1293443,5FE02368A0B2A768,docked_bike,2021-04-29 16:17:23,2021-04-29 16:46:56,E 25 St & 1 Ave,6004,Carlton Ave & Dean St,4199,40.738176,-73.977386,40.6809741,-73.9710097,member
1293445,7D571D32467F4D7F,docked_bike,2021-04-16 14:29:47,2021-04-16 14:52:18,Van Brunt St & Wolcott St,4095,Carlton Ave & Dean St,4199,40.677342,-74.01275,40.6809741,-73.9710097,member
1293453,D0905140AA1118B1,docked_bike,2021-04-06 11:44:39,2021-04-06 12:02:58,Park Ave & Marcus Garvey Blvd,4768,Carlton Ave & Dean St,4199,40.698617,-73.941342,40.6809741,-73.9710097,member
1293468,AE04BAA3EEE1A3A0,docked_bike,2021-04-22 16:26:39,2021-04-22 17:14:49,Verona Pl & Fulton St,4124,Carlton Ave & Dean St,4199,40.680356,-73.947679,40.6809741,-73.9710097,member
1293476,496C0303C4BDD8E4,docked_bike,2021-04-28 18:55:32,2021-04-28 19:06:27,Cambridge Pl & Gates Ave,4377,Carlton Ave & Dean St,4199,40.68488,-73.96304,40.6809741,-73.9710097,member
1293483,0DB96B7A97CA7CEA,docked_bike,2021-04-03 17:57:18,2021-04-03 18:13:20,Front St & Washington St,4936,Carlton Ave & Dean St,4199,40.70255,-73.989402,40.6809741,-73.9710097,member
1293486,E337E1C09927F648,docked_bike,2021-04-01 14:30:52,2021-04-01 14:38:59,7 St & 5 Ave,3914,Carlton Ave & Dean St,4199,40.670492,-73.985416,40.6809741,-73.9710097,member
1293489,EBF169596CE5E776,docked_bike,2021-04-06 16:39:02,2021-04-06 16:56:02,Forsyth St\t& Grand St,5382,Carlton Ave & Dean St,4199,40.717798,-73.993161,40.6809741,-73.9710097,member
1293505,CEDFDEB3FD61E2B6,docked_bike,2021-04-26 19:47:23,2021-04-26 20:00:14,Fulton St & Irving Pl,4263,Carlton Ave & Dean St,4199,40.68186,-73.959432,40.6809741,-73.9710097,casual
1293510,5B7149ED856EEE7E,docked_bike,2021-04-02 08:57:02,2021-04-02 09:02:40,Fulton St & Irving Pl,4263,Carlton Ave & Dean St,4199,40.68186,-73.959432,40.6809741,-73.9710097,member
1293520,74A235F7E7DCB808,docked_bike,2021-04-14 09:42:47,2021-04-14 09:49:05,7 St & 5 Ave,3914,Carlton Ave & Dean St,4199,40.670492,-73.985416,40.6809741,-73.9710097,member
1293525,C6F7084DE5A00EC0,docked_bike,2021-04-10 10:42:24,2021-04-10 10:50:50,7 St & 5 Ave,3914,Carlton Ave & Dean St,4199,40.670492,-73.985416,40.6809741,-73.9710097,member
1293531,F7987E5AD513DE87,docked_bike,2021-04-25 17:38:57,2021-04-25 17:49:38,7 St & 5 Ave,3914,Carlton Ave & Dean St,4199,40.670492,-73.985417,40.680974,-73.97101,member
1293544,A6B04F5224718834,docked_bike,2021-04-16 12:15:58,2021-04-16 12:25:18,7 St & 5 Ave,3914,Carlton Ave & Dean St,4199,40.670492,-73.985416,40.6809741,-73.9710097,member
1293558,E5F3AFFD1E566423,docked_bike,2021-04-16 16:11:16,2021-04-16 16:22:23,7 St & 5 Ave,3914,Carlton Ave & Dean St,4199,40.670492,-73.985416,40.6809741,-73.9710097,member
1293559,E9805251221A8F32,docked_bike,2021-04-03 17:57:18,2021-04-03 18:13:15,Front St & Washington St,4936,Carlton Ave & Dean St,4199,40.70255,-73.989402,40.6809741,-73.9710097,member
1293563,11B3F42E478ED176,docked_bike,2021-04-18 13:14:12,2021-04-18 13:32:05,Front St & Washington St,4936,Carlton Ave & Dean St,4199,40.70255,-73.989402,40.6809741,-73.9710097,member
1293566,82C4E5F488D834EC,docked_bike,2021-04-30 11:49:22,2021-04-30 12:01:23,7 St & 5 Ave,3914,Carlton Ave & Dean St,4199,40.670492,-73.985416,40.6809741,-73.9710097,member
1293569,2B0D39652F456925,docked_bike,2021-04-30 11:29:51,2021-04-30 11:39:58,7 St & 5 Ave,3914,Carlton Ave & Dean St,4199,40.670492,-73.985416,40.6809741,-73.9710097,member
1293570,1B7C3CD1853E2987,docked_bike,2021-04-02 10:49:02,2021-04-02 10:59:47,7 St & 5 Ave,3914,Carlton Ave & Dean St,4199,40.670492,-73.985416,40.6809741,-73.9710097,member
1293603,2D79CF01E89C771A,docked_bike,2021-04-19 17:05:43,2021-04-19 17:10:17,Atlantic Ave & Fort Greene Pl,4354,Carlton Ave & Dean St,4199,40.683826,-73.976323,40.6809741,-73.9710097,member
1293606,973A005E0C53A4D6,docked_bike,2021-04-09 18:49:48,2021-04-09 18:54:40,Atlantic Ave & Fort Greene Pl,4354,Carlton Ave & Dean St,4199,40.683826,-73.976323,40.6809741,-73.9710097,member
1293618,95EC27B9D1C70EF5,docked_bike,2021-04-02 17:44:22,2021-04-02 17:48:10,Atlantic Ave & Fort Greene Pl,4354,Carlton Ave & Dean St,4199,40.683826,-73.976323,40.6809741,-73.9710097,member
1293619,A25E6D7B9FB66203,docked_bike,2021-04-13 22:13:32,2021-04-13 22:18:48,Atlantic Ave & Fort Greene Pl,4354,Carlton Ave & Dean St,4199,40.683826,-73.976323,40.6809741,-73.9710097,member
1293620,6F8DABDDC7D38001,docked_bike,2021-04-30 23:04:51,2021-04-30 23:11:46,Atlantic Ave & Fort Greene Pl,4354,Carlton Ave & Dean St,4199,40.683826,-73.976323,40.6809741,-73.9710097,member
1293621,19882F795DEE4241,docked_bike,2021-04-19 18:51:44,2021-04-19 18:58:12,Atlantic Ave & Fort Greene Pl,4354,Carlton Ave & Dean St,4199,40.683826,-73.976323,40.6809741,-73.9710097,member
1293628,B119B3EE118FC2E6,docked_bike,2021-04-28 10:32:20,2021-04-28 10:34:53,Atlantic Ave & Fort Greene Pl,4354,Carlton Ave & Dean St,4199,40.683826,-73.976323,40.6809741,-73.9710097,member
1293629,62442FE80882BA4A,docked_bike,2021-04-14 22:09:00,2021-04-14 22:13:02,Atlantic Ave & Fort Greene Pl,4354,Carlton Ave & Dean St,4199,40.683826,-73.976323,40.6809741,-73.9710097,member
1293630,0B11F128D62F0040,docked_bike,2021-04-30 18:06:10,2021-04-30 18:53:09,Riverside Dr & W 78 St,7340,Carlton Ave & Dean St,4199,40.784144,-73.983624,40.6809741,-73.9710097,member
1293645,BABAA3ECA461427B,docked_bike,2021-04-14 09:33:25,2021-04-14 10:05:45,Plaza St West & Flatbush Ave,4010,Carlton Ave & Dean St,4199,40.67502,-73.971114,40.6809741,-73.9710097,casual
1293648,DF0EB161C333E77F,docked_bike,2021-04-25 15:09:44,2021-04-25 15:13:44,Plaza St West & Flatbush Ave,4010,Carlton Ave & Dean St,4199,40.67502,-73.971114,40.6809741,-73.9710097,member
1293660,A890EFFCF14902CD,docked_bike,2021-04-24 20:52:33,2021-04-24 20:58:59,Atlantic Ave & Fort Greene Pl,4354,Carlton Ave & Dean St,4199,40.683826,-73.976323,40.6809741,-73.9710097,member
1293674,4DD9353E8B2BAD66,docked_bike,2021-04-17 20:33:01,2021-04-17 20:47:53,Jay St & Tech Pl,4710,Carlton Ave & Dean St,4199,40.695065,-73.987167,40.6809741,-73.9710097,casual
1293675,CB98D90BA663C2A4,docked_bike,2021-04-08 12:04:31,2021-04-08 12:15:47,Jay St & Tech Pl,4710,Carlton Ave & Dean St,4199,40.695065,-73.987167,40.6809741,-73.9710097,member
1293713,B04343B547AACAD5,docked_bike,2021-04-28 08:06:37,2021-04-28 08:18:36,10 St & 7 Ave,3762,Carlton Ave & Dean St,4199,40.666207,-73.981998,40.6809741,-73.9710097,member
1293718,BDFE722B300F8088,docked_bike,2021-04-24 18:11:29,2021-04-24 18:46:25,1 Ave & E 6 St,5626,Carlton Ave & Dean St,4199,40.72633,-73.986168,40.6809741,-73.9710097,member
1293769,6199C84253801EF7,docked_bike,2021-04-20 18:10:19,2021-04-20 18:15:16,Atlantic Ave & Fort Greene Pl,4354,Carlton Ave & Dean St,4199,40.683826,-73.976323,40.6809741,-73.9710097,member
1293869,30478C654C284654,docked_bike,2021-04-12 10:45:18,2021-04-12 11:10:29,Front St & Washington St,4936,Carlton Ave & Dean St,4199,40.70255,-73.989402,40.6809741,-73.9710097,member
1293878,45EC901653D0CFF1,docked_bike,2021-04-19 09:22:06,2021-04-19 09:38:36,Front St & Washington St,4936,Carlton Ave & Dean St,4199,40.70255,-73.989402,40.6809741,-73.9710097,member
1293881,C4E201297241BBF8,docked_bike,2021-04-18 13:13:32,2021-04-18 13:32:03,Front St & Washington St,4936,Carlton Ave & Dean St,4199,40.702551,-73.989402,40.680974,-73.97101,member
1293964,FC1D55096BD5A85A,docked_bike,2021-04-26 23:34:22,2021-04-26 23:51:28,S 4 St & Wythe Ave,5204,Carlton Ave & Dean St,4199,40.712858,-73.965902,40.6809741,-73.9710097,casual
1293974,94D5726D2EF6E962,docked_bike,2021-04-18 10:03:32,2021-04-18 10:13:03,7 St & 5 Ave,3914,Carlton Ave & Dean St,4199,40.670492,-73.985416,40.6809741,-73.9710097,member
1293990,9F17D1A7A77BCF3B,docked_bike,2021-04-26 21:12:02,2021-04-26 21:37:07,S 4 St & Wythe Ave,5204,Carlton Ave & Dean St,4199,40.712858,-73.965902,40.6809741,-73.9710097,member
1293994,64F2E9E3672EFE9C,docked_bike,2021-04-28 19:22:46,2021-04-28 19:37:46,Columbia Heights & Cranberry St,4829,Carlton Ave & Dean St,4199,40.700378,-73.99548,40.6809741,-73.9710097,casual
1293999,3EED0AF5BD34A96D,docked_bike,2021-04-19 22:40:04,2021-04-19 23:04:53,S 4 St & Wythe Ave,5204,Carlton Ave & Dean St,4199,40.712858,-73.965902,40.6809741,-73.9710097,member
1294002,953726CE06733B82,docked_bike,2021-04-29 19:34:48,2021-04-29 19:59:49,S 4 St & Wythe Ave,5204,Carlton Ave & Dean St,4199,40.712858,-73.965902,40.6809741,-73.9710097,casual
1294012,06E65335ACBBB554,docked_bike,2021-04-10 20:53:38,2021-04-10 21:38:41,8 Ave & W 16 St,6072,Carlton Ave & Dean St,4199,40.740983,-74.001702,40.6809741,-73.9710097,member
1294016,0D05357742948C82,docked_bike,2021-04-30 09:52:50,2021-04-30 10:05:18,Sands St Gate,4812,Carlton Ave & Dean St,4199,40.699569,-73.979827,40.6809741,-73.9710097,casual
1294017,55536F2E864301CF,docked_bike,2021-04-25 16:33:27,2021-04-25 16:57:44,S 4 St & Wythe Ave,5204,Carlton Ave & Dean St,4199,40.712858,-73.965902,40.6809741,-73.9710097,member
1294019,DB8E2E0522157205,docked_bike,2021-04-23 12:35:23,2021-04-23 14:54:07,S 4 St & Wythe Ave,5204,Carlton Ave & Dean St,4199,40.712858,-73.965902,40.6809741,-73.9710097,member
1294022,A220B90152455B6B,docked_bike,2021-04-10 15:59:02,2021-04-10 17:03:28,S 4 St & Wythe Ave,5204,Carlton Ave & Dean St,4199,40.712858,-73.965902,40.6809741,-73.9710097,casual
1294027,79D4B7115B92ACF0,docked_bike,2021-04-29 14:35:51,2021-04-29 14:50:25,Columbia St & Degraw St,4422,Carlton Ave & Dean St,4199,40.685929,-74.002423,40.6809741,-73.9710097,member
1294040,E10E92F853F114FC,docked_bike,2021-04-26 22:53:01,2021-04-26 23:13:36,S 4 St & Wythe Ave,5204,Carlton Ave & Dean St,4199,40.712858,-73.965902,40.6809741,-73.9710097,member
1294050,A2DA2C4495D95625,docked_bike,2021-04-09 22:22:52,2021-04-09 22:38:16,Jay St & Tech Pl,4710,Carlton Ave & Dean St,4199,40.695065,-73.987167,40.6809741,-73.9710097,member
1294082,966344DC9BF44E40,docked_bike,2021-04-04 15:38:17,2021-04-04 16:10:31,Fulton St & Pearl St,5024,Carlton Ave & Dean St,4199,40.707721,-74.004386,40.6809741,-73.9710097,member
1294121,053E7FD6FFE1A8F6,docked_bike,2021-04-23 16:12:03,2021-04-23 17:05:15,E 58 St & 3 Ave,6762,Carlton Ave & Dean St,4199,40.760957,-73.967244,40.6809741,-73.9710097,member
1294127,5042A4E76D4C43FD,docked_bike,2021-04-28 17:00:48,2021-04-28 17:42:18,West St & Chambers St,5329,Carlton Ave & Dean St,4199,40.717548,-74.01322,40.6809741,-73.9710097,member
1294145,F89A23E702D73625,docked_bike,2021-04-13 22:38:48,2021-04-13 22:44:34,Dean St & Franklin Ave,4107,Carlton Ave & Dean St,4199,40.677592,-73.955637,40.6809741,-73.9710097,member
1294154,D2C598EDF2D4925E,docked_bike,2021-04-18 15:00:24,2021-04-18 15:29:59,N 11 St & Kent Ave,5489,Carlton Ave & Dean St,4199,40.722481,-73.959219,40.6809741,-73.9710097,casual
1294155,0CE59FE38A6F2BD2,docked_bike,2021-04-18 02:52:47,2021-04-18 02:59:49,Dean St & Franklin Ave,4107,Carlton Ave & Dean St,4199,40.677592,-73.955637,40.6809741,-73.9710097,member
1294156,EDAC0043829CD4C2,docked_bike,2021-04-20 00:45:33,2021-04-20 00:50:10,Dean St & Franklin Ave,4107,Carlton Ave & Dean St,4199,40.677592,-73.955637,40.6809741,-73.9710097,member
1294178,897AAB72EFC945DD,docked_bike,2021-04-24 17:22:41,2021-04-24 17:30:57,Berkeley Pl & 6 Ave,4134,Carlton Ave & Dean St,4199,40.67653,-73.978468,40.6809741,-73.9710097,casual
1294192,0B44139D9DFF9C52,docked_bike,2021-04-16 14:57:51,2021-04-16 15:21:52,Willoughby Ave & Myrtle Ave,4759,Carlton Ave & Dean St,4199,40.69757,-73.93098,40.6809741,-73.9710097,casual
1294220,D296725CBE3BAEA3,docked_bike,2021-04-15 23:13:03,2021-04-15 23:17:56,Dean St & Franklin Ave,4107,Carlton Ave & Dean St,4199,40.677592,-73.955637,40.6809741,-73.9710097,member
1294222,2AA52E77B3AB9C67,docked_bike,2021-04-26 08:52:38,2021-04-26 08:57:57,Dean St & Franklin Ave,4107,Carlton Ave & Dean St,4199,40.677592,-73.955637,40.6809741,-73.9710097,member
1294277,D46ABC0C2F22EC43,docked_bike,2021-04-17 13:15:52,2021-04-17 13:18:30,Prospect Pl & 6 Ave,4166,Carlton Ave & Dean St,4199,40.67933,-73.975195,40.6809741,-73.9710097,member
1294281,9D11EFE00CC59E85,docked_bike,2021-04-27 18:55:53,2021-04-27 18:59:49,Baltic St & 5 Ave,4208,Carlton Ave & Dean St,4199,40.679576,-73.978549,40.6809741,-73.9710097,member
1294300,137EA6F5D6D62FED,docked_bike,2021-04-30 17:51:12,2021-04-30 18:20:34,Sands St Gate,4812,Carlton Ave & Dean St,4199,40.699569,-73.979827,40.6809741,-73.9710097,member
1294303,F394FCB14DDA33B0,docked_bike,2021-04-12 14:36:03,2021-04-12 15:05:39,49 Ave & 21 St,6128,Carlton Ave & Dean St,4199,40.74252,-73.948852,40.6809741,-73.9710097,member
1294313,D1177D6D807B0DC0,docked_bike,2021-04-22 16:23:39,2021-04-22 16:27:13,S Portland Ave & Hanson Pl,4354,Carlton Ave & Dean St,4199,40.685395,-73.974314,40.6809741,-73.9710097,member
1294326,71B75709B18BCC4C,docked_bike,2021-04-26 22:05:24,2021-04-26 22:11:36,Bedford Ave & Bergen St,4066,Carlton Ave & Dean St,4199,40.676368,-73.952918,40.6809741,-73.9710097,member
1294335,6B75825E436CBC28,docked_bike,2021-04-10 18:30:18,2021-04-10 18:34:43,S Portland Ave & Hanson Pl,4354,Carlton Ave & Dean St,4199,40.685395,-73.974314,40.6809741,-73.9710097,member
1294337,1A3B1E770B277A89,docked_bike,2021-04-06 21:41:12,2021-04-06 22:05:34,Somers St & Broadway,4203,Carlton Ave & Dean St,4199,40.67945,-73.90474,40.6809741,-73.9710097,member
1294378,E39048628C14C471,docked_bike,2021-04-29 06:09:47,2021-04-29 06:30:39,Madison St & Forest Ave,5025,Carlton Ave & Dean St,4199,40.70555,-73.90245,40.6809741,-73.9710097,member
1294399,54B66DF7F882676E,docked_bike,2021-04-07 18:18:27,2021-04-07 18:39:13,12 St & 4 Ave,3882,Carlton Ave & Dean St,4199,40.668603,-73.990439,40.6809741,-73.9710097,casual
1294430,573E0409F8F7CBD3,docked_bike,2021-04-10 23:29:41,2021-04-10 23:48:42,Tompkins Ave & Hopkins St,4850,Carlton Ave & Dean St,4199,40.699576,-73.947084,40.6809741,-73.9710097,casual
1294442,72D8D629064C04BA,docked_bike,2021-04-28 15:59:45,2021-04-28 16:06:14,Clermont Ave & Lafayette Ave,4461,Carlton Ave & Dean St,4199,40.687644,-73.969689,40.6809741,-73.9710097,casual
1294450,D3F719DDCAEC5EE4,docked_bike,2021-04-08 09:04:33,2021-04-08 09:10:36,Park Pl & Franklin Ave,4033,Carlton Ave & Dean St,4199,40.67418,-73.956494,40.6809741,-73.9710097,member
1294456,C98A78918D0B9950,docked_bike,2021-04-26 13:18:26,2021-04-26 13:36:45,Montrose Ave & Bushwick Ave,5068,Carlton Ave & Dean St,4199,40.707677,-73.940161,40.6809741,-73.9710097,member
1294458,1D866E9831686885,docked_bike,2021-04-24 12:48:46,2021-04-24 13:06:35,Fulton St & Adams St,4637,Carlton Ave & Dean St,4199,40.692418,-73.989494,40.6809741,-73.9710097,member
1294461,681EA19B1C37ADA5,docked_bike,2021-04-22 17:06:18,2021-04-22 17:17:46,DeKalb Ave & Franklin Ave,4528,Carlton Ave & Dean St,4199,40.690648,-73.957461,40.6809741,-73.9710097,member
1294468,8E74668C89475045,docked_bike,2021-04-28 18:05:20,2021-04-28 18:57:14,Franklin St & Dupont St,5944,Carlton Ave & Dean St,4199,40.73564,-73.95866,40.6809741,-73.9710097,member
1294524,9E6728A8A1C15154,docked_bike,2021-04-03 17:28:16,2021-04-03 18:04:56,Forsyth St & Broome St,5453,Carlton Ave & Dean St,4199,40.718939,-73.992663,40.680974,-73.97101,member
1294528,8B984D3FDB47965F,docked_bike,2021-04-30 20:43:46,2021-04-30 20:49:49,Douglass St & 4 Ave,4175,Carlton Ave & Dean St,4199,40.679278,-73.98154,40.6809741,-73.9710097,member
1294530,76BC9E7BBAB78A30,docked_bike,2021-04-23 18:02:07,2021-04-23 18:08:13,Douglass St & 4 Ave,4175,Carlton Ave & Dean St,4199,40.679278,-73.98154,40.6809741,-73.9710097,member
1294533,EFB7AA3D72541A14,docked_bike,2021-04-13 12:45:44,2021-04-13 12:59:51,Lewis Ave & Madison St,4425,Carlton Ave & Dean St,4199,40.686312,-73.935775,40.6809741,-73.9710097,member
1294566,7593DA1844CCB99E,docked_bike,2021-04-23 12:48:49,2021-04-23 13:04:31,Lewis Ave & Madison St,4425,Carlton Ave & Dean St,4199,40.686312,-73.935775,40.6809741,-73.9710097,member
1294587,1130853D0EB4A91F,docked_bike,2021-04-22 14:50:32,2021-04-22 14:56:37,Douglass St & 4 Ave,4175,Carlton Ave & Dean St,4199,40.679278,-73.98154,40.6809741,-73.9710097,member
1294670,A8B3507856819A46,docked_bike,2021-04-22 08:09:21,2021-04-22 08:32:12,Lewis Ave & Madison St,4425,Carlton Ave & Dean St,4199,40.686312,-73.935775,40.6809741,-73.9710097,member
1294720,FC7A4E36768CCE11,docked_bike,2021-04-30 14:23:15,2021-04-30 14:32:40,6 Ave & 12 St,3803,Carlton Ave & Dean St,4199,40.666318,-73.985461,40.6809741,-73.9710097,member
1294721,E01D40BCA4AB1ACA,docked_bike,2021-04-12 19:05:16,2021-04-12 19:14:08,6 Ave & 12 St,3803,Carlton Ave & Dean St,4199,40.666318,-73.985461,40.6809741,-73.9710097,member
1294729,BF2308B79ED4DE6F,docked_bike,2021-04-17 09:42:47,2021-04-17 09:49:33,Clermont Ave & Park Ave,4692,Carlton Ave & Dean St,4199,40.695733,-73.971296,40.6809741,-73.9710097,member
1294754,F1081EEAD80CED41,docked_bike,2021-04-23 20:30:01,2021-04-23 20:42:53,Warren St & Smith St,4371,Carlton Ave & Dean St,4199,40.685424,-73.991277,40.6809741,-73.9710097,casual
1294756,645F6939D5D89B6B,docked_bike,2021-04-30 18:29:00,2021-04-30 18:38:03,1 St & 6 Ave,3946,Carlton Ave & Dean St,4199,40.672784,-73.979826,40.6809741,-73.9710097,member
1294758,F22A05C67454BA96,docked_bike,2021-04-20 19:11:07,2021-04-20 19:18:15,Willoughby St & Fleet St,4628,Carlton Ave & Dean St,4199,40.691965,-73.981301,40.6809741,-73.9710097,member
1294759,59062229FDB5B65A,docked_bike,2021-04-20 12:33:28,2021-04-20 12:47:22,Willoughby St & Fleet St,4628,Carlton Ave & Dean St,4199,40.691965,-73.981301,40.6809741,-73.9710097,member
1294789,4668A80F6A048503,docked_bike,2021-04-17 16:46:07,2021-04-17 17:04:33,24 St & 5 Ave,3555,Carlton Ave & Dean St,4199,40.659555,-73.995068,40.6809741,-73.9710097,member
1294792,23209918F38888EA,docked_bike,2021-04-17 12:52:00,2021-04-17 13:10:05,Garfield Pl & 8 Ave,3978,Carlton Ave & Dean St,4199,40.671197,-73.974841,40.6809741,-73.9710097,member
1294818,48D6C1336ADDAD2E,docked_bike,2021-04-07 12:37:20,2021-04-07 13:32:25,W 27 St & 7 Ave,6247,Carlton Ave & Dean St,4199,40.746647,-73.993915,40.680974,-73.97101,member
1294838,FE936EB633ABDD76,docked_bike,2021-04-14 12:48:38,2021-04-14 13:03:44,Eastern Pkwy & Franklin Ave,3919,Carlton Ave & Dean St,4199,40.670776,-73.95768,40.6809741,-73.9710097,member
1294846,E7D1BB6844EE26FE,docked_bike,2021-04-28 18:11:45,2021-04-28 18:28:30,Jay St & York St,4895,Carlton Ave & Dean St,4199,40.701403,-73.986726,40.6809741,-73.9710097,member
1294859,41D9B760C1131E25,docked_bike,2021-04-21 18:07:17,2021-04-21 18:21:12,Jay St & York St,4895,Carlton Ave & Dean St,4199,40.701403,-73.986726,40.6809741,-73.9710097,member
1294885,4DE417C936E6174B,docked_bike,2021-04-19 16:25:38,2021-04-19 16:53:38,Rivington St & Chrystie St,5453,Carlton Ave & Dean St,4199,40.7211,-73.991925,40.6809741,-73.9710097,member
1294906,683C3D3BEE79B4ED,docked_bike,2021-04-29 16:53:55,2021-04-29 16:57:52,Hanson Pl & Ashland Pl,4395,Carlton Ave & Dean St,4199,40.685068,-73.977907,40.6809741,-73.9710097,member
1294910,E08031671DA3CC79,docked_bike,2021-04-06 17:57:11,2021-04-06 18:02:04,Hanson Pl & Ashland Pl,4395,Carlton Ave & Dean St,4199,40.685068,-73.977907,40.6809741,-73.9710097,member
1294917,F124A7195AEDB971,docked_bike,2021-04-29 18:23:34,2021-04-29 18:28:37,Hanson Pl & Ashland Pl,4395,Carlton Ave & Dean St,4199,40.685068,-73.977907,40.6809741,-73.9710097,member
1294933,D8C037ECA6CAA2E3,docked_bike,2021-04-20 12:43:08,2021-04-20 12:56:28,Jay St & York St,4895,Carlton Ave & Dean St,4199,40.701403,-73.986726,40.6809741,-73.9710097,member
1294934,BB43A6B3B0244C5E,docked_bike,2021-04-14 16:00:08,2021-04-14 16:16:52,Jay St & York St,4895,Carlton Ave & Dean St,4199,40.701403,-73.986726,40.6809741,-73.9710097,member
1294935,C1858BB76E2E32F4,docked_bike,2021-04-27 16:28:07,2021-04-27 16:43:01,Jay St & York St,4895,Carlton Ave & Dean St,4199,40.701403,-73.986726,40.6809741,-73.9710097,member
1294936,636F5DCE3EF3FAB1,docked_bike,2021-04-01 16:39:49,2021-04-01 16:54:32,Jay St & York St,4895,Carlton Ave & Dean St,4199,40.701403,-73.986726,40.6809741,-73.9710097,member
1294940,E4DF5943A6C8E921,docked_bike,2021-04-09 15:56:57,2021-04-09 16:08:36,Jay St & York St,4895,Carlton Ave & Dean St,4199,40.701403,-73.986726,40.6809741,-73.9710097,member
1294950,0EE1F6C9C5B5C235,docked_bike,2021-04-06 18:14:15,2021-04-06 18:30:23,Jay St & York St,4895,Carlton Ave & Dean St,4199,40.701403,-73.986726,40.6809741,-73.9710097,member
1294955,58394BCEBBBF50A7,docked_bike,2021-04-08 14:55:14,2021-04-08 15:14:35,Jay St & York St,4895,Carlton Ave & Dean St,4199,40.701403,-73.986726,40.6809741,-73.9710097,casual
1294956,CAECCAE7B6D30A43,docked_bike,2021-04-27 19:03:17,2021-04-27 19:09:42,Eastern Pkwy & Franklin Ave,3919,Carlton Ave & Dean St,4199,40.670776,-73.95768,40.6809741,-73.9710097,member
1294962,71AD5E1D98BE0984,docked_bike,2021-04-15 16:29:21,2021-04-15 16:42:53,Jay St & York St,4895,Carlton Ave & Dean St,4199,40.701403,-73.986726,40.6809741,-73.9710097,member
1294970,C8B9C1777187E163,docked_bike,2021-04-20 22:22:22,2021-04-20 22:43:07,E 1 St & 1 Ave,5593,Carlton Ave & Dean St,4199,40.723355,-73.988649,40.6809741,-73.9710097,member
1294974,4E53D91B674A46D4,docked_bike,2021-04-12 18:26:19,2021-04-12 18:30:48,Atlantic Ave & Fort Greene Pl,4354,Carlton Ave & Dean St,4199,40.683826,-73.976323,40.6809741,-73.9710097,member
1294979,27565B08F68B2E16,docked_bike,2021-04-07 17:44:37,2021-04-07 17:48:12,Atlantic Ave & Fort Greene Pl,4354,Carlton Ave & Dean St,4199,40.683826,-73.976323,40.6809741,-73.9710097,member
1294984,82A43E000C3D7F72,docked_bike,2021-04-20 18:59:08,2021-04-20 19:32:05,Atlantic Ave & Fort Greene Pl,4354,Carlton Ave & Dean St,4199,40.683826,-73.976323,40.6809741,-73.9710097,member
1294995,D3413355EF51E75D,docked_bike,2021-04-04 13:09:07,2021-04-04 13:14:55,Wyckoff St & Nevins St,4290,Carlton Ave & Dean St,4199,40.683426,-73.984275,40.6809741,-73.9710097,casual
1295007,08C5E3AF3C6491EE,docked_bike,2021-04-18 01:15:36,2021-04-18 01:25:17,Willoughby St & Fleet St,4628,Carlton Ave & Dean St,4199,40.691965,-73.981301,40.6809741,-73.9710097,member
1295008,E9FF9C166BFB39EA,docked_bike,2021-04-12 10:17:41,2021-04-12 10:26:38,Willoughby St & Fleet St,4628,Carlton Ave & Dean St,4199,40.691965,-73.981301,40.6809741,-73.9710097,member
1295015,BC011258B2BF7FD2,docked_bike,2021-04-12 08:33:52,2021-04-12 08:46:55,Willoughby St & Fleet St,4628,Carlton Ave & Dean St,4199,40.691965,-73.981301,40.6809741,-73.9710097,member
1295040,1E00A5AC33306E43,docked_bike,2021-04-05 18:16:36,2021-04-05 18:32:12,Jay St & York St,4895,Carlton Ave & Dean St,4199,40.701403,-73.986726,40.6809741,-73.9710097,member
1295041,9AD4B740BF5FDBD8,docked_bike,2021-04-15 19:06:46,2021-04-15 19:22:24,Jay St & York St,4895,Carlton Ave & Dean St,4199,40.701403,-73.986726,40.6809741,-73.9710097,member
1295042,8C51235CF1E6E092,docked_bike,2021-04-26 18:04:12,2021-04-26 18:20:16,Jay St & York St,4895,Carlton Ave & Dean St,4199,40.701403,-73.986726,40.6809741,-73.9710097,member
1295054,4015473884383D48,docked_bike,2021-04-30 16:07:12,2021-04-30 16:23:55,Jay St & York St,4895,Carlton Ave & Dean St,4199,40.701403,-73.986726,40.6809741,-73.9710097,member
1295055,D6F86AFEE1A2B658,docked_bike,2021-04-05 16:36:46,2021-04-05 16:50:12,Jay St & York St,4895,Carlton Ave & Dean St,4199,40.701403,-73.986726,40.6809741,-73.9710097,member
1295056,E002EE0C602D79D3,docked_bike,2021-04-22 16:30:09,2021-04-22 16:44:50,Jay St & York St,4895,Carlton Ave & Dean St,4199,40.701403,-73.986726,40.6809741,-73.9710097,member
1295057,F6432537EE79A137,docked_bike,2021-04-28 16:26:55,2021-04-28 16:39:51,Jay St & York St,4895,Carlton Ave & Dean St,4199,40.701403,-73.986726,40.6809741,-73.9710097,member
1295058,76BCD385E2F29B1E,docked_bike,2021-04-21 16:02:09,2021-04-21 16:14:59,Jay St & York St,4895,Carlton Ave & Dean St,4199,40.701403,-73.986726,40.6809741,-73.9710097,member
1295062,FF2142BEF227F22A,docked_bike,2021-04-11 00:54:25,2021-04-11 01:18:42,W Broadway & W Houston St,5644,Carlton Ave & Dean St,4199,40.726378,-74.000472,40.6809741,-73.9710097,member
1295095,335B81DD4BCAA630,docked_bike,2021-04-20 22:47:56,2021-04-20 22:51:37,Atlantic Ave & Fort Greene Pl,4354,Carlton Ave & Dean St,4199,40.683826,-73.976323,40.6809741,-73.9710097,member
1295104,271C0A491A16DD2C,docked_bike,2021-04-30 17:04:12,2021-04-30 17:08:59,Atlantic Ave & Fort Greene Pl,4354,Carlton Ave & Dean St,4199,40.683826,-73.976323,40.6809741,-73.9710097,member
1295105,681A874F69C09C8B,docked_bike,2021-04-15 22:46:52,2021-04-15 22:52:27,Atlantic Ave & Fort Greene Pl,4354,Carlton Ave & Dean St,4199,40.683826,-73.976323,40.6809741,-73.9710097,member
1295113,83252AA28BDBA8B6,docked_bike,2021-04-29 15:03:43,2021-04-29 15:08:10,Atlantic Ave & Fort Greene Pl,4354,Carlton Ave & Dean St,4199,40.683826,-73.976323,40.6809741,-73.9710097,member
1295137,E92A957F6149AEE7,docked_bike,2021-04-23 19:19:44,2021-04-23 19:30:14,Jay St & York St,4895,Carlton Ave & Dean St,4199,40.701403,-73.986726,40.6809741,-73.9710097,member
1295138,DA65DD0D4F31D074,docked_bike,2021-04-02 18:57:14,2021-04-02 19:14:29,Jay St & York St,4895,Carlton Ave & Dean St,4199,40.701403,-73.986726,40.6809741,-73.9710097,member
1295139,AE9C3B34F389EAAC,docked_bike,2021-04-27 18:09:11,2021-04-27 18:26:31,Jay St & York St,4895,Carlton Ave & Dean St,4199,40.701403,-73.986726,40.6809741,-73.9710097,member
1295140,FCB45E884D461077,docked_bike,2021-04-12 18:09:56,2021-04-12 18:24:13,Jay St & York St,4895,Carlton Ave & Dean St,4199,40.701403,-73.986726,40.6809741,-73.9710097,member
1295167,52FA5F71031A5772,docked_bike,2021-04-20 16:26:41,2021-04-20 16:49:28,St Marks Pl & 2 Ave,5669,Carlton Ave & Dean St,4199,40.728418,-73.987139,40.6809741,-73.9710097,member
1295177,7D502A8122A09A97,docked_bike,2021-04-08 08:27:26,2021-04-08 08:36:42,6 Ave & 9 St,3803,Carlton Ave & Dean St,4199,40.668127,-73.983776,40.6809741,-73.9710097,casual
1295186,7A1F834A3B894337,docked_bike,2021-04-30 15:27:24,2021-04-30 15:38:17,4 Ave & 3 St,4028,Carlton Ave & Dean St,4199,40.673746,-73.985649,40.6809741,-73.9710097,member
1295195,2DEF5A31E31CA51D,docked_bike,2021-04-20 18:00:12,2021-04-20 18:31:47,St Marks Pl & 2 Ave,5669,Carlton Ave & Dean St,4199,40.728418,-73.987139,40.6809741,-73.9710097,casual
1295199,41A4333003775F3B,docked_bike,2021-04-29 16:37:58,2021-04-29 16:53:39,Jay St & York St,4895,Carlton Ave & Dean St,4199,40.701403,-73.986726,40.6809741,-73.9710097,member
1295200,838F488ACEA1EAB3,docked_bike,2021-04-16 16:20:15,2021-04-16 16:36:31,Jay St & York St,4895,Carlton Ave & Dean St,4199,40.701403,-73.986726,40.6809741,-73.9710097,member
1295234,E5390E9B8C108F29,docked_bike,2021-04-28 18:36:47,2021-04-28 18:49:18,Douglass St & 4 Ave,4175,Carlton Ave & Dean St,4199,40.679278,-73.98154,40.6809741,-73.9710097,member
1295240,4F451513A7A45E85,docked_bike,2021-04-06 12:34:14,2021-04-06 13:01:01,Division Ave & Hooper St,5045,Carlton Ave & Dean St,4199,40.706842,-73.954435,40.6809741,-73.9710097,casual
1295244,97E9DD1AC1FE17B4,docked_bike,2021-04-28 08:10:06,2021-04-28 08:18:34,6 Ave & 9 St,3803,Carlton Ave & Dean St,4199,40.668127,-73.983776,40.6809741,-73.9710097,member
1295265,D784A2C7BC7E465E,docked_bike,2021-04-28 23:27:52,2021-04-28 23:45:00,Pike St & E Broadway,5270,Carlton Ave & Dean St,4199,40.714066,-73.992939,40.6809741,-73.9710097,casual
1295286,E684D9D66F5818B4,docked_bike,2021-04-30 10:57:14,2021-04-30 11:09:37,Carlton Ave & Park Ave,4732,Carlton Ave & Dean St,4199,40.695807,-73.973555,40.6809741,-73.9710097,member
1295306,2D8C7DBA91B9CB62,docked_bike,2021-04-20 16:15:58,2021-04-20 16:48:41,South St & Whitehall St,4846,Carlton Ave & Dean St,4199,40.701221,-74.012342,40.6809741,-73.9710097,member
1295333,F2493053E8957ACF,docked_bike,2021-04-17 19:19:17,2021-04-17 19:31:24,Verona Pl & Fulton St,4124,Carlton Ave & Dean St,4199,40.680356,-73.947679,40.6809741,-73.9710097,member
1295338,135C493796130A14,docked_bike,2021-04-04 17:33:39,2021-04-04 18:01:47,Van Brunt St & Wolcott St,4095,Carlton Ave & Dean St,4199,40.677342,-74.01275,40.6809741,-73.9710097,member
1295343,93B300F43357AC8D,docked_bike,2021-04-23 15:41:18,2021-04-23 15:55:25,3 St & Hoyt St,4110,Carlton Ave & Dean St,4199,40.677728,-73.993641,40.6809741,-73.9710097,casual
1295344,68F20A2492B22291,docked_bike,2021-04-04 17:32:37,2021-04-04 18:01:58,Van Brunt St & Wolcott St,4095,Carlton Ave & Dean St,4199,40.677342,-74.01275,40.6809741,-73.9710097,member
1295358,F98406CCD62FE65E,docked_bike,2021-04-18 19:14:04,2021-04-18 19:25:21,Degraw St & Smith St,4298,Carlton Ave & Dean St,4199,40.682915,-73.993182,40.6809741,-73.9710097,casual
1295361,6D893D5DED7FB4C6,docked_bike,2021-04-29 18:49:29,2021-04-29 19:24:40,Park Pl & Vanderbilt Ave,4083,Carlton Ave & Dean St,4199,40.6767,-73.969024,40.6809741,-73.9710097,member
1295362,79DA636AC431595D,docked_bike,2021-04-22 19:20:32,2021-04-22 19:23:41,Park Pl & Vanderbilt Ave,4083,Carlton Ave & Dean St,4199,40.6767,-73.969024,40.6809741,-73.9710097,member
1295364,3B703741591F5170,docked_bike,2021-04-25 19:07:02,2021-04-25 19:10:32,Park Pl & Vanderbilt Ave,4083,Carlton Ave & Dean St,4199,40.6767,-73.969024,40.6809741,-73.9710097,member
1295368,BD9C4AA095A0A381,docked_bike,2021-04-06 14:27:02,2021-04-06 14:43:50,Stockholm St & Wilson Ave,4824,Carlton Ave & Dean St,4199,40.699304,-73.923044,40.6809741,-73.9710097,member
1295372,8040298E6529A902,docked_bike,2021-04-28 17:33:16,2021-04-28 17:56:15,Park Cir & East Dr,3344,Carlton Ave & Dean St,4199,40.651566,-73.972212,40.6809741,-73.9710097,member
1295391,3388E78C441BBB6D,docked_bike,2021-04-18 08:39:21,2021-04-18 09:02:28,Union Ave & N 12 St,5411,Carlton Ave & Dean St,4199,40.71924,-73.95242,40.6809741,-73.9710097,member
1295395,92C1D3B2B8F0DD28,docked_bike,2021-04-22 16:42:07,2021-04-22 16:53:24,Degraw St & Smith St,4298,Carlton Ave & Dean St,4199,40.682915,-73.993182,40.6809741,-73.9710097,member
1295398,10EB468FFFB73382,docked_bike,2021-04-24 19:11:56,2021-04-24 19:15:03,Park Pl & Vanderbilt Ave,4083,Carlton Ave & Dean St,4199,40.6767,-73.969024,40.6809741,-73.9710097,member
1295399,C8B3081E3D475D69,docked_bike,2021-04-26 11:17:50,2021-04-26 11:28:04,Degraw St & Smith St,4298,Carlton Ave & Dean St,4199,40.682915,-73.993182,40.6809741,-73.9710097,casual
1295400,F7629A403D3A3788,docked_bike,2021-04-14 13:57:01,2021-04-14 13:59:40,Park Pl & Vanderbilt Ave,4083,Carlton Ave & Dean St,4199,40.6767,-73.969024,40.6809741,-73.9710097,member
1295401,41AAEBBF9D6ECEF9,docked_bike,2021-04-22 15:26:34,2021-04-22 15:37:19,Henry St & Atlantic Ave,4531,Carlton Ave & Dean St,4199,40.690892,-73.996123,40.6809741,-73.9710097,member
1295404,B5E8FDA69B95C56B,docked_bike,2021-04-01 10:55:59,2021-04-01 11:05:11,Henry St & Atlantic Ave,4531,Carlton Ave & Dean St,4199,40.690892,-73.996123,40.6809741,-73.9710097,member
1295406,135CF593366666B2,docked_bike,2021-04-29 11:16:17,2021-04-29 11:18:55,Park Pl & Vanderbilt Ave,4083,Carlton Ave & Dean St,4199,40.6767,-73.969024,40.6809741,-73.9710097,member
1295415,FC38A1703E5B60A1,docked_bike,2021-04-20 14:30:19,2021-04-20 14:51:47,Van Brunt St & Wolcott St,4095,Carlton Ave & Dean St,4199,40.677342,-74.01275,40.6809741,-73.9710097,member
1295416,DDB708BE1D8B3CF7,docked_bike,2021-04-08 14:08:48,2021-04-08 14:49:48,E 25 St & 1 Ave,6004,Carlton Ave & Dean St,4199,40.738176,-73.977386,40.6809741,-73.9710097,member
1295419,1CE2E92C51F64B4D,docked_bike,2021-04-26 14:30:04,2021-04-26 14:47:41,Van Brunt St & Wolcott St,4095,Carlton Ave & Dean St,4199,40.677342,-74.01275,40.6809741,-73.9710097,member
1295429,4A39CFE47DD8EA6B,docked_bike,2021-04-29 17:59:29,2021-04-29 18:35:54,S 4 St & Rodney St,5156,Carlton Ave & Dean St,4199,40.70934,-73.95608,40.6809741,-73.9710097,casual
1295431,EE8BBF5DC6F76620,docked_bike,2021-04-04 23:49:27,2021-04-04 23:53:21,Atlantic Ave & Fort Greene Pl,4354,Carlton Ave & Dean St,4199,40.683826,-73.976323,40.6809741,-73.9710097,member
1295433,963DC0D6914C9F25,docked_bike,2021-04-20 19:23:34,2021-04-20 20:22:11,12 Ave & 36 St,3056,Carlton Ave & Dean St,4199,40.643546,-73.986418,40.6809741,-73.9710097,member
1295434,1E0B4AC35F0375D4,docked_bike,2021-04-18 16:06:59,2021-04-18 17:44:36,41 St & 4 Ave,3347,Carlton Ave & Dean St,4199,40.651354,-74.007168,40.6809741,-73.9710097,casual
1295437,C6482F97C5F3F56F,docked_bike,2021-04-11 19:23:12,2021-04-11 19:26:44,Atlantic Ave & Fort Greene Pl,4354,Carlton Ave & Dean St,4199,40.683826,-73.976323,40.6809741,-73.9710097,member
1295484,96F64B16F399F462,docked_bike,2021-04-25 18:36:58,2021-04-25 19:12:08,Washington Pl & Broadway,5755,Carlton Ave & Dean St,4199,40.729039,-73.994046,40.6809741,-73.9710097,member
1295495,CDD3FE75B90C359E,docked_bike,2021-04-18 12:24:10,2021-04-18 12:37:11,Clermont Ave & Park Ave,4692,Carlton Ave & Dean St,4199,40.695733,-73.971296,40.6809741,-73.9710097,member
1295511,55D28EDDE15FC11B,docked_bike,2021-04-06 20:53:08,2021-04-06 20:59:44,Douglass St & 4 Ave,4175,Carlton Ave & Dean St,4199,40.679278,-73.98154,40.6809741,-73.9710097,casual
1295521,3265C5389F711FC9,docked_bike,2021-04-13 22:07:45,2021-04-13 22:17:35,5 St & 6 Ave,3874,Carlton Ave & Dean St,4199,40.670483,-73.982089,40.6809741,-73.9710097,member
1295533,8896C822276CA0E1,docked_bike,2021-04-18 14:53:18,2021-04-18 15:00:55,Eastern Pkwy & Washington Ave,3928,Carlton Ave & Dean St,4199,40.671649,-73.963114,40.6809741,-73.9710097,member
1295542,744B626C31D581F6,docked_bike,2021-04-23 18:51:12,2021-04-23 19:25:13,Lafayette St & E 8 St,5788,Carlton Ave & Dean St,4199,40.730206,-73.991026,40.6809741,-73.9710097,member
1295574,DFE94EB8C8BF666D,docked_bike,2021-04-25 14:18:32,2021-04-25 14:29:39,Halsey St & Tompkins Ave,4319,Carlton Ave & Dean St,4199,40.682368,-73.944118,40.6809741,-73.9710097,member
1295575,AD63A05E18945203,docked_bike,2021-04-17 10:42:28,2021-04-17 10:53:29,Halsey St & Tompkins Ave,4319,Carlton Ave & Dean St,4199,40.682368,-73.944118,40.6809741,-73.9710097,member
1295578,0D0B060CD0510CF0,docked_bike,2021-04-14 19:36:08,2021-04-14 19:44:56,Bedford Ave & Bergen St,4066,Carlton Ave & Dean St,4199,40.676368,-73.952918,40.6809741,-73.9710097,casual
1295583,4D41D0848D95C7B9,docked_bike,2021-04-10 09:18:15,2021-04-10 09:22:54,Wyckoff St & Nevins St,4290,Carlton Ave & Dean St,4199,40.683426,-73.984275,40.6809741,-73.9710097,member
1295607,0108C57DAF97D554,docked_bike,2021-04-02 18:46:39,2021-04-02 18:52:02,Berkeley Pl & 7 Ave,4051,Carlton Ave & Dean St,4199,40.675146,-73.975232,40.6809741,-73.9710097,member
1295609,5C0E4CE826B61BE7,docked_bike,2021-04-12 18:30:58,2021-04-12 18:35:47,Berkeley Pl & 7 Ave,4051,Carlton Ave & Dean St,4199,40.675146,-73.975232,40.6809741,-73.9710097,member
1295614,196023F0B751F59B,docked_bike,2021-04-18 14:24:07,2021-04-18 14:35:59,Fulton St & Adams St,4637,Carlton Ave & Dean St,4199,40.692418,-73.989494,40.6809741,-73.9710097,member
1295628,4F84BC2816F5A683,docked_bike,2021-04-08 20:17:11,2021-04-08 20:29:20,Lafayette Ave & Classon Ave,4452,Carlton Ave & Dean St,4199,40.689004,-73.960238,40.6809741,-73.9710097,member
1295641,89BE5D759936B8A2,docked_bike,2021-04-18 19:38:17,2021-04-18 19:55:44,Jay St & York St,4895,Carlton Ave & Dean St,4199,40.701403,-73.986726,40.6809741,-73.9710097,member
1295642,8AB89C58E4A07C1C,docked_bike,2021-04-29 18:34:02,2021-04-29 18:50:25,Jay St & York St,4895,Carlton Ave & Dean St,4199,40.701403,-73.986726,40.6809741,-73.9710097,member
1295643,743E76DEB7B1CF6B,docked_bike,2021-04-22 18:09:48,2021-04-22 18:26:08,Jay St & York St,4895,Carlton Ave & Dean St,4199,40.701403,-73.986726,40.6809741,-73.9710097,member
1295644,9E22BBD2F87E46EE,docked_bike,2021-04-13 18:09:06,2021-04-13 18:26:38,Jay St & York St,4895,Carlton Ave & Dean St,4199,40.701403,-73.986726,40.6809741,-73.9710097,member
1295645,968A14017A20534D,docked_bike,2021-04-14 18:25:36,2021-04-14 18:42:26,Jay St & York St,4895,Carlton Ave & Dean St,4199,40.701403,-73.986726,40.6809741,-73.9710097,member
1295650,CE841F2439855CDC,docked_bike,2021-04-17 11:07:39,2021-04-17 11:17:35,Fulton St & Adams St,4637,Carlton Ave & Dean St,4199,40.692418,-73.989494,40.6809741,-73.9710097,member
1295652,F7720B3B8877B6D9,docked_bike,2021-04-29 11:24:28,2021-04-29 11:36:21,DeKalb Ave & Franklin Ave,4528,Carlton Ave & Dean St,4199,40.690648,-73.957461,40.6809741,-73.9710097,member
1295654,C795225193E0A474,docked_bike,2021-04-06 14:51:18,2021-04-06 15:03:34,Halsey St & Tompkins Ave,4319,Carlton Ave & Dean St,4199,40.682368,-73.944118,40.6809741,-73.9710097,member
1295655,AD980BABA13CC422,docked_bike,2021-04-28 16:55:20,2021-04-28 17:00:07,Berkeley Pl & 7 Ave,4051,Carlton Ave & Dean St,4199,40.675146,-73.975232,40.6809741,-73.9710097,member
1295656,A5EDA2BB83C16ED9,docked_bike,2021-04-10 09:23:14,2021-04-10 09:26:56,Berkeley Pl & 7 Ave,4051,Carlton Ave & Dean St,4199,40.675146,-73.975232,40.6809741,-73.9710097,member
1295665,D3C6853F76407263,docked_bike,2021-04-17 11:32:15,2021-04-17 11:36:56,Berkeley Pl & 7 Ave,4051,Carlton Ave & Dean St,4199,40.675146,-73.975232,40.6809741,-73.9710097,member
1295670,F1065FA32E39DBF4,docked_bike,2021-04-13 09:42:43,2021-04-13 09:53:30,DeKalb Ave & Franklin Ave,4528,Carlton Ave & Dean St,4199,40.690648,-73.957461,40.6809741,-73.9710097,member
1295671,1C81A9C270D75DD0,docked_bike,2021-04-13 08:46:50,2021-04-13 08:56:44,Fulton St & Adams St,4637,Carlton Ave & Dean St,4199,40.692418,-73.989494,40.6809741,-73.9710097,member
1295679,6041DE850D81CE45,docked_bike,2021-04-26 07:34:03,2021-04-26 07:42:46,Lafayette Ave & Classon Ave,4452,Carlton Ave & Dean St,4199,40.689004,-73.960238,40.6809741,-73.9710097,member
1295680,4E14170F7DBF2704,docked_bike,2021-04-27 07:39:42,2021-04-27 07:49:19,Lafayette Ave & Classon Ave,4452,Carlton Ave & Dean St,4199,40.689004,-73.960238,40.6809741,-73.9710097,member
1295681,A2AC03BC7EE71F1A,docked_bike,2021-04-29 16:46:41,2021-04-29 16:56:31,Lafayette Ave & Classon Ave,4452,Carlton Ave & Dean St,4199,40.689004,-73.960238,40.6809741,-73.9710097,member
1295685,42F0C6DAE503C745,docked_bike,2021-04-15 09:26:21,2021-04-15 09:39:05,DeKalb Ave & Franklin Ave,4528,Carlton Ave & Dean St,4199,40.690648,-73.957461,40.6809741,-73.9710097,member
1295689,92B12318705DED64,docked_bike,2021-04-20 17:03:05,2021-04-20 17:14:24,DeKalb Ave & Franklin Ave,4528,Carlton Ave & Dean St,4199,40.690648,-73.957461,40.6809741,-73.9710097,member
1295695,D008AB51A4254A8A,docked_bike,2021-04-10 13:17:18,2021-04-10 13:56:23,Bleecker St & Crosby St,5679,Carlton Ave & Dean St,4199,40.726156,-73.995102,40.680974,-73.97101,member
1295705,4053E00EA856B387,docked_bike,2021-04-23 21:12:17,2021-04-23 21:59:32,Eastern Pkwy & Franklin Ave,3919,Carlton Ave & Dean St,4199,40.670776,-73.95768,40.6809741,-73.9710097,member
1295707,60256E0A40ED3F33,docked_bike,2021-04-21 08:56:43,2021-04-21 09:04:16,Carroll St & Franklin Ave,3847,Carlton Ave & Dean St,4199,40.667941,-73.9588,40.6809741,-73.9710097,member
1295714,2288E202AEA7FC21,docked_bike,2021-04-24 09:55:02,2021-04-24 10:02:38,Eastern Pkwy & Franklin Ave,3919,Carlton Ave & Dean St,4199,40.670776,-73.95768,40.6809741,-73.9710097,member
1295719,6CE2D0824032D5EB,docked_bike,2021-04-29 11:22:55,2021-04-29 11:36:21,DeKalb Ave & Franklin Ave,4528,Carlton Ave & Dean St,4199,40.690648,-73.957461,40.6809741,-73.9710097,member
1295735,28180558F62FE44D,docked_bike,2021-04-23 18:07:48,2021-04-23 18:22:08,Carroll St & Smith St,4225,Carlton Ave & Dean St,4199,40.680611,-73.994758,40.6809741,-73.9710097,member
1295736,BC02C9E55CB6B81D,docked_bike,2021-04-15 16:17:13,2021-04-15 16:25:54,Macon St & Nostrand Ave,4214,Carlton Ave & Dean St,4199,40.680983,-73.950047,40.6809741,-73.9710097,member
1295742,793A0504CA0C3DD0,docked_bike,2021-04-19 15:25:15,2021-04-19 15:35:20,Macon St & Nostrand Ave,4214,Carlton Ave & Dean St,4199,40.680983,-73.950047,40.6809741,-73.9710097,member
1295749,84FEE10BF4BFAD33,docked_bike,2021-04-14 09:22:29,2021-04-14 09:30:48,Fulton St & Adams St,4637,Carlton Ave & Dean St,4199,40.692418,-73.989494,40.6809741,-73.9710097,member
1295750,FB28FE30DABE7DB5,docked_bike,2021-04-22 14:02:08,2021-04-22 14:12:13,Park Ave & St Edwards St,4700,Carlton Ave & Dean St,4199,40.696089,-73.978034,40.6809741,-73.9710097,casual
1295768,DE2C92C6D031D963,docked_bike,2021-04-29 19:06:18,2021-04-29 19:21:32,Fulton St & Adams St,4637,Carlton Ave & Dean St,4199,40.692418,-73.989494,40.6809741,-73.9710097,member
1295782,D2E55217A2C9529B,docked_bike,2021-04-28 17:56:08,2021-04-28 18:10:18,Carroll St & Smith St,4225,Carlton Ave & Dean St,4199,40.680611,-73.994758,40.6809741,-73.9710097,member
1295789,3AEA490BCA6CE2F1,docked_bike,2021-04-13 09:42:11,2021-04-13 09:53:24,DeKalb Ave & Franklin Ave,4528,Carlton Ave & Dean St,4199,40.690648,-73.957461,40.6809741,-73.9710097,member
1295790,306B8E654FC1DCD0,docked_bike,2021-04-24 10:17:16,2021-04-24 10:54:16,W 17 St & 8 Ave,6148,Carlton Ave & Dean St,4199,40.741776,-74.001497,40.680974,-73.97101,casual
1295796,8EE876F71A5A1E11,docked_bike,2021-04-17 16:32:40,2021-04-17 16:45:06,Carroll St & Smith St,4225,Carlton Ave & Dean St,4199,40.680611,-73.994758,40.6809741,-73.9710097,member
1295797,EB9E9D46CC1D9FA2,docked_bike,2021-04-25 16:38:31,2021-04-25 16:54:14,Carroll St & Smith St,4225,Carlton Ave & Dean St,4199,40.680611,-73.994758,40.6809741,-73.9710097,casual
1295799,7236CA0D523FC583,docked_bike,2021-04-18 22:12:34,2021-04-18 22:20:08,Macon St & Nostrand Ave,4214,Carlton Ave & Dean St,4199,40.680983,-73.950047,40.6809741,-73.9710097,member
1295814,371D5928F0BA1115,docked_bike,2021-04-25 16:38:31,2021-04-25 16:54:20,Carroll St & Smith St,4225,Carlton Ave & Dean St,4199,40.680611,-73.994758,40.6809741,-73.9710097,member
1295816,B9A4FDBD46617EB2,docked_bike,2021-04-04 19:18:25,2021-04-04 19:31:43,Carroll St & Smith St,4225,Carlton Ave & Dean St,4199,40.680611,-73.994758,40.6809741,-73.9710097,member
1295837,8EF322578D83EDE7,docked_bike,2021-04-23 16:46:54,2021-04-23 16:50:01,S Portland Ave & Hanson Pl,4354,Carlton Ave & Dean St,4199,40.685395,-73.974314,40.6809741,-73.9710097,member
1295869,10950679BF5390BA,docked_bike,2021-04-20 18:32:20,2021-04-20 18:50:35,Kosciuszko St & Tompkins Ave,4553,Carlton Ave & Dean St,4199,40.691282,-73.945241,40.6809741,-73.9710097,member
1295875,E33613674479C186,docked_bike,2021-04-20 18:46:32,2021-04-20 18:56:59,Kane St & Clinton St,4455,Carlton Ave & Dean St,4199,40.686175,-73.996452,40.6809741,-73.9710097,casual
1295880,383199E61AC93B50,docked_bike,2021-04-19 13:46:18,2021-04-19 13:55:10,Butler St & Court St,4339,Carlton Ave & Dean St,4199,40.684989,-73.994403,40.6809741,-73.9710097,member
1295915,A46CFC336CDFE2BF,docked_bike,2021-04-24 14:58:04,2021-04-24 15:08:57,Kane St & Clinton St,4455,Carlton Ave & Dean St,4199,40.686175,-73.996452,40.6809741,-73.9710097,casual
1295923,4423089F67483259,docked_bike,2021-04-19 10:33:47,2021-04-19 10:48:00,Kane St & Clinton St,4455,Carlton Ave & Dean St,4199,40.686175,-73.996452,40.6809741,-73.9710097,member
1295925,C36F19DF356D0BF2,docked_bike,2021-04-06 14:16:12,2021-04-06 14:20:40,Berkeley Pl & 7 Ave,4051,Carlton Ave & Dean St,4199,40.675146,-73.975232,40.6809741,-73.9710097,member
1295940,4FC5A36C2E829C84,docked_bike,2021-04-16 20:03:44,2021-04-16 20:14:08,Marcy Ave & Lafayette Ave,4476,Carlton Ave & Dean St,4199,40.690081,-73.947915,40.6809741,-73.9710097,member
1295956,C8D7530360EADA2F,docked_bike,2021-04-23 17:12:49,2021-04-23 17:34:12,Kane St & Clinton St,4455,Carlton Ave & Dean St,4199,40.686176,-73.996453,40.680974,-73.97101,casual
1295963,3808B5DC30303788,docked_bike,2021-04-26 16:39:54,2021-04-26 16:50:45,Jay St & Tech Pl,4710,Carlton Ave & Dean St,4199,40.695065,-73.987167,40.6809741,-73.9710097,member
1295972,855B22CE2B3D2E7D,docked_bike,2021-04-09 15:57:30,2021-04-09 16:43:11,E 58 St & 3 Ave,6762,Carlton Ave & Dean St,4199,40.760957,-73.967244,40.6809741,-73.9710097,member
1295983,BF4C6B67769E9E64,docked_bike,2021-04-23 18:03:05,2021-04-23 18:20:38,Marcy Ave & Lafayette Ave,4476,Carlton Ave & Dean St,4199,40.690081,-73.947915,40.6809741,-73.9710097,casual
1295992,1D7FBF85E821DE01,docked_bike,2021-04-05 10:19:19,2021-04-05 10:34:07,Kane St & Clinton St,4455,Carlton Ave & Dean St,4199,40.686175,-73.996452,40.6809741,-73.9710097,member
1296011,8D9E0930D6A332CD,docked_bike,2021-04-13 17:26:34,2021-04-13 17:37:54,Marcy Ave & Lafayette Ave,4476,Carlton Ave & Dean St,4199,40.690081,-73.947915,40.6809741,-73.9710097,member
1296041,8164A2195AE08A99,docked_bike,2021-04-25 10:18:19,2021-04-25 10:30:02,Kane St & Clinton St,4455,Carlton Ave & Dean St,4199,40.686175,-73.996452,40.6809741,-73.9710097,member
1296063,AF1739E2B4A2A018,docked_bike,2021-04-11 10:04:00,2021-04-11 10:14:12,Kane St & Clinton St,4455,Carlton Ave & Dean St,4199,40.686175,-73.996452,40.6809741,-73.9710097,member
1296084,7143CAFA37C524B4,docked_bike,2021-04-29 15:12:00,2021-04-29 15:26:35,Kane St & Clinton St,4455,Carlton Ave & Dean St,4199,40.686175,-73.996452,40.6809741,-73.9710097,casual
1296087,B556EC371B92B908,docked_bike,2021-04-27 20:39:29,2021-04-27 20:53:06,Prospect Ave & Vanderbilt St,3426,Carlton Ave & Dean St,4199,40.653368,-73.976291,40.6809741,-73.9710097,member
1296098,948DE6069418FB0D,docked_bike,2021-04-01 18:10:28,2021-04-01 18:28:33,Allen St & Hester St,5342,Carlton Ave & Dean St,4199,40.716058,-73.991907,40.6809741,-73.9710097,member
1296103,9DDD09703E2680CA,docked_bike,2021-04-04 23:03:56,2021-04-04 23:23:26,Marcy Ave & Lafayette Ave,4476,Carlton Ave & Dean St,4199,40.690081,-73.947915,40.6809741,-73.9710097,member
1296117,C161C4475C9C5D13,docked_bike,2021-04-21 12:27:49,2021-04-21 12:37:15,Butler St & Court St,4339,Carlton Ave & Dean St,4199,40.684989,-73.994403,40.6809741,-73.9710097,member
1296119,936B9DF781461907,docked_bike,2021-04-24 09:43:09,2021-04-24 09:55:22,Kane St & Clinton St,4455,Carlton Ave & Dean St,4199,40.686175,-73.996452,40.6809741,-73.9710097,member
1296120,02610F8AD17FE4A6,docked_bike,2021-04-18 17:03:24,2021-04-18 17:50:52,Kane St & Clinton St,4455,Carlton Ave & Dean St,4199,40.686175,-73.996452,40.6809741,-73.9710097,casual
1296174,BDA47B28AF1E71A5,docked_bike,2021-04-19 17:33:04,2021-04-19 17:45:54,Butler St & Court St,4339,Carlton Ave & Dean St,4199,40.684989,-73.994403,40.6809741,-73.9710097,member
1296184,6892B321E256D3B1,docked_bike,2021-04-03 13:59:42,2021-04-03 14:24:53,Allen St & Hester St,5342,Carlton Ave & Dean St,4199,40.716058,-73.991907,40.6809741,-73.9710097,member
1296205,102C26A65F6B8F0D,docked_bike,2021-04-03 14:00:26,2021-04-03 14:24:52,Allen St & Hester St,5342,Carlton Ave & Dean St,4199,40.716058,-73.991907,40.6809741,-73.9710097,member
1296214,7A379F3D8B1498C7,docked_bike,2021-04-20 18:16:10,2021-04-20 18:36:39,Allen St & Hester St,5342,Carlton Ave & Dean St,4199,40.716058,-73.991907,40.6809741,-73.9710097,member
1296234,26C8D30460F4DD9B,docked_bike,2021-04-24 18:27:53,2021-04-24 18:42:31,Warren St & Smith St,4371,Carlton Ave & Dean St,4199,40.685424,-73.991277,40.6809741,-73.9710097,casual
1296235,C9F98AAC532F29A9,docked_bike,2021-04-24 18:27:31,2021-04-24 18:42:25,Warren St & Smith St,4371,Carlton Ave & Dean St,4199,40.685424,-73.991277,40.6809741,-73.9710097,casual
1296241,563446AA74AAFF02,docked_bike,2021-04-21 14:26:54,2021-04-21 14:36:45,6 Ave & 12 St,3803,Carlton Ave & Dean St,4199,40.666318,-73.985461,40.6809741,-73.9710097,member
1296242,22527704D914E56C,docked_bike,2021-04-29 11:57:35,2021-04-29 12:06:11,6 Ave & 12 St,3803,Carlton Ave & Dean St,4199,40.666318,-73.985461,40.6809741,-73.9710097,member
1296255,873D8A279DEE8C61,docked_bike,2021-04-25 15:17:29,2021-04-25 15:26:06,1 St & 6 Ave,3946,Carlton Ave & Dean St,4199,40.672784,-73.979826,40.6809741,-73.9710097,member
1296304,B55CA327D13963E1,docked_bike,2021-04-27 21:32:43,2021-04-27 21:45:23,Brooklyn Bridge Park - Pier 2,4756,Carlton Ave & Dean St,4199,40.698458,-73.997178,40.6809741,-73.9710097,member
1296318,BCDFF0853071E7F7,docked_bike,2021-04-10 15:20:21,2021-04-10 15:46:08,Wythe Ave & Metropolitan Ave,5348,Carlton Ave & Dean St,4199,40.716887,-73.963198,40.680974,-73.97101,member
1296320,FD3A8B5B6E05F4C6,docked_bike,2021-04-08 22:39:14,2021-04-08 23:00:32,Wythe Ave & Metropolitan Ave,5348,Carlton Ave & Dean St,4199,40.716887,-73.963198,40.6809741,-73.9710097,member
1296331,60C859A90DD1CBB6,docked_bike,2021-04-02 21:43:40,2021-04-02 21:55:41,Carroll St & Smith St,4225,Carlton Ave & Dean St,4199,40.680611,-73.994758,40.6809741,-73.9710097,member
1296338,2D8A0AFC823D030E,docked_bike,2021-04-10 15:19:55,2021-04-10 15:45:59,Wythe Ave & Metropolitan Ave,5348,Carlton Ave & Dean St,4199,40.716887,-73.963198,40.6809741,-73.9710097,member
1296341,4B4263DF0F629273,docked_bike,2021-04-05 09:53:18,2021-04-05 10:25:22,2 Ave & E 29 St,6122,Carlton Ave & Dean St,4199,40.741723,-73.978092,40.6809741,-73.9710097,member
1296369,7F3E906800A634EB,docked_bike,2021-04-20 12:50:29,2021-04-20 13:02:20,Monroe St & Tompkins Ave,4434,Carlton Ave & Dean St,4199,40.686203,-73.944694,40.6809741,-73.9710097,member
1296370,9958FB82C869938E,docked_bike,2021-04-15 12:47:19,2021-04-15 13:01:12,Monroe St & Tompkins Ave,4434,Carlton Ave & Dean St,4199,40.686203,-73.944694,40.6809741,-73.9710097,member
1296383,1E614FAA00638226,docked_bike,2021-04-16 10:39:49,2021-04-16 10:49:50,Willoughby St & Fleet St,4628,Carlton Ave & Dean St,4199,40.691965,-73.981301,40.6809741,-73.9710097,member
1296387,2A2FBF1DC9FE4452,docked_bike,2021-04-19 19:27:19,2021-04-19 19:37:43,6 Ave & 12 St,3803,Carlton Ave & Dean St,4199,40.666318,-73.985461,40.6809741,-73.9710097,member
1296388,513B20BEB4DCDA06,docked_bike,2021-04-27 16:54:35,2021-04-27 17:03:44,6 Ave & 12 St,3803,Carlton Ave & Dean St,4199,40.666318,-73.985461,40.6809741,-73.9710097,member
1296397,9AD701ABC4DA933F,docked_bike,2021-04-06 09:40:14,2021-04-06 09:53:18,Willoughby St & Fleet St,4628,Carlton Ave & Dean St,4199,40.691965,-73.981301,40.6809741,-73.9710097,member
1296402,2D3D58C324C2BC65,docked_bike,2021-04-23 13:12:05,2021-04-23 13:31:44,16th St & 4th Ave,3811,Carlton Ave & Dean St,4199,40.666197,-73.992466,40.6809741,-73.9710097,member
1296442,389ECA90AB44B4DF,docked_bike,2021-04-28 08:19:07,2021-04-28 08:28:41,Kane St & Clinton St,4455,Carlton Ave & Dean St,4199,40.686175,-73.996452,40.6809741,-73.9710097,member
1296451,308E308BEE314E64,docked_bike,2021-04-08 10:05:42,2021-04-08 10:08:45,Park Pl & Vanderbilt Ave,4083,Carlton Ave & Dean St,4199,40.6767,-73.969024,40.6809741,-73.9710097,member
1296452,755637BBA6F8F160,docked_bike,2021-04-24 17:08:00,2021-04-24 17:13:06,Park Pl & Vanderbilt Ave,4083,Carlton Ave & Dean St,4199,40.6767,-73.969024,40.6809741,-73.9710097,member
1296455,78C61FC43852299A,docked_bike,2021-04-21 22:01:49,2021-04-21 22:25:44,Union Ave & N 12 St,5411,Carlton Ave & Dean St,4199,40.71924,-73.95242,40.6809741,-73.9710097,casual
1296457,4042B453D28F1635,docked_bike,2021-04-09 18:05:00,2021-04-09 18:34:32,36 St & 4 Ave,3420,Carlton Ave & Dean St,4199,40.654144,-74.00422,40.6809741,-73.9710097,member
1296462,D004FD58C69F77EF,docked_bike,2021-04-23 09:29:09,2021-04-23 09:32:15,Park Pl & Vanderbilt Ave,4083,Carlton Ave & Dean St,4199,40.6767,-73.969024,40.6809741,-73.9710097,member
1296470,25F927035E5864E2,docked_bike,2021-04-27 18:45:58,2021-04-27 19:03:46,Park Pl & Vanderbilt Ave,4083,Carlton Ave & Dean St,4199,40.6767,-73.969024,40.6809741,-73.9710097,member
1296491,A040F0C8B40C7C6C,docked_bike,2021-04-23 12:17:25,2021-04-23 12:28:04,Degraw St & Smith St,4298,Carlton Ave & Dean St,4199,40.682915,-73.993182,40.6809741,-73.9710097,casual
1296494,A475F4E126FCEF0B,docked_bike,2021-04-24 20:36:04,2021-04-24 20:40:40,Park Pl & Vanderbilt Ave,4083,Carlton Ave & Dean St,4199,40.6767,-73.969024,40.6809741,-73.9710097,member
1296500,AF1E23492F694FE4,docked_bike,2021-04-26 15:11:06,2021-04-26 15:13:54,Park Pl & Vanderbilt Ave,4083,Carlton Ave & Dean St,4199,40.6767,-73.969024,40.6809741,-73.9710097,member
1296510,6F45707C6DF3E53E,docked_bike,2021-04-24 12:41:16,2021-04-24 12:51:19,Degraw St & Smith St,4298,Carlton Ave & Dean St,4199,40.682915,-73.993182,40.6809741,-73.9710097,member
1296514,E7EFBAFF92ABBA50,docked_bike,2021-04-20 09:13:43,2021-04-20 09:18:36,Park Pl & Vanderbilt Ave,4083,Carlton Ave & Dean St,4199,40.6767,-73.969024,40.6809741,-73.9710097,member
1296564,E1F7C8F9E8706811,docked_bike,2021-04-24 15:07:58,2021-04-24 15:21:48,Degraw St & Smith St,4298,Carlton Ave & Dean St,4199,40.682915,-73.993182,40.6809741,-73.9710097,member
1296580,9F41FD7984F964A8,docked_bike,2021-04-09 17:27:54,2021-04-09 17:39:16,Degraw St & Smith St,4298,Carlton Ave & Dean St,4199,40.682915,-73.993182,40.6809741,-73.9710097,member
1296584,A12E39A4FAD0D1C7,docked_bike,2021-04-30 14:42:16,2021-04-30 14:52:13,Henry St & Atlantic Ave,4531,Carlton Ave & Dean St,4199,40.690892,-73.996123,40.6809741,-73.9710097,member
1296586,29A3D459E1B55995,docked_bike,2021-04-21 09:14:03,2021-04-21 09:17:02,Park Pl & Vanderbilt Ave,4083,Carlton Ave & Dean St,4199,40.6767,-73.969024,40.6809741,-73.9710097,member
1296588,046828BEFA2B2C83,docked_bike,2021-04-26 13:52:28,2021-04-26 14:42:51,Stockholm St & Wilson Ave,4824,Carlton Ave & Dean St,4199,40.699304,-73.923044,40.6809741,-73.9710097,casual
1296590,481FB7CB97726F07,docked_bike,2021-04-05 16:16:57,2021-04-05 16:19:56,Park Pl & Vanderbilt Ave,4083,Carlton Ave & Dean St,4199,40.6767,-73.969024,40.6809741,-73.9710097,member
1296597,C89D1FDC657D23AD,docked_bike,2021-04-23 15:17:23,2021-04-23 15:29:24,Henry St & Atlantic Ave,4531,Carlton Ave & Dean St,4199,40.690892,-73.996123,40.6809741,-73.9710097,member
1296598,6FCADF2E92136EB4,docked_bike,2021-04-29 08:14:18,2021-04-29 08:28:27,Park Pl & Vanderbilt Ave,4083,Carlton Ave & Dean St,4199,40.6767,-73.969024,40.6809741,-73.9710097,member
1296599,E90F85C07B099723,docked_bike,2021-04-22 08:16:45,2021-04-22 08:19:37,Park Pl & Vanderbilt Ave,4083,Carlton Ave & Dean St,4199,40.6767,-73.969024,40.6809741,-73.9710097,member
1296611,85D4C1FBA5F9F851,docked_bike,2021-04-02 13:36:38,2021-04-02 13:39:40,Park Pl & Vanderbilt Ave,4083,Carlton Ave & Dean St,4199,40.6767,-73.969024,40.6809741,-73.9710097,member
1296622,68D8C16EAC57D4BA,docked_bike,2021-04-19 17:51:06,2021-04-19 18:03:24,Henry St & Atlantic Ave,4531,Carlton Ave & Dean St,4199,40.690892,-73.996123,40.6809741,-73.9710097,member
1296626,E48186FC335E465A,docked_bike,2021-04-12 09:17:16,2021-04-12 09:19:34,Park Pl & Vanderbilt Ave,4083,Carlton Ave & Dean St,4199,40.6767,-73.969024,40.680974,-73.97101,member
1296631,24F6525C88CAC54D,docked_bike,2021-04-01 15:48:20,2021-04-01 15:51:38,Park Pl & Vanderbilt Ave,4083,Carlton Ave & Dean St,4199,40.6767,-73.969024,40.6809741,-73.9710097,member
1296651,2C8366C6216E8F1D,docked_bike,2021-04-10 16:25:00,2021-04-10 16:44:15,Henry St & Atlantic Ave,4531,Carlton Ave & Dean St,4199,40.690892,-73.996123,40.6809741,-73.9710097,casual
1296669,D3920037E9BC171E,docked_bike,2021-04-29 18:39:14,2021-04-29 18:46:42,Degraw St & Smith St,4298,Carlton Ave & Dean St,4199,40.682915,-73.993182,40.6809741,-73.9710097,member
1296674,B64E2FC7B5F51E6A,docked_bike,2021-04-09 17:28:26,2021-04-09 17:40:02,Degraw St & Smith St,4298,Carlton Ave & Dean St,4199,40.682915,-73.993182,40.6809741,-73.9710097,member
1296676,BD1AA9B637C12603,docked_bike,2021-04-04 20:51:01,2021-04-04 21:01:20,Henry St & Atlantic Ave,4531,Carlton Ave & Dean St,4199,40.690893,-73.996123,40.680974,-73.97101,member
1296685,95232B471F68A2EF,docked_bike,2021-04-23 09:39:45,2021-04-23 09:42:49,Park Pl & Vanderbilt Ave,4083,Carlton Ave & Dean St,4199,40.6767,-73.969024,40.6809741,-73.9710097,member
1296693,905FF55545918681,docked_bike,2021-04-27 08:51:49,2021-04-27 09:09:10,Henry St & Atlantic Ave,4531,Carlton Ave & Dean St,4199,40.690892,-73.996123,40.6809741,-73.9710097,casual
1296696,E64EBCCC95F7CDAE,docked_bike,2021-04-13 17:26:51,2021-04-13 17:53:35,South St & Whitehall St,4846,Carlton Ave & Dean St,4199,40.701221,-74.012342,40.6809741,-73.9710097,member
1296704,42F4A21A5F3AA13B,docked_bike,2021-04-25 18:15:10,2021-04-25 18:43:49,Wythe Ave & Metropolitan Ave,5348,Carlton Ave & Dean St,4199,40.716887,-73.963198,40.6809741,-73.9710097,member
1296726,3B353722ABF376FC,docked_bike,2021-04-29 19:32:56,2021-04-29 19:49:17,Carroll St & Smith St,4225,Carlton Ave & Dean St,4199,40.680611,-73.994758,40.6809741,-73.9710097,member
1296729,2985EB94CC40CD04,docked_bike,2021-04-28 15:41:51,2021-04-28 15:56:15,Carroll St & Smith St,4225,Carlton Ave & Dean St,4199,40.680611,-73.994758,40.6809741,-73.9710097,member
1296735,A64981DFBB5469EB,docked_bike,2021-04-20 11:00:19,2021-04-20 11:08:48,Fulton St & Adams St,4637,Carlton Ave & Dean St,4199,40.692418,-73.989494,40.6809741,-73.9710097,member
1296739,ED2CAF198AC2313E,docked_bike,2021-04-23 20:43:41,2021-04-23 20:54:32,Park Ave & St Edwards St,4700,Carlton Ave & Dean St,4199,40.696089,-73.978034,40.6809741,-73.9710097,casual
1296741,DD2E17321DA4D8B4,docked_bike,2021-04-24 22:51:20,2021-04-24 23:03:14,Fulton St & Adams St,4637,Carlton Ave & Dean St,4199,40.692418,-73.989494,40.6809741,-73.9710097,member
1296745,A0FA90DBCB45C5AF,docked_bike,2021-04-28 07:49:48,2021-04-28 07:59:16,Lafayette Ave & Classon Ave,4452,Carlton Ave & Dean St,4199,40.689004,-73.960238,40.6809741,-73.9710097,member
1296751,1197F42DF01F1691,docked_bike,2021-04-17 20:51:15,2021-04-17 21:07:30,Park Ave & St Edwards St,4700,Carlton Ave & Dean St,4199,40.696089,-73.978034,40.6809741,-73.9710097,casual
1296773,2B71233DB5C07D03,docked_bike,2021-04-26 19:05:52,2021-04-26 19:24:44,Park Pl & Vanderbilt Ave,4083,Carlton Ave & Dean St,4199,40.6767,-73.969024,40.6809741,-73.9710097,member
1296784,7C6497302A48F585,docked_bike,2021-04-05 16:17:01,2021-04-05 16:19:56,Park Pl & Vanderbilt Ave,4083,Carlton Ave & Dean St,4199,40.6767,-73.969024,40.6809741,-73.9710097,member
1296789,DE7BC24C18CF0CB2,docked_bike,2021-04-03 20:03:46,2021-04-03 20:41:02,Park Pl & Vanderbilt Ave,4083,Carlton Ave & Dean St,4199,40.6767,-73.969024,40.6809741,-73.9710097,member
1296791,B491B80135152D6E,docked_bike,2021-04-27 20:50:31,2021-04-27 21:16:09,36 St & 4 Ave,3420,Carlton Ave & Dean St,4199,40.654144,-74.00422,40.6809741,-73.9710097,member
1296794,EC76D9301A561956,docked_bike,2021-04-10 16:28:19,2021-04-10 16:43:36,Henry St & Atlantic Ave,4531,Carlton Ave & Dean St,4199,40.690892,-73.996123,40.6809741,-73.9710097,casual
1296801,6833EF220997AFA1,docked_bike,2021-04-13 17:44:45,2021-04-13 17:56:14,Degraw St & Smith St,4298,Carlton Ave & Dean St,4199,40.682915,-73.993182,40.6809741,-73.9710097,member
1296802,648475E79C615768,docked_bike,2021-04-08 17:14:45,2021-04-08 17:17:47,Park Pl & Vanderbilt Ave,4083,Carlton Ave & Dean St,4199,40.6767,-73.969024,40.6809741,-73.9710097,member
1296803,29B13B2382FD48F5,docked_bike,2021-04-19 17:26:41,2021-04-19 17:31:52,Park Pl & Vanderbilt Ave,4083,Carlton Ave & Dean St,4199,40.6767,-73.969024,40.6809741,-73.9710097,member
1296825,A33037BE6F6380CD,docked_bike,2021-04-21 19:12:02,2021-04-21 19:19:54,Cambridge Pl & Gates Ave,4377,Carlton Ave & Dean St,4199,40.68488,-73.96304,40.6809741,-73.9710097,member
1296864,36E537E081C34D64,docked_bike,2021-04-23 19:54:17,2021-04-23 20:03:48,6 Ave & 12 St,3803,Carlton Ave & Dean St,4199,40.666318,-73.985461,40.6809741,-73.9710097,member
1296885,06C7A366C2A87162,docked_bike,2021-04-03 13:29:42,2021-04-03 13:40:46,Degraw St & Smith St,4298,Carlton Ave & Dean St,4199,40.682915,-73.993182,40.680974,-73.97101,member
1296887,DF1C8A23B36F29D5,docked_bike,2021-04-23 09:13:22,2021-04-23 09:15:51,Park Pl & Vanderbilt Ave,4083,Carlton Ave & Dean St,4199,40.6767,-73.969024,40.6809741,-73.9710097,member
1296888,D1F79B34CBBBF1DE,docked_bike,2021-04-19 14:54:38,2021-04-19 14:57:48,Park Pl & Vanderbilt Ave,4083,Carlton Ave & Dean St,4199,40.6767,-73.969024,40.6809741,-73.9710097,member
1296889,5CAAB14A06C96D1F,docked_bike,2021-04-12 12:49:11,2021-04-12 12:51:41,Park Pl & Vanderbilt Ave,4083,Carlton Ave & Dean St,4199,40.6767,-73.969024,40.6809741,-73.9710097,member
1296890,BA144B40764AE774,docked_bike,2021-04-16 09:11:28,2021-04-16 09:14:57,Park Pl & Vanderbilt Ave,4083,Carlton Ave & Dean St,4199,40.6767,-73.969024,40.6809741,-73.9710097,member
1296891,750B31DD4F9D85C8,docked_bike,2021-04-02 09:13:28,2021-04-02 09:16:42,Park Pl & Vanderbilt Ave,4083,Carlton Ave & Dean St,4199,40.6767,-73.969024,40.6809741,-73.9710097,member
1296892,4344415CB23173B3,docked_bike,2021-04-10 11:41:15,2021-04-10 11:44:35,Park Pl & Vanderbilt Ave,4083,Carlton Ave & Dean St,4199,40.6767,-73.969024,40.6809741,-73.9710097,member
1296893,10294C8710191590,docked_bike,2021-04-27 10:49:29,2021-04-27 10:52:13,Park Pl & Vanderbilt Ave,4083,Carlton Ave & Dean St,4199,40.6767,-73.969024,40.6809741,-73.9710097,member
1296894,E79C5996500A5057,docked_bike,2021-04-15 09:53:00,2021-04-15 09:55:31,Park Pl & Vanderbilt Ave,4083,Carlton Ave & Dean St,4199,40.6767,-73.969024,40.6809741,-73.9710097,member
1296903,1481F2F0422F16D2,docked_bike,2021-04-05 19:11:47,2021-04-05 19:20:31,Degraw St & Smith St,4298,Carlton Ave & Dean St,4199,40.682915,-73.993182,40.6809741,-73.9710097,member
1296905,10FE35E315EF4D37,docked_bike,2021-04-08 15:22:20,2021-04-08 15:24:46,Park Pl & Vanderbilt Ave,4083,Carlton Ave & Dean St,4199,40.6767,-73.969024,40.6809741,-73.9710097,member
1296919,C0D774856A60B73D,docked_bike,2021-04-18 16:00:47,2021-04-18 16:07:04,Park Pl & Vanderbilt Ave,4083,Carlton Ave & Dean St,4199,40.6767,-73.969024,40.6809741,-73.9710097,member
1296925,E02AC13252928553,docked_bike,2021-04-07 18:11:58,2021-04-07 18:14:22,Park Pl & Vanderbilt Ave,4083,Carlton Ave & Dean St,4199,40.6767,-73.969024,40.6809741,-73.9710097,member
1296945,0D7830002CDDD947,docked_bike,2021-04-05 18:21:18,2021-04-05 18:33:53,Degraw St & Hoyt St,4258,Carlton Ave & Dean St,4199,40.68199,-73.99079,40.6809741,-73.9710097,casual
1296948,B02A31A9760ADAF7,docked_bike,2021-04-25 20:14:57,2021-04-25 20:20:45,Degraw St & Hoyt St,4258,Carlton Ave & Dean St,4199,40.68199,-73.99079,40.6809741,-73.9710097,member
1296957,88A84CC2AA351AE8,docked_bike,2021-04-23 15:27:06,2021-04-23 15:56:58,Norfolk St & Broome St,5374,Carlton Ave & Dean St,4199,40.717227,-73.98802,40.6809741,-73.9710097,member
1296958,29EFEA1CF1D66E02,docked_bike,2021-04-24 20:30:10,2021-04-24 20:50:14,Fulton St & Utica Ave,4228,Carlton Ave & Dean St,4199,40.679426,-73.929891,40.6809741,-73.9710097,casual
1296975,98580E03A8572D67,docked_bike,2021-04-07 18:20:09,2021-04-07 18:50:46,Bus Slip & State St,4889,Carlton Ave & Dean St,4199,40.701907,-74.013942,40.6809741,-73.9710097,member
1296998,D5405D966842AA0C,docked_bike,2021-04-15 08:12:07,2021-04-15 08:14:50,Park Pl & Vanderbilt Ave,4083,Carlton Ave & Dean St,4199,40.6767,-73.969024,40.6809741,-73.9710097,member
1297014,D3E1F7C8633B3761,docked_bike,2021-04-06 18:49:19,2021-04-06 18:58:44,Degraw St & Smith St,4298,Carlton Ave & Dean St,4199,40.682915,-73.993182,40.6809741,-73.9710097,member
1297015,6E33C22A9DC62609,docked_bike,2021-04-07 15:12:34,2021-04-07 15:15:23,Park Pl & Vanderbilt Ave,4083,Carlton Ave & Dean St,4199,40.6767,-73.969024,40.6809741,-73.9710097,member
1297029,53E549E3F0A430D1,docked_bike,2021-04-06 19:04:10,2021-04-06 19:29:16,36 St & 4 Ave,3420,Carlton Ave & Dean St,4199,40.654144,-74.00422,40.6809741,-73.9710097,member
1297047,CC5FFC24872C4DF0,docked_bike,2021-04-13 17:45:13,2021-04-13 17:56:14,Degraw St & Smith St,4298,Carlton Ave & Dean St,4199,40.682915,-73.993182,40.6809741,-73.9710097,casual
1297050,BE82E812E4030B98,docked_bike,2021-04-05 14:08:12,2021-04-05 14:30:51,Bergen St & Vanderbilt Ave,4157,Carlton Ave & Dean St,4199,40.679438,-73.968043,40.6809741,-73.9710097,member
1297052,1B3ED7A6F85CBCEB,docked_bike,2021-04-27 09:25:12,2021-04-27 09:27:12,Bergen St & Vanderbilt Ave,4157,Carlton Ave & Dean St,4199,40.679438,-73.968043,40.6809741,-73.9710097,member
1297062,288504BAF74B7B3B,docked_bike,2021-04-16 08:34:11,2021-04-16 08:36:25,Bergen St & Vanderbilt Ave,4157,Carlton Ave & Dean St,4199,40.679438,-73.968043,40.6809741,-73.9710097,member
1297076,AB920F0E3C5582A1,docked_bike,2021-04-14 13:41:28,2021-04-14 14:09:25,Bergen St & Vanderbilt Ave,4157,Carlton Ave & Dean St,4199,40.679438,-73.968043,40.6809741,-73.9710097,member
1297094,4E3005CD391BDCF9,docked_bike,2021-04-18 13:33:57,2021-04-18 13:36:51,Bergen St & Vanderbilt Ave,4157,Carlton Ave & Dean St,4199,40.679438,-73.968043,40.6809741,-73.9710097,member
1297156,228B1EB0E1C99940,docked_bike,2021-04-20 15:19:21,2021-04-20 15:31:25,14 St & 5 Ave,3771,Carlton Ave & Dean St,4199,40.666287,-73.98895,40.6809741,-73.9710097,casual
1297165,497BD5B5A5F84D7B,docked_bike,2021-04-26 10:14:36,2021-04-26 10:26:01,14 St & 5 Ave,3771,Carlton Ave & Dean St,4199,40.666287,-73.988951,40.680974,-73.97101,casual
1297176,9CB33AB574D764B7,docked_bike,2021-04-03 15:06:20,2021-04-03 15:37:20,39 St & 2 Ave,3501,Carlton Ave & Dean St,4199,40.655399,-74.010627,40.6809741,-73.9710097,member
1297191,781A752EDEBDD001,docked_bike,2021-04-05 18:20:24,2021-04-05 18:33:47,Degraw St & Hoyt St,4258,Carlton Ave & Dean St,4199,40.68199,-73.99079,40.6809741,-73.9710097,casual
1297196,B16C4774BBB81044,docked_bike,2021-04-27 14:56:59,2021-04-27 15:09:41,Degraw St & Hoyt St,4258,Carlton Ave & Dean St,4199,40.68199,-73.99079,40.6809741,-73.9710097,casual
1297202,E878CF47889F1954,docked_bike,2021-04-23 17:46:52,2021-04-23 18:00:28,Degraw St & Hoyt St,4258,Carlton Ave & Dean St,4199,40.68199,-73.99079,40.6809741,-73.9710097,member
1297207,96A6060D440285A9,docked_bike,2021-04-27 13:36:04,2021-04-27 13:50:10,14 St & 5 Ave,3771,Carlton Ave & Dean St,4199,40.666287,-73.98895,40.6809741,-73.9710097,casual
1297243,E42B6585CD5C38B9,docked_bike,2021-04-27 08:24:22,2021-04-27 08:33:21,Warren St & Court St,4413,Carlton Ave & Dean St,4199,40.686371,-73.993833,40.6809741,-73.9710097,casual
1297244,2A6A7D58852FDB18,docked_bike,2021-04-13 17:34:00,2021-04-13 17:35:44,7 Ave & Park Pl,4125,Carlton Ave & Dean St,4199,40.677614,-73.973242,40.6809741,-73.9710097,member
1297247,71232783CB8175ED,docked_bike,2021-04-18 10:42:04,2021-04-18 10:51:32,Warren St & Court St,4413,Carlton Ave & Dean St,4199,40.686371,-73.993833,40.6809741,-73.9710097,member
1297250,D8C3E3976284687A,docked_bike,2021-04-03 14:09:31,2021-04-03 14:22:33,7 Ave & Park Pl,4125,Carlton Ave & Dean St,4199,40.677615,-73.973243,40.680974,-73.97101,casual
1297262,C5560644C3A23988,docked_bike,2021-04-09 16:19:02,2021-04-09 17:01:51,7 Ave & Park Pl,4125,Carlton Ave & Dean St,4199,40.677614,-73.973242,40.6809741,-73.9710097,member
1297267,56832125B14C2C6F,docked_bike,2021-04-27 17:19:01,2021-04-27 17:28:51,Warren St & Court St,4413,Carlton Ave & Dean St,4199,40.686371,-73.993833,40.6809741,-73.9710097,member
1297271,79300D5638611D36,docked_bike,2021-04-12 12:36:20,2021-04-12 12:42:19,7 Ave & Park Pl,4125,Carlton Ave & Dean St,4199,40.677614,-73.973242,40.6809741,-73.9710097,member
1297279,F82B6226F9D6BB2B,docked_bike,2021-04-15 19:36:29,2021-04-15 19:47:00,7 Ave & Park Pl,4125,Carlton Ave & Dean St,4199,40.677614,-73.973242,40.6809741,-73.9710097,member
1297280,D1E821CDCA73EAA0,docked_bike,2021-04-27 11:56:10,2021-04-27 11:58:14,7 Ave & Park Pl,4125,Carlton Ave & Dean St,4199,40.677614,-73.973242,40.6809741,-73.9710097,member
1297286,DBF18726AD56641F,docked_bike,2021-04-04 13:44:32,2021-04-04 14:00:19,Duffield St & Willoughby St,4596,Carlton Ave & Dean St,4199,40.692215,-73.984284,40.6809741,-73.9710097,member
1297292,21FF3F872B2C3DBC,docked_bike,2021-04-14 19:42:48,2021-04-14 19:45:36,7 Ave & Park Pl,4125,Carlton Ave & Dean St,4199,40.677614,-73.973242,40.6809741,-73.9710097,member
1297294,FF28CB39EB07DF5D,docked_bike,2021-04-02 07:12:07,2021-04-02 07:19:18,Warren St & Court St,4413,Carlton Ave & Dean St,4199,40.686371,-73.993833,40.6809741,-73.9710097,casual
1297296,9F914998236CA027,docked_bike,2021-04-01 06:11:04,2021-04-01 06:18:29,Warren St & Court St,4413,Carlton Ave & Dean St,4199,40.686371,-73.993833,40.6809741,-73.9710097,casual
1297327,C36F2DB59CA941EB,docked_bike,2021-04-06 22:32:50,2021-04-06 22:34:41,7 Ave & Park Pl,4125,Carlton Ave & Dean St,4199,40.677614,-73.973242,40.6809741,-73.9710097,member
1297331,AA3DA684A2A4A0EF,docked_bike,2021-04-16 08:16:50,2021-04-16 08:20:20,7 Ave & Park Pl,4125,Carlton Ave & Dean St,4199,40.677614,-73.973242,40.6809741,-73.9710097,member
1297332,DD3D7251B100BDF9,docked_bike,2021-04-23 08:11:17,2021-04-23 08:14:17,7 Ave & Park Pl,4125,Carlton Ave & Dean St,4199,40.677614,-73.973242,40.6809741,-73.9710097,member
1297334,7519E050C8D74B21,docked_bike,2021-04-23 19:27:43,2021-04-23 19:29:06,7 Ave & Park Pl,4125,Carlton Ave & Dean St,4199,40.677614,-73.973242,40.6809741,-73.9710097,member
1297346,8D09FD934CA9B01D,docked_bike,2021-04-14 18:12:09,2021-04-14 18:24:05,Bedford Ave & Montgomery St,3736,Carlton Ave & Dean St,4199,40.665816,-73.956934,40.6809741,-73.9710097,member
1297350,7246EF2ABB7D34EA,docked_bike,2021-04-05 14:44:17,2021-04-05 14:46:41,7 Ave & Park Pl,4125,Carlton Ave & Dean St,4199,40.677614,-73.973242,40.6809741,-73.9710097,member
1297354,A8C2A26E5BA0EEF7,docked_bike,2021-04-10 19:28:19,2021-04-10 19:39:32,Bedford Ave & Montgomery St,3736,Carlton Ave & Dean St,4199,40.665816,-73.956934,40.6809741,-73.9710097,member
1297359,FB3FB18BE2E58197,docked_bike,2021-04-17 18:47:42,2021-04-17 18:50:36,7 Ave & Park Pl,4125,Carlton Ave & Dean St,4199,40.677614,-73.973242,40.6809741,-73.9710097,member
1297361,62BA0E97EDCA919E,docked_bike,2021-04-04 19:38:09,2021-04-04 19:47:46,Duffield St & Willoughby St,4596,Carlton Ave & Dean St,4199,40.692215,-73.984284,40.6809741,-73.9710097,member
1297469,37DB99915442914E,docked_bike,2021-04-23 17:33:27,2021-04-23 18:18:28,E 27 St & 1 Ave,6004,Carlton Ave & Dean St,4199,40.739445,-73.976806,40.6809741,-73.9710097,casual
1297470,637802D163A40A76,docked_bike,2021-04-16 09:27:22,2021-04-16 09:39:52,Court St & State St,4488,Carlton Ave & Dean St,4199,40.690237,-73.99203,40.6809741,-73.9710097,member
1297471,0250ECDD2340262A,docked_bike,2021-04-22 09:43:01,2021-04-22 09:56:43,Court St & State St,4488,Carlton Ave & Dean St,4199,40.690237,-73.99203,40.6809741,-73.9710097,member
1297514,C2823ECDF707AF4E,docked_bike,2021-04-29 12:09:09,2021-04-29 12:17:42,Court St & State St,4488,Carlton Ave & Dean St,4199,40.690237,-73.99203,40.6809741,-73.9710097,member
1297516,53ACD83287761E2F,docked_bike,2021-04-18 12:11:18,2021-04-18 12:57:37,E 27 St & 1 Ave,6004,Carlton Ave & Dean St,4199,40.739445,-73.976806,40.6809741,-73.9710097,member
1297534,4F4F58427E60429D,docked_bike,2021-04-29 18:06:45,2021-04-29 18:34:17,Spruce St & Nassau St,5137,Carlton Ave & Dean St,4199,40.711463,-74.005524,40.6809741,-73.9710097,member
1297551,C274D2BE5E9528B2,docked_bike,2021-04-30 11:18:57,2021-04-30 11:27:35,Court St & State St,4488,Carlton Ave & Dean St,4199,40.690237,-73.99203,40.6809741,-73.9710097,member
1297560,53117AE6ADFD0D53,docked_bike,2021-04-27 09:48:12,2021-04-27 10:00:12,Court St & State St,4488,Carlton Ave & Dean St,4199,40.690237,-73.99203,40.6809741,-73.9710097,member
1297563,A73B28B88CEE4FD9,docked_bike,2021-04-21 12:21:07,2021-04-21 12:29:12,Court St & State St,4488,Carlton Ave & Dean St,4199,40.690237,-73.99203,40.6809741,-73.9710097,member
1297572,8C8FF8EFA445BA26,docked_bike,2021-04-15 09:40:01,2021-04-15 09:52:11,Court St & State St,4488,Carlton Ave & Dean St,4199,40.690237,-73.99203,40.6809741,-73.9710097,member
1297573,0EAF9A41D6B62510,docked_bike,2021-04-10 15:37:39,2021-04-10 15:52:09,Court St & State St,4488,Carlton Ave & Dean St,4199,40.690237,-73.99203,40.6809741,-73.9710097,member
1297593,954EBCDC94770307,docked_bike,2021-04-08 16:20:00,2021-04-08 16:31:14,Court St & State St,4488,Carlton Ave & Dean St,4199,40.690237,-73.99203,40.6809741,-73.9710097,member
1297598,BD40C353783061CC,docked_bike,2021-04-16 12:54:41,2021-04-16 13:08:21,Court St & State St,4488,Carlton Ave & Dean St,4199,40.690237,-73.99203,40.6809741,-73.9710097,member
1297603,0BDA825BB9E98801,docked_bike,2021-04-10 14:31:50,2021-04-10 14:53:30,Myrtle Ave & St Edwards St,4659,Carlton Ave & Dean St,4199,40.69327,-73.977038,40.6809741,-73.9710097,member
1297618,739C03E5793F63DC,docked_bike,2021-04-30 09:48:21,2021-04-30 10:00:02,Court St & State St,4488,Carlton Ave & Dean St,4199,40.690237,-73.99203,40.6809741,-73.9710097,member
1297634,B5AEA5969DE2DE91,docked_bike,2021-04-23 12:29:33,2021-04-23 12:37:37,Court St & State St,4488,Carlton Ave & Dean St,4199,40.690237,-73.99203,40.6809741,-73.9710097,member
1297637,3D9D315C49188F88,docked_bike,2021-04-14 15:59:13,2021-04-14 16:11:56,Court St & State St,4488,Carlton Ave & Dean St,4199,40.690237,-73.99203,40.6809741,-73.9710097,member
1297640,AB5A3A5A27EA61B2,docked_bike,2021-04-25 00:19:29,2021-04-25 00:32:54,Court St & State St,4488,Carlton Ave & Dean St,4199,40.690237,-73.99203,40.6809741,-73.9710097,member
1297656,D677661DD9BA5770,docked_bike,2021-04-22 15:08:33,2021-04-22 15:24:34,Court St & State St,4488,Carlton Ave & Dean St,4199,40.690237,-73.99203,40.6809741,-73.9710097,member
1297672,05B9F258261B5403,docked_bike,2021-04-13 12:06:07,2021-04-13 12:06:34,Court St & State St,4488,Carlton Ave & Dean St,4199,40.690237,-73.99203,40.6809741,-73.9710097,member
1297677,5AE816AAE4E4EA71,docked_bike,2021-04-23 17:31:37,2021-04-23 18:18:18,E 27 St & 1 Ave,6004,Carlton Ave & Dean St,4199,40.739445,-73.976806,40.6809741,-73.9710097,casual
1297682,D02AA0B416FC540A,docked_bike,2021-04-07 13:22:26,2021-04-07 13:32:07,Court St & State St,4488,Carlton Ave & Dean St,4199,40.690237,-73.99203,40.6809741,-73.9710097,member
1297683,F4F7C94C89498843,docked_bike,2021-04-06 15:03:32,2021-04-06 15:14:47,Court St & State St,4488,Carlton Ave & Dean St,4199,40.690237,-73.99203,40.6809741,-73.9710097,member
1297693,97D641E84857F2A2,docked_bike,2021-04-19 11:37:55,2021-04-19 12:25:49,W 15 St & 6 Ave,5989,Carlton Ave & Dean St,4199,40.738046,-73.996429,40.6809741,-73.9710097,member
1297712,3608980C53BB0B40,docked_bike,2021-04-11 13:38:06,2021-04-11 13:50:16,Court St & State St,4488,Carlton Ave & Dean St,4199,40.690237,-73.99203,40.6809741,-73.9710097,member
1297716,1A05912545D4D354,docked_bike,2021-04-25 09:39:15,2021-04-25 09:50:04,Court St & State St,4488,Carlton Ave & Dean St,4199,40.690237,-73.99203,40.6809741,-73.9710097,member
1297721,7AD4A692862C30FC,docked_bike,2021-04-16 11:54:00,2021-04-16 12:01:56,Court St & State St,4488,Carlton Ave & Dean St,4199,40.690237,-73.99203,40.6809741,-73.9710097,member
1297740,E3B9CA959011B03E,docked_bike,2021-04-25 12:25:31,2021-04-25 12:35:50,Court St & State St,4488,Carlton Ave & Dean St,4199,40.690237,-73.99203,40.6809741,-73.9710097,casual
1297744,6792AD5C48A557C9,docked_bike,2021-04-28 15:49:55,2021-04-28 16:01:31,Court St & State St,4488,Carlton Ave & Dean St,4199,40.690237,-73.99203,40.6809741,-73.9710097,member
1297760,37CEB404119E1711,docked_bike,2021-04-14 12:06:39,2021-04-14 12:15:31,Court St & State St,4488,Carlton Ave & Dean St,4199,40.690237,-73.99203,40.6809741,-73.9710097,member
1297761,736FDB8795ADCD2B,docked_bike,2021-04-19 11:57:01,2021-04-19 12:06:07,Court St & State St,4488,Carlton Ave & Dean St,4199,40.690237,-73.99203,40.6809741,-73.9710097,member
1297763,9CDACB49727997C3,docked_bike,2021-04-21 09:36:35,2021-04-21 09:49:18,Court St & State St,4488,Carlton Ave & Dean St,4199,40.690237,-73.99203,40.6809741,-73.9710097,member
1297765,5D502C7742668273,docked_bike,2021-04-10 15:40:34,2021-04-10 15:50:54,Court St & State St,4488,Carlton Ave & Dean St,4199,40.690237,-73.99203,40.6809741,-73.9710097,member
1297781,E71D172B93A895BD,docked_bike,2021-04-20 11:58:25,2021-04-20 12:07:15,Court St & State St,4488,Carlton Ave & Dean St,4199,40.690237,-73.99203,40.6809741,-73.9710097,member
1297782,3DB211A92C0591F3,docked_bike,2021-04-28 12:08:44,2021-04-28 12:18:02,Court St & State St,4488,Carlton Ave & Dean St,4199,40.690237,-73.99203,40.6809741,-73.9710097,member
1297785,52FCA5D7453E1D6A,docked_bike,2021-04-26 08:29:47,2021-04-26 08:39:36,Court St & State St,4488,Carlton Ave & Dean St,4199,40.690237,-73.99203,40.6809741,-73.9710097,member
1297790,D05F9F8FFBDBB9D7,docked_bike,2021-04-05 11:05:27,2021-04-05 11:17:39,Court St & State St,4488,Carlton Ave & Dean St,4199,40.690237,-73.99203,40.6809741,-73.9710097,casual
1297801,C99282AC0053A6FB,docked_bike,2021-04-26 09:47:42,2021-04-26 10:00:02,Court St & State St,4488,Carlton Ave & Dean St,4199,40.690237,-73.99203,40.6809741,-73.9710097,member
1297809,D86AFC9AD1859C35,docked_bike,2021-04-26 12:11:34,2021-04-26 12:19:52,Court St & State St,4488,Carlton Ave & Dean St,4199,40.690237,-73.99203,40.6809741,-73.9710097,member
1297810,A3D9CF847B6184FF,docked_bike,2021-04-27 12:04:46,2021-04-27 12:13:54,Court St & State St,4488,Carlton Ave & Dean St,4199,40.690237,-73.99203,40.6809741,-73.9710097,member
1297813,56279C2108EC4015,docked_bike,2021-04-25 12:03:17,2021-04-25 12:17:20,Court St & State St,4488,Carlton Ave & Dean St,4199,40.690237,-73.99203,40.6809741,-73.9710097,casual
1297816,B2408F64EA402EF7,docked_bike,2021-04-28 18:28:07,2021-04-28 19:10:01,W 34 St & 11 Ave,6578,Carlton Ave & Dean St,4199,40.755941,-74.002116,40.6809741,-73.9710097,member
1297823,CD1A30F26081D9C7,docked_bike,2021-04-16 18:07:12,2021-04-16 18:19:30,Union St & Nevins St,4143,Carlton Ave & Dean St,4199,40.679097,-73.987654,40.6809741,-73.9710097,member
1297828,E4A9E284E7B7E3AB,docked_bike,2021-04-28 16:54:08,2021-04-28 17:36:57,W 34 St & 11 Ave,6578,Carlton Ave & Dean St,4199,40.755941,-74.002116,40.6809741,-73.9710097,member
1297829,D75A4A600242D515,docked_bike,2021-04-01 18:52:18,2021-04-01 18:58:56,Dean St & 4 Ave,4322,Carlton Ave & Dean St,4199,40.683124,-73.978951,40.6809741,-73.9710097,member
1297835,86F00703E3E1D83D,docked_bike,2021-04-13 19:11:09,2021-04-13 19:30:07,Henry St & Bay St,3972,Carlton Ave & Dean St,4199,40.672505,-74.004946,40.6809741,-73.9710097,member
1297843,F9DD5C8C5E7C7126,docked_bike,2021-04-05 14:55:17,2021-04-05 14:59:41,Dean St & 4 Ave,4322,Carlton Ave & Dean St,4199,40.683124,-73.978951,40.6809741,-73.9710097,member
1297844,008DCC079C47262F,docked_bike,2021-04-14 19:10:53,2021-04-14 19:13:54,Dean St & 4 Ave,4322,Carlton Ave & Dean St,4199,40.683124,-73.978951,40.6809741,-73.9710097,member
1297853,F4395D8C64090790,docked_bike,2021-04-10 16:37:49,2021-04-10 16:41:02,Dean St & 4 Ave,4322,Carlton Ave & Dean St,4199,40.683124,-73.978951,40.6809741,-73.9710097,member
1297862,9C724E24AEF4EC7B,docked_bike,2021-04-08 16:38:26,2021-04-08 16:43:29,Dean St & 4 Ave,4322,Carlton Ave & Dean St,4199,40.683124,-73.978951,40.6809741,-73.9710097,casual
1297865,417D1C2B5201988A,docked_bike,2021-04-01 17:20:11,2021-04-01 17:25:11,Dean St & 4 Ave,4322,Carlton Ave & Dean St,4199,40.683124,-73.978951,40.6809741,-73.9710097,member
1297866,E0E81AA36AF768A5,docked_bike,2021-04-18 19:23:44,2021-04-18 20:06:15,Coffey St & Conover St,4137,Carlton Ave & Dean St,4199,40.677236,-74.015665,40.6809741,-73.9710097,casual
1297873,E5A330E86BCAB861,docked_bike,2021-04-15 19:53:44,2021-04-15 20:00:11,Dean St & 4 Ave,4322,Carlton Ave & Dean St,4199,40.683125,-73.978951,40.680974,-73.97101,casual
1297877,4827A1FC90884058,docked_bike,2021-04-08 19:38:15,2021-04-08 19:42:42,Dean St & 4 Ave,4322,Carlton Ave & Dean St,4199,40.683124,-73.978951,40.6809741,-73.9710097,member
1297878,ED9729E92F01E74E,docked_bike,2021-04-14 16:54:58,2021-04-14 17:01:58,Dean St & 4 Ave,4322,Carlton Ave & Dean St,4199,40.683124,-73.978951,40.6809741,-73.9710097,member
1297890,DB7560F2B8541A35,docked_bike,2021-04-07 20:05:44,2021-04-07 20:17:59,Dean St & 4 Ave,4322,Carlton Ave & Dean St,4199,40.683124,-73.978951,40.6809741,-73.9710097,member
1297907,A98EBA0FFCD8ED4D,docked_bike,2021-04-07 18:58:24,2021-04-07 19:03:52,Dean St & 4 Ave,4322,Carlton Ave & Dean St,4199,40.683124,-73.978951,40.6809741,-73.9710097,casual
1297931,9F86F9716ECE32B5,docked_bike,2021-04-05 20:05:50,2021-04-05 20:09:28,Dean St & 4 Ave,4322,Carlton Ave & Dean St,4199,40.683124,-73.978951,40.6809741,-73.9710097,member
1297935,B7FB730B2FE31718,docked_bike,2021-04-01 16:39:43,2021-04-01 16:42:37,Dean St & 4 Ave,4322,Carlton Ave & Dean St,4199,40.683125,-73.978951,40.680974,-73.97101,member
1297936,4DC595E03F054761,docked_bike,2021-04-09 13:37:46,2021-04-09 14:05:12,Dean St & 4 Ave,4322,Carlton Ave & Dean St,4199,40.683124,-73.978951,40.6809741,-73.9710097,casual
1297956,DA0CA3555CC3CCEC,docked_bike,2021-04-22 19:28:31,2021-04-22 19:41:11,Union St & Nevins St,4143,Carlton Ave & Dean St,4199,40.679097,-73.987654,40.6809741,-73.9710097,member
1297991,683D983515E66D21,docked_bike,2021-04-02 16:48:16,2021-04-02 16:51:31,Dean St & 4 Ave,4322,Carlton Ave & Dean St,4199,40.683125,-73.978951,40.680974,-73.97101,member
1297997,B2F41219078DD7F4,docked_bike,2021-04-28 09:01:58,2021-04-28 09:04:15,7 Ave & Park Pl,4125,Carlton Ave & Dean St,4199,40.677614,-73.973242,40.6809741,-73.9710097,member
1298057,517BBDA5623C729C,docked_bike,2021-04-15 08:58:43,2021-04-15 09:08:38,Bedford Ave & Montgomery St,3736,Carlton Ave & Dean St,4199,40.665816,-73.956934,40.6809741,-73.9710097,member
1298058,EEA4D4535CC18318,docked_bike,2021-04-01 08:24:41,2021-04-01 08:28:11,7 Ave & Park Pl,4125,Carlton Ave & Dean St,4199,40.677614,-73.973242,40.6809741,-73.9710097,member
1298062,9E275E70B9A46D43,docked_bike,2021-04-02 16:37:44,2021-04-02 16:47:32,Warren St & Court St,4413,Carlton Ave & Dean St,4199,40.686371,-73.993833,40.6809741,-73.9710097,casual
1298078,F3FF236BA586FF57,docked_bike,2021-04-18 17:03:54,2021-04-18 17:31:09,Bayard St & Baxter St,5351,Carlton Ave & Dean St,4199,40.716021,-73.999743,40.6809741,-73.9710097,member
1298082,1C712BB365597C98,docked_bike,2021-04-10 11:00:36,2021-04-10 11:04:39,Bergen St & Vanderbilt Ave,4157,Carlton Ave & Dean St,4199,40.679438,-73.968043,40.6809741,-73.9710097,casual
1298089,7F6887A499F8E229,docked_bike,2021-04-07 14:32:36,2021-04-07 14:34:15,Bergen St & Vanderbilt Ave,4157,Carlton Ave & Dean St,4199,40.679438,-73.968043,40.6809741,-73.9710097,member
1298090,5680E91FA42029C2,docked_bike,2021-04-02 13:51:31,2021-04-02 13:53:57,Bergen St & Vanderbilt Ave,4157,Carlton Ave & Dean St,4199,40.679438,-73.968043,40.6809741,-73.9710097,member
1298540,830303AF90668CC1,docked_bike,2021-04-14 19:54:41,2021-04-14 19:57:28,Dean St & 4 Ave,4322,Carlton Ave & Dean St,4199,40.683124,-73.978951,40.6809741,-73.9710097,member
1298622,A37B6513D2B208F4,docked_bike,2021-04-05 16:28:04,2021-04-05 16:32:57,Dean St & 4 Ave,4322,Carlton Ave & Dean St,4199,40.683124,-73.978951,40.6809741,-73.9710097,member
1298735,45A7392C7295BB50,docked_bike,2021-04-02 18:21:15,2021-04-02 18:25:36,Dean St & 4 Ave,4322,Carlton Ave & Dean St,4199,40.683124,-73.978951,40.6809741,-73.9710097,member
1298736,B61F43DDC9C990ED,docked_bike,2021-04-04 13:02:06,2021-04-04 13:05:45,Dean St & 4 Ave,4322,Carlton Ave & Dean St,4199,40.683124,-73.978951,40.6809741,-73.9710097,member
1298738,3D3847DD4F1218FE,docked_bike,2021-04-13 19:30:14,2021-04-13 19:44:57,Union St & Nevins St,4143,Carlton Ave & Dean St,4199,40.679097,-73.987654,40.6809741,-73.9710097,member
1299750,46887C89973FD96E,docked_bike,2021-04-29 07:38:17,2021-04-29 07:49:54,Carlton Ave & Dean St,4199,Union St & Bedford Ave,3879,40.680974,-73.971009,40.6691783,-73.9554162,casual
1307863,1F61292AC29D6AB5,docked_bike,2021-04-01 17:20:26,2021-04-01 17:33:22,Carlton Ave & Dean St,4199,Union St & Bedford Ave,3879,40.680974,-73.971009,40.6691783,-73.9554162,member
1307865,027D0A6F9010475B,docked_bike,2021-04-24 18:48:05,2021-04-24 18:57:06,Carlton Ave & Dean St,4199,Union St & Bedford Ave,3879,40.680974,-73.971009,40.6691783,-73.9554162,member
1323538,C3492CBCDA427CBE,docked_bike,2021-04-10 18:34:14,2021-04-10 18:43:25,Carlton Ave & Dean St,4199,Lafayette Ave & St James Pl,4494,40.680974,-73.971009,40.68851534,-73.9647628,casual
1323549,1D093861FB6DACD6,docked_bike,2021-04-16 10:22:29,2021-04-16 10:33:24,Carlton Ave & Dean St,4199,Front St & Jay St,4895,40.680974,-73.971009,40.702461,-73.986842,member
1323554,86AD5C2831541840,docked_bike,2021-04-24 19:17:08,2021-04-24 19:23:10,Carlton Ave & Dean St,4199,Lafayette Ave & St James Pl,4494,40.680974,-73.971009,40.68851534,-73.9647628,member
1323567,3711CFA6358B3253,docked_bike,2021-04-14 08:40:52,2021-04-14 08:59:00,Carlton Ave & Dean St,4199,Front St & Jay St,4895,40.680974,-73.971009,40.702461,-73.986842,member
1323568,848ADB57595DCDE8,docked_bike,2021-04-24 12:04:29,2021-04-24 12:24:55,Carlton Ave & Dean St,4199,E 5 St & Cooper Sq,5712,40.680974,-73.971009,40.72769,-73.990993,member
1324214,3D4B12C2DC30BE7B,docked_bike,2021-04-16 10:36:10,2021-04-16 10:55:23,Carlton Ave & Dean St,4199,Front St & Jay St,4895,40.680974,-73.971009,40.702461,-73.986842,member
1324219,9FE4B924708BE755,docked_bike,2021-04-13 08:38:31,2021-04-13 08:55:14,Carlton Ave & Dean St,4199,Front St & Jay St,4895,40.680974,-73.971009,40.702461,-73.986842,member
1324220,E0EAD55310D0449A,docked_bike,2021-04-09 08:39:14,2021-04-09 08:54:38,Carlton Ave & Dean St,4199,Front St & Jay St,4895,40.680974,-73.971009,40.702461,-73.986842,member
1324221,FE71196FB628AC2C,docked_bike,2021-04-27 08:39:47,2021-04-27 08:56:57,Carlton Ave & Dean St,4199,Front St & Jay St,4895,40.680974,-73.971009,40.702461,-73.986842,member
1324222,6DF12315F95CFAAF,docked_bike,2021-04-30 08:41:51,2021-04-30 09:00:51,Carlton Ave & Dean St,4199,Front St & Jay St,4895,40.680974,-73.971009,40.702461,-73.986842,member
1330501,7C3539FF3ADB4C13,docked_bike,2021-04-06 08:21:07,2021-04-06 08:28:37,Carlton Ave & Dean St,4199,Lafayette Ave & St James Pl,4494,40.680974,-73.971009,40.68851534,-73.9647628,member
1330504,9A27C5C339C31CC7,docked_bike,2021-04-28 15:33:40,2021-04-28 15:54:21,Carlton Ave & Dean St,4199,Front St & Jay St,4895,40.680974,-73.971009,40.702461,-73.986842,member
1330505,C3ED8E5339FCC4DD,docked_bike,2021-04-17 19:29:09,2021-04-17 19:37:12,Carlton Ave & Dean St,4199,Lafayette Ave & St James Pl,4494,40.680974,-73.971009,40.68851534,-73.9647628,member
1330506,833A8AC39C943E0C,docked_bike,2021-04-17 15:51:21,2021-04-17 15:56:57,Carlton Ave & Dean St,4199,Lafayette Ave & St James Pl,4494,40.680974,-73.971009,40.68851534,-73.9647628,member
1330586,B64D4ED6FF6D1D92,docked_bike,2021-04-15 13:43:38,2021-04-15 13:59:23,Carlton Ave & Dean St,4199,Front St & Jay St,4895,40.680974,-73.971009,40.702461,-73.986842,member
1330587,5A3A72B087D4EF0E,docked_bike,2021-04-30 12:46:08,2021-04-30 14:44:35,Carlton Ave & Dean St,4199,3 St & 3 Ave,4028,40.680974,-73.97101,40.675071,-73.987752,casual
1333033,F7735C6B7551C5EA,docked_bike,2021-04-23 00:13:57,2021-04-23 00:19:26,Carlton Ave & Dean St,4199,Lafayette Ave & St James Pl,4494,40.680974,-73.971009,40.68851534,-73.9647628,member
1333034,8E751C7F0CAEE7DA,docked_bike,2021-04-24 15:17:35,2021-04-24 15:56:00,Carlton Ave & Dean St,4199,E 5 St & Cooper Sq,5712,40.680974,-73.971009,40.72769,-73.990993,member
1350707,14A8861E3179B02B,docked_bike,2021-04-16 15:22:22,2021-04-16 15:32:42,Carlton Ave & Dean St,4199,10 St & 5 Ave,3842,40.680974,-73.971009,40.6686273,-73.98700053,casual
1350708,ABF49324D41F4EC3,docked_bike,2021-04-05 16:23:10,2021-04-05 16:39:40,Carlton Ave & Dean St,4199,10 St & 5 Ave,3842,40.680974,-73.971009,40.6686273,-73.98700053,casual
1350872,BA01C94BFA24A5A0,docked_bike,2021-04-06 20:25:12,2021-04-06 20:35:09,Carlton Ave & Dean St,4199,10 St & 5 Ave,3842,40.680974,-73.97101,40.668627,-73.987001,member
1350964,2BD2614D660774AB,docked_bike,2021-04-14 15:20:13,2021-04-14 16:06:36,Carlton Ave & Dean St,4199,64 St & 3 Ave,2971,40.680974,-73.971009,40.639978,-74.02324,member
1351242,8DB8A7DEA9D18EB7,docked_bike,2021-04-29 19:24:40,2021-04-29 19:35:46,Carlton Ave & Dean St,4199,10 St & 5 Ave,3842,40.680974,-73.971009,40.6686273,-73.98700053,member
1351245,FCEE72054805A013,docked_bike,2021-04-10 20:26:22,2021-04-10 20:33:53,Carlton Ave & Dean St,4199,10 St & 5 Ave,3842,40.680974,-73.971009,40.6686273,-73.98700053,member
1364782,F83E75BD06F5FAE7,docked_bike,2021-04-04 14:50:45,2021-04-04 15:12:10,Carlton Ave & Dean St,4199,Scholes St & Manhattan Ave,5108,40.680974,-73.971009,40.70870368,-73.9448625,casual
1364805,B4DAA929C723EB71,docked_bike,2021-04-29 19:10:46,2021-04-29 19:29:28,Carlton Ave & Dean St,4199,Scholes St & Manhattan Ave,5108,40.680974,-73.971009,40.70870368,-73.9448625,member
1364854,35985A6656B13676,docked_bike,2021-04-13 17:44:13,2021-04-13 17:52:21,Carlton Ave & Dean St,4199,Flushing Ave & Vanderbilt Ave,4762,40.680974,-73.971009,40.69795031569544,-73.97077560424805,member
1364889,27EE7FD24B2E300D,docked_bike,2021-04-24 15:43:24,2021-04-24 15:58:48,Carlton Ave & Dean St,4199,Flushing Ave & Vanderbilt Ave,4762,40.680974,-73.971009,40.69795031569544,-73.97077560424805,casual
1364902,43759B1F3CD6B8F5,docked_bike,2021-04-20 20:04:29,2021-04-20 20:21:26,Carlton Ave & Dean St,4199,Scholes St & Manhattan Ave,5108,40.680974,-73.971009,40.70870368,-73.9448625,member
1365015,677AD9F2F3C7B451,docked_bike,2021-04-18 16:17:48,2021-04-18 16:26:42,Carlton Ave & Dean St,4199,Flushing Ave & Vanderbilt Ave,4762,40.680974,-73.971009,40.69795031569544,-73.97077560424805,casual
1365177,533C67DB5E2E7BE4,docked_bike,2021-04-24 15:43:22,2021-04-24 15:58:22,Carlton Ave & Dean St,4199,Flushing Ave & Vanderbilt Ave,4762,40.680974,-73.971009,40.69795031569544,-73.97077560424805,casual
1365566,1D26BE79142E1986,docked_bike,2021-04-30 15:25:21,2021-04-30 15:38:25,Carlton Ave & Dean St,4199,Flushing Ave & Vanderbilt Ave,4762,40.680974,-73.971009,40.69795031569544,-73.97077560424805,casual
1379644,54D161473E9C2362,docked_bike,2021-04-04 18:08:58,2021-04-04 18:19:28,Carlton Ave & Dean St,4199,Eastern Pkwy & Franklin Ave,3919,40.680974,-73.971009,40.6707767,-73.9576801,member
1379651,587891F95744A315,docked_bike,2021-04-01 17:43:31,2021-04-01 18:00:28,Carlton Ave & Dean St,4199,Eastern Pkwy & Franklin Ave,3919,40.680974,-73.971009,40.6707767,-73.9576801,member
1379684,7475F60FE4A7B036,docked_bike,2021-04-29 09:58:47,2021-04-29 10:11:06,Carlton Ave & Dean St,4199,Jay St & York St,4895,40.680974,-73.971009,40.70140317257725,-73.98672670125961,member
1379692,B76D74D4762B70B3,docked_bike,2021-04-22 08:39:23,2021-04-22 08:56:09,Carlton Ave & Dean St,4199,Jay St & York St,4895,40.680974,-73.971009,40.70140317257725,-73.98672670125961,member
1379693,B5F1A5CEBEE0C31E,docked_bike,2021-04-23 08:44:39,2021-04-23 08:58:54,Carlton Ave & Dean St,4199,Jay St & York St,4895,40.680974,-73.971009,40.70140317257725,-73.98672670125961,member
1379694,30227535BCC8521B,docked_bike,2021-04-29 08:37:44,2021-04-29 08:53:11,Carlton Ave & Dean St,4199,Jay St & York St,4895,40.680974,-73.971009,40.70140317257725,-73.98672670125961,member
1379750,E0A7940EA5CCFBAD,docked_bike,2021-04-14 17:20:36,2021-04-14 17:30:31,Carlton Ave & Dean St,4199,Carroll St & Franklin Ave,3847,40.680974,-73.971009,40.6679411,-73.9588,member
1379751,E22717655121865A,docked_bike,2021-04-16 09:36:13,2021-04-16 09:46:23,Carlton Ave & Dean St,4199,Jay St & York St,4895,40.680974,-73.971009,40.70140317257725,-73.98672670125961,member
1379796,2924754833474B64,docked_bike,2021-04-17 13:13:46,2021-04-17 13:22:55,Carlton Ave & Dean St,4199,Eastern Pkwy & Franklin Ave,3919,40.680974,-73.971009,40.6707767,-73.9576801,member
1379798,166783303710FC6A,docked_bike,2021-04-08 18:55:43,2021-04-08 19:22:46,Carlton Ave & Dean St,4199,E 1 St & 1 Ave,5593,40.680974,-73.971009,40.72335597960796,-73.98864984512329,member
1387930,560964A1F6F51DAB,docked_bike,2021-04-21 08:36:23,2021-04-21 08:46:59,Carlton Ave & Dean St,4199,Jay St & York St,4895,40.680974,-73.971009,40.70140317257725,-73.98672670125961,member
1387935,1167267B749E3434,docked_bike,2021-04-17 14:32:27,2021-04-17 14:40:16,Carlton Ave & Dean St,4199,Carroll St & Franklin Ave,3847,40.680974,-73.971009,40.6679411,-73.9588,member
1387967,F0F080099B3A4837,docked_bike,2021-04-24 11:07:58,2021-04-24 11:19:28,Carlton Ave & Dean St,4199,Eastern Pkwy & Franklin Ave,3919,40.680974,-73.971009,40.6707767,-73.9576801,member
1387983,0BCB1C9652711BF0,docked_bike,2021-04-10 10:27:44,2021-04-10 10:41:12,Carlton Ave & Dean St,4199,Carroll St & Franklin Ave,3847,40.680974,-73.971009,40.6679411,-73.9588,casual
1387988,66784BE31DFBC63B,docked_bike,2021-04-02 08:34:18,2021-04-02 08:50:56,Carlton Ave & Dean St,4199,Jay St & York St,4895,40.680974,-73.971009,40.70140317257725,-73.98672670125961,member
1387993,0DC123B9DC02F35B,docked_bike,2021-04-08 17:06:34,2021-04-08 17:28:21,Carlton Ave & Dean St,4199,Carroll St & Franklin Ave,3847,40.680974,-73.97101,40.667941,-73.9588,casual
1387998,34281DFC6A904E74,docked_bike,2021-04-13 17:41:46,2021-04-13 17:52:20,Carlton Ave & Dean St,4199,Eastern Pkwy & Franklin Ave,3919,40.680974,-73.971009,40.6707767,-73.9576801,member
1388004,BAF5BB8E9912F05B,docked_bike,2021-04-21 08:43:42,2021-04-21 08:58:48,Carlton Ave & Dean St,4199,Jay St & York St,4895,40.680974,-73.971009,40.70140317257725,-73.98672670125961,member
1388005,3870E0C553D9FDB1,docked_bike,2021-04-26 08:37:47,2021-04-26 08:54:36,Carlton Ave & Dean St,4199,Jay St & York St,4895,40.680974,-73.971009,40.70140317257725,-73.98672670125961,member
1388006,ADCC4FE3A16837AD,docked_bike,2021-04-07 08:26:22,2021-04-07 08:43:23,Carlton Ave & Dean St,4199,Jay St & York St,4895,40.680974,-73.971009,40.70140317257725,-73.98672670125961,member
1388007,1D57A08D9753241D,docked_bike,2021-04-20 08:43:26,2021-04-20 09:00:50,Carlton Ave & Dean St,4199,Jay St & York St,4895,40.680974,-73.971009,40.70140317257725,-73.98672670125961,member
1388008,42FE9787EBD8EBDA,docked_bike,2021-04-15 08:59:20,2021-04-15 09:15:09,Carlton Ave & Dean St,4199,Jay St & York St,4895,40.680974,-73.971009,40.70140317257725,-73.98672670125961,member
1388009,9135EA46378A61F0,docked_bike,2021-04-16 08:42:40,2021-04-16 08:57:39,Carlton Ave & Dean St,4199,Jay St & York St,4895,40.680974,-73.971009,40.70140317257725,-73.98672670125961,member
1388012,48122A10C5410C82,docked_bike,2021-04-04 12:51:31,2021-04-04 13:21:46,Carlton Ave & Dean St,4199,E 1 St & 1 Ave,5593,40.680974,-73.971009,40.72335597960796,-73.98864984512329,casual
1389891,783583091CDAA78A,docked_bike,2021-04-17 13:12:37,2021-04-17 13:26:38,Carlton Ave & Dean St,4199,Eastern Pkwy & Franklin Ave,3919,40.680974,-73.971009,40.6707767,-73.9576801,member
1389902,DEC3BEE2AF3EC6C9,docked_bike,2021-04-21 16:30:45,2021-04-21 16:45:49,Carlton Ave & Dean St,4199,Eastern Pkwy & Franklin Ave,3919,40.680974,-73.971009,40.6707767,-73.9576801,member
1397024,839557A42AF2CEA7,docked_bike,2021-04-30 10:50:46,2021-04-30 11:01:33,Carlton Ave & Dean St,4199,Jay St & York St,4895,40.680974,-73.971009,40.70140317257725,-73.98672670125961,member
1397121,DAADC3FED52E7BF0,docked_bike,2021-04-28 08:38:47,2021-04-28 08:54:48,Carlton Ave & Dean St,4199,Jay St & York St,4895,40.680974,-73.971009,40.70140317257725,-73.98672670125961,member
1399117,89F6C15F94D66FED,docked_bike,2021-04-14 11:17:00,2021-04-14 11:24:53,Carlton Ave & Dean St,4199,Carroll St & Franklin Ave,3847,40.680974,-73.971009,40.6679411,-73.9588,member
1399124,D68B56BBB34AE828,docked_bike,2021-04-04 15:07:12,2021-04-04 15:20:38,Carlton Ave & Dean St,4199,Eastern Pkwy & Franklin Ave,3919,40.680974,-73.971009,40.6707767,-73.9576801,casual
1399134,B9A2AD01C8C9A65A,docked_bike,2021-04-19 08:39:31,2021-04-19 08:56:46,Carlton Ave & Dean St,4199,Jay St & York St,4895,40.680974,-73.971009,40.70140317257725,-73.98672670125961,member
1424581,D93197AC488ADA69,docked_bike,2021-04-10 13:23:31,2021-04-10 13:43:01,Carlton Ave & Dean St,4199,Windsor Pl & 8 Ave,3620,40.680974,-73.971009,40.660906,-73.983074,member
1431290,5F4E5579154CBBB2,docked_bike,2021-04-26 11:11:43,2021-04-26 11:18:42,Carlton Ave & Dean St,4199,Hanson Pl & Ashland Pl,4395,40.680974,-73.971009,40.68506807308177,-73.97790759801863,member
1431316,319329C0A50D377D,docked_bike,2021-04-01 15:39:00,2021-04-01 15:50:15,Carlton Ave & Dean St,4199,Hanson Pl & Ashland Pl,4395,40.680974,-73.971009,40.68506807308177,-73.97790759801863,member
1431320,4CD127AC5C910132,docked_bike,2021-04-21 07:24:21,2021-04-21 07:33:50,Carlton Ave & Dean St,4199,Dock 72 Way & Market St,4804,40.680974,-73.971009,40.69985,-73.97141,casual
1431321,990C4B6CC30980C8,docked_bike,2021-04-30 21:18:19,2021-04-30 21:24:39,Carlton Ave & Dean St,4199,Hanson Pl & Ashland Pl,4395,40.680974,-73.971009,40.68506807308177,-73.97790759801863,member
1431836,1770777BFBD373D1,docked_bike,2021-04-02 13:30:17,2021-04-02 13:39:10,Carlton Ave & Dean St,4199,Hanson Pl & Ashland Pl,4395,40.680974,-73.971009,40.68506807308177,-73.97790759801863,member
1431837,86E7D3A4F28746EB,docked_bike,2021-04-17 14:14:39,2021-04-17 14:29:46,Carlton Ave & Dean St,4199,Hanson Pl & Ashland Pl,4395,40.680974,-73.971009,40.68506807308177,-73.97790759801863,member
1436311,ECFA0FFCD9DFFD45,docked_bike,2021-04-09 19:14:06,2021-04-09 19:18:32,Carlton Ave & Dean St,4199,Hanson Pl & Ashland Pl,4395,40.680974,-73.971009,40.68506807308177,-73.97790759801863,member
1436605,D631D2F475F07067,docked_bike,2021-04-27 07:17:13,2021-04-27 07:25:36,Carlton Ave & Dean St,4199,Dock 72 Way & Market St,4804,40.680974,-73.971009,40.69985,-73.97141,casual
1440790,3F10E7A79EAFD026,docked_bike,2021-04-16 14:35:28,2021-04-16 14:41:34,Carlton Ave & Dean St,4199,Hanson Pl & Ashland Pl,4395,40.680974,-73.971009,40.68506807308177,-73.97790759801863,member
1440808,83017E9B06062341,docked_bike,2021-04-29 07:22:20,2021-04-29 07:30:12,Carlton Ave & Dean St,4199,Dock 72 Way & Market St,4804,40.680974,-73.971009,40.69985,-73.97141,casual
1440811,CF4B867163E6DA68,docked_bike,2021-04-07 07:24:50,2021-04-07 07:33:21,Carlton Ave & Dean St,4199,Dock 72 Way & Market St,4804,40.680974,-73.971009,40.69985,-73.97141,casual
1458992,0396CE6B2B339421,docked_bike,2021-04-17 21:46:09,2021-04-17 22:15:15,Carlton Ave & Dean St,4199,Stanton St & Chrystie St,5523,40.680974,-73.971009,40.72229346,-73.99147535,member
1458995,6326833FC34BCC1A,docked_bike,2021-04-10 09:36:26,2021-04-10 09:39:07,Carlton Ave & Dean St,4199,Cumberland St & Lafayette Ave,4428,40.680974,-73.971009,40.68753406,-73.97265183,member
1458997,EA5633A4D8AE0BED,docked_bike,2021-04-30 18:05:56,2021-04-30 18:10:45,Carlton Ave & Dean St,4199,Cumberland St & Lafayette Ave,4428,40.680974,-73.971009,40.68753406,-73.97265183,member
1459000,75B7EE40074D7F00,docked_bike,2021-04-30 12:24:02,2021-04-30 12:36:14,Carlton Ave & Dean St,4199,Carroll St & Washington Ave,3887,40.680974,-73.971009,40.6686744,-73.9618148,member
1461577,F6C1E24CC51D495D,docked_bike,2021-04-25 17:33:25,2021-04-25 17:38:22,Carlton Ave & Dean St,4199,Cumberland St & Lafayette Ave,4428,40.680974,-73.971009,40.68753406,-73.97265183,member
1461581,FD370B078448B7E9,docked_bike,2021-04-15 22:11:49,2021-04-15 22:15:50,Carlton Ave & Dean St,4199,Cumberland St & Lafayette Ave,4428,40.680974,-73.971009,40.68753406,-73.97265183,member
1461680,F441CC471BA0EC4D,docked_bike,2021-04-21 16:50:23,2021-04-21 16:54:00,Carlton Ave & Dean St,4199,Cumberland St & Lafayette Ave,4428,40.680974,-73.971009,40.68753406,-73.97265183,casual
1461685,E7034EE65796252E,docked_bike,2021-04-03 00:47:28,2021-04-03 00:51:20,Carlton Ave & Dean St,4199,Cumberland St & Lafayette Ave,4428,40.680974,-73.97101,40.687534,-73.972652,member
1461687,339DF5FFEADA3463,docked_bike,2021-04-27 21:43:18,2021-04-27 21:47:50,Carlton Ave & Dean St,4199,Cumberland St & Lafayette Ave,4428,40.680974,-73.971009,40.68753406,-73.97265183,casual
1461689,AF0354E35A2DD9F3,docked_bike,2021-04-19 23:28:15,2021-04-19 23:35:06,Carlton Ave & Dean St,4199,Carroll St & Washington Ave,3887,40.680974,-73.971009,40.6686744,-73.9618148,casual
1461691,E5003A5CA12854A2,docked_bike,2021-04-05 11:40:53,2021-04-05 11:45:10,Carlton Ave & Dean St,4199,Cumberland St & Lafayette Ave,4428,40.680974,-73.971009,40.68753406,-73.97265183,member
1461706,0A8A18D2FD49EF5B,docked_bike,2021-04-23 18:13:02,2021-04-23 18:19:31,Carlton Ave & Dean St,4199,Cumberland St & Lafayette Ave,4428,40.680974,-73.971009,40.68753406,-73.97265183,casual
1461713,A2ED5FD8ED55458E,docked_bike,2021-04-03 17:19:15,2021-04-03 17:24:30,Carlton Ave & Dean St,4199,Cumberland St & Lafayette Ave,4428,40.680974,-73.971009,40.68753406,-73.97265183,member
1461717,AF9C3E491BE8377D,docked_bike,2021-04-05 18:46:24,2021-04-05 19:24:20,Carlton Ave & Dean St,4199,Cumberland St & Lafayette Ave,4428,40.680974,-73.971009,40.68753406,-73.97265183,member
1461719,96F81BC8395B4D46,docked_bike,2021-04-10 16:13:22,2021-04-10 16:18:38,Carlton Ave & Dean St,4199,Cumberland St & Lafayette Ave,4428,40.680974,-73.971009,40.68753406,-73.97265183,member
1461723,C96D43673DF39FD2,docked_bike,2021-04-25 08:47:19,2021-04-25 08:51:18,Carlton Ave & Dean St,4199,Cumberland St & Lafayette Ave,4428,40.680974,-73.971009,40.68753406,-73.97265183,member
1461724,33D64C999FD71D7D,docked_bike,2021-04-02 19:37:30,2021-04-02 19:42:12,Carlton Ave & Dean St,4199,Cumberland St & Lafayette Ave,4428,40.680974,-73.97101,40.687534,-73.972652,member
1461980,393F33E6350217CE,docked_bike,2021-04-02 18:53:45,2021-04-02 18:58:08,Carlton Ave & Dean St,4199,Prospect Pl & Underhill Ave,4116,40.680974,-73.971009,40.6769694,-73.96579,member
1461981,822F7BBBA9F75D68,docked_bike,2021-04-29 23:58:36,2021-04-30 00:01:31,Carlton Ave & Dean St,4199,Cumberland St & Lafayette Ave,4428,40.680974,-73.971009,40.68753406,-73.97265183,member
1461982,A670EAE5D6010413,docked_bike,2021-04-10 14:49:36,2021-04-10 14:56:06,Carlton Ave & Dean St,4199,Prospect Pl & Underhill Ave,4116,40.680974,-73.971009,40.6769694,-73.96579,member
1461983,D09190F680C49782,docked_bike,2021-04-26 12:48:04,2021-04-26 12:52:34,Carlton Ave & Dean St,4199,Prospect Pl & Underhill Ave,4116,40.680974,-73.971009,40.6769694,-73.96579,member
1461984,F08D2CB31A66E96A,docked_bike,2021-04-02 13:39:54,2021-04-02 13:45:15,Carlton Ave & Dean St,4199,Prospect Pl & Underhill Ave,4116,40.680974,-73.971009,40.6769694,-73.96579,member
1462640,6F1EEAAC2B81B914,docked_bike,2021-04-26 15:42:31,2021-04-26 15:45:57,Carlton Ave & Dean St,4199,Prospect Pl & Underhill Ave,4116,40.680974,-73.971009,40.6769694,-73.96579,member
1462643,46703E9F8C37463C,docked_bike,2021-04-18 20:43:52,2021-04-18 20:48:00,Carlton Ave & Dean St,4199,Prospect Pl & Underhill Ave,4116,40.680974,-73.971009,40.6769694,-73.96579,member
1471707,F0DE1D72070EE586,docked_bike,2021-04-15 07:04:57,2021-04-15 07:34:55,Carlton Ave & Dean St,4199,W 21 St & 6 Ave,6140,40.680974,-73.971009,40.74173969,-73.99415556,casual
1485752,5B8DEA724D0DF8E6,docked_bike,2021-04-18 16:50:12,2021-04-18 17:15:54,Carlton Ave & Dean St,4199,Coffey St & Conover St,4137,40.680974,-73.971009,40.677236,-74.015665,casual
1485766,2DA5D3C8AEB78415,docked_bike,2021-04-15 21:07:23,2021-04-15 21:13:08,Carlton Ave & Dean St,4199,Dean St & 4 Ave,4322,40.680974,-73.971009,40.68312489,-73.97895137,member
1485771,039B6CA8C7624682,docked_bike,2021-04-01 07:06:54,2021-04-01 07:10:12,Carlton Ave & Dean St,4199,Dean St & 4 Ave,4322,40.680974,-73.97101,40.683125,-73.978951,member
1485774,4980910A7D644BE1,docked_bike,2021-04-18 16:21:02,2021-04-18 17:58:44,Carlton Ave & Dean St,4199,Coffey St & Conover St,4137,40.680974,-73.971009,40.677236,-74.015665,casual
1485798,F443EE02208E5D2E,docked_bike,2021-04-02 07:10:05,2021-04-02 07:12:56,Carlton Ave & Dean St,4199,Dean St & 4 Ave,4322,40.680974,-73.97101,40.683125,-73.978951,member
1485828,C1DA2B6D04211549,docked_bike,2021-04-01 18:16:35,2021-04-01 18:27:44,Carlton Ave & Dean St,4199,Dean St & 4 Ave,4322,40.680974,-73.971009,40.68312489,-73.97895137,member
1485980,F23E9C36D6DFC465,docked_bike,2021-04-04 11:59:49,2021-04-04 12:36:40,Carlton Ave & Dean St,4199,Dean St & 4 Ave,4322,40.680974,-73.971009,40.68312489,-73.97895137,member
1486023,AC42F2E5FFDD427E,docked_bike,2021-04-25 14:05:52,2021-04-25 14:35:20,Carlton Ave & Dean St,4199,Union St & Nevins St,4143,40.680974,-73.971009,40.67909799721684,-73.98765474557877,member
1486036,344516C44F79D16B,docked_bike,2021-04-10 11:25:10,2021-04-10 11:38:57,Carlton Ave & Dean St,4199,Union St & Nevins St,4143,40.680974,-73.971009,40.67909799721684,-73.98765474557877,member
1495837,8026CDAF8343330E,docked_bike,2021-04-26 18:54:09,2021-04-26 19:00:29,Carlton Ave & Dean St,4199,Fulton St & Waverly Ave,4345,40.680974,-73.971009,40.68323865460341,-73.96599590778351,casual
1495857,F34BE656E74EE61D,docked_bike,2021-04-28 09:14:24,2021-04-28 09:19:04,Carlton Ave & Dean St,4199,Fulton St & Waverly Ave,4345,40.680974,-73.971009,40.68323865460341,-73.96599590778351,member
1495870,D390305712CAE723,docked_bike,2021-04-20 10:06:58,2021-04-20 10:11:51,Carlton Ave & Dean St,4199,Fulton St & Waverly Ave,4345,40.680974,-73.971009,40.68323865460341,-73.96599590778351,member
1495878,62E0A060D53AD9D9,docked_bike,2021-04-13 10:50:43,2021-04-13 10:54:50,Carlton Ave & Dean St,4199,Fulton St & Waverly Ave,4345,40.680974,-73.971009,40.68323865460341,-73.96599590778351,member
1495946,8439B76BFE5A25BA,docked_bike,2021-04-28 19:19:34,2021-04-28 19:23:14,Carlton Ave & Dean St,4199,Fulton St & Waverly Ave,4345,40.680974,-73.971009,40.68323865460341,-73.96599590778351,member
1495947,E2398635BFA7A15A,docked_bike,2021-04-13 17:17:53,2021-04-13 17:27:11,Carlton Ave & Dean St,4199,Fulton St & Waverly Ave,4345,40.680974,-73.971009,40.68323865460341,-73.96599590778351,member
1495963,0DA2F937CF942C7F,docked_bike,2021-04-29 11:22:47,2021-04-29 11:28:19,Carlton Ave & Dean St,4199,Fulton St & Waverly Ave,4345,40.680974,-73.971009,40.68323865460341,-73.96599590778351,member
1495965,F19F12E48BE863C5,docked_bike,2021-04-04 18:25:08,2021-04-04 18:29:35,Carlton Ave & Dean St,4199,Fulton St & Waverly Ave,4345,40.680974,-73.97101,40.683239,-73.965996,member
1495966,E7990F19B85ED6C2,docked_bike,2021-04-29 18:33:43,2021-04-29 19:01:27,Carlton Ave & Dean St,4199,E 17 St & Broadway,5980,40.680974,-73.971009,40.73704984,-73.99009296,member
1495967,76F76CD66C24FDD4,docked_bike,2021-04-23 14:51:37,2021-04-23 14:57:41,Carlton Ave & Dean St,4199,Fulton St & Waverly Ave,4345,40.680974,-73.971009,40.68323865460341,-73.96599590778351,member
1495971,BB775EB67266122D,docked_bike,2021-04-28 18:46:51,2021-04-28 18:51:32,Carlton Ave & Dean St,4199,Fulton St & Waverly Ave,4345,40.680974,-73.971009,40.68323865460341,-73.96599590778351,member
1496092,9CB1F856D79DD7BC,docked_bike,2021-04-23 20:05:20,2021-04-23 20:30:39,Carlton Ave & Dean St,4199,Putnam Ave & Nostrand Ave,4327,40.680974,-73.971009,40.68402,-73.94977,member
1497052,5ACBD922F92F51F0,docked_bike,2021-04-10 06:40:03,2021-04-10 07:07:29,Carlton Ave & Dean St,4199,E 17 St & Broadway,5980,40.680974,-73.971009,40.73704984,-73.99009296,member
1497054,B8F5EC6C07EBB0A4,docked_bike,2021-04-09 00:41:49,2021-04-09 00:47:27,Carlton Ave & Dean St,4199,Fulton St & Waverly Ave,4345,40.680974,-73.971009,40.68323865460341,-73.96599590778351,member
1497715,CA08216F1FE9114F,docked_bike,2021-04-08 16:55:16,2021-04-08 17:00:29,Carlton Ave & Dean St,4199,Fulton St & Waverly Ave,4345,40.680974,-73.971009,40.68323865460341,-73.96599590778351,member
1497716,E4CBCAF77C772BF2,docked_bike,2021-04-28 11:42:15,2021-04-28 11:48:54,Carlton Ave & Dean St,4199,Fulton St & Waverly Ave,4345,40.680974,-73.971009,40.68323865460341,-73.96599590778351,member
1497717,C86C8AC09E1B8C11,docked_bike,2021-04-26 18:54:18,2021-04-26 19:00:46,Carlton Ave & Dean St,4199,Fulton St & Waverly Ave,4345,40.680974,-73.971009,40.68323865460341,-73.96599590778351,casual
1501034,1B5A9936DBD3A176,docked_bike,2021-04-13 18:52:10,2021-04-13 19:05:52,Carlton Ave & Dean St,4199,Putnam Ave & Nostrand Ave,4327,40.680974,-73.971009,40.68402,-73.94977,member
1506341,20806EC9AD73B511,docked_bike,2021-04-02 10:44:17,2021-04-02 10:49:30,Carlton Ave & Dean St,4199,Fulton St & Waverly Ave,4345,40.680974,-73.971009,40.68323865460341,-73.96599590778351,member
1522493,D1A001BF57B5ACDC,docked_bike,2021-04-06 10:06:16,2021-04-06 10:14:01,Carlton Ave & Dean St,4199,Pacific St & Nevins St,4362,40.680974,-73.97101,40.685376,-73.983021,casual
1522508,16CE3A286435B263,docked_bike,2021-04-17 08:08:16,2021-04-17 08:16:37,Carlton Ave & Dean St,4199,Pacific St & Nevins St,4362,40.680974,-73.971009,40.6853761,-73.98302136,member
1522509,2420E21E9AA92F9B,docked_bike,2021-04-18 08:16:41,2021-04-18 08:23:19,Carlton Ave & Dean St,4199,Pacific St & Nevins St,4362,40.680974,-73.971009,40.6853761,-73.98302136,member
1522593,1A544938A7B737EA,docked_bike,2021-04-20 19:16:35,2021-04-20 19:40:51,Carlton Ave & Dean St,4199,E 3 St & 1 Ave,5553,40.680974,-73.971009,40.72467721,-73.98783413,casual
1522594,9379113B8D075DFB,docked_bike,2021-04-29 16:39:15,2021-04-29 16:47:23,Carlton Ave & Dean St,4199,Pacific St & Nevins St,4362,40.680974,-73.971009,40.6853761,-73.98302136,member
1522679,9097AEED0B0C948A,docked_bike,2021-04-20 12:04:53,2021-04-20 12:16:45,Carlton Ave & Dean St,4199,Clark St & Henry St,4789,40.680974,-73.971009,40.69760127,-73.99344559,member
1522728,B5BAF6AAA5AB694D,docked_bike,2021-04-17 18:44:39,2021-04-17 18:54:06,Carlton Ave & Dean St,4199,Pacific St & Nevins St,4362,40.680974,-73.971009,40.6853761,-73.98302136,member
1522729,1B02A75740AD487E,docked_bike,2021-04-18 18:29:32,2021-04-18 18:40:53,Carlton Ave & Dean St,4199,Pacific St & Nevins St,4362,40.680974,-73.971009,40.6853761,-73.98302136,member
1522731,ABFEF871D0BE2A42,docked_bike,2021-04-16 18:10:27,2021-04-16 18:45:41,Carlton Ave & Dean St,4199,Vernon Blvd & 47 Rd,6212,40.680974,-73.971009,40.7449067,-73.9534573,casual
1522734,C606BFDB6D86113D,docked_bike,2021-04-29 07:04:36,2021-04-29 07:08:35,Carlton Ave & Dean St,4199,Pacific St & Nevins St,4362,40.680974,-73.971009,40.6853761,-73.98302136,member
1523015,42D8756B03011956,docked_bike,2021-04-16 15:37:24,2021-04-16 15:46:44,Carlton Ave & Dean St,4199,Pacific St & Nevins St,4362,40.680974,-73.971009,40.6853761,-73.98302136,member
1523023,7DF42A298354D555,docked_bike,2021-04-16 18:07:03,2021-04-16 18:16:56,Carlton Ave & Dean St,4199,Pacific St & Nevins St,4362,40.680974,-73.971009,40.6853761,-73.98302136,member
1525987,3F51490543F5731A,docked_bike,2021-04-15 18:29:16,2021-04-15 18:37:33,Carlton Ave & Dean St,4199,Pacific St & Nevins St,4362,40.680974,-73.971009,40.6853761,-73.98302136,member
1525988,689E9402D882C5E6,docked_bike,2021-04-01 20:51:23,2021-04-01 21:05:05,Carlton Ave & Dean St,4199,Clark St & Henry St,4789,40.680974,-73.971009,40.69760127,-73.99344559,member
1545635,1A8494577EFE2A7B,docked_bike,2021-04-20 14:02:32,2021-04-20 14:16:36,Carlton Ave & Dean St,4199,7 St & 3 Ave,3996,40.680974,-73.971009,40.67260298150126,-73.98983001708984,member
1545643,640272E211EB99FC,docked_bike,2021-04-23 12:39:56,2021-04-23 12:52:50,Carlton Ave & Dean St,4199,7 St & 3 Ave,3996,40.680974,-73.971009,40.67260298150126,-73.98983001708984,member
1545645,0650F50B2558774D,docked_bike,2021-04-05 12:33:13,2021-04-05 12:45:12,Carlton Ave & Dean St,4199,7 St & 3 Ave,3996,40.680974,-73.971009,40.67260298150126,-73.98983001708984,member
1545655,68261716964E84D8,docked_bike,2021-04-04 11:17:54,2021-04-04 11:37:56,Carlton Ave & Dean St,4199,S 5 Pl & S 5 St,5125,40.680974,-73.971009,40.710451,-73.960876,casual
1545844,8A7DAEA8BE5988B5,docked_bike,2021-04-29 08:26:42,2021-04-29 08:37:36,Carlton Ave & Dean St,4199,7 St & 3 Ave,3996,40.680974,-73.971009,40.67260298150126,-73.98983001708984,member
1545850,E9BC7E754EFC030B,docked_bike,2021-04-28 08:25:08,2021-04-28 08:37:15,Carlton Ave & Dean St,4199,7 St & 3 Ave,3996,40.680974,-73.971009,40.67260298150126,-73.98983001708984,member
1545854,DB8B90FF5D112A6A,docked_bike,2021-04-21 08:38:38,2021-04-21 08:51:15,Carlton Ave & Dean St,4199,7 St & 3 Ave,3996,40.680974,-73.971009,40.67260298150126,-73.98983001708984,member
1545875,E82EED9B16BBA455,docked_bike,2021-04-14 08:41:37,2021-04-14 08:53:26,Carlton Ave & Dean St,4199,7 St & 3 Ave,3996,40.680974,-73.971009,40.67260298150126,-73.98983001708984,member
1545876,CB71A62F654C1A42,docked_bike,2021-04-22 08:33:38,2021-04-22 08:45:17,Carlton Ave & Dean St,4199,7 St & 3 Ave,3996,40.680974,-73.971009,40.67260298150126,-73.98983001708984,member
1545877,DB452E477CBE6CFF,docked_bike,2021-04-20 08:36:56,2021-04-20 08:49:32,Carlton Ave & Dean St,4199,7 St & 3 Ave,3996,40.680974,-73.971009,40.67260298150126,-73.98983001708984,member
1545919,5CB2AC26D5FFB6E4,docked_bike,2021-04-06 08:40:38,2021-04-06 08:53:18,Carlton Ave & Dean St,4199,7 St & 3 Ave,3996,40.680974,-73.971009,40.67260298150126,-73.98983001708984,member
1546824,5F395B2B773EB87D,docked_bike,2021-04-19 08:41:22,2021-04-19 08:53:40,Carlton Ave & Dean St,4199,7 St & 3 Ave,3996,40.680974,-73.971009,40.67260298150126,-73.98983001708984,member
1546997,E1B6AB1EC777607C,docked_bike,2021-04-19 13:40:06,2021-04-19 14:03:25,Carlton Ave & Dean St,4199,S 5 Pl & S 5 St,5125,40.680974,-73.971009,40.710451,-73.960876,member
1549415,E9EF8531E2F96947,docked_bike,2021-04-17 11:40:45,2021-04-17 11:55:56,Carlton Ave & Dean St,4199,Stagg St & Union Ave,5117,40.680974,-73.971009,40.70877084,-73.95095259,member
1557770,C064E7EE412AE36A,docked_bike,2021-04-16 10:31:51,2021-04-16 10:34:32,Carlton Ave & Dean St,4199,Atlantic Ave & Fort Greene Pl,4354,40.680974,-73.971009,40.68382604,-73.97632328,member
1557771,E559D1694F13DA03,docked_bike,2021-04-15 13:20:12,2021-04-15 13:22:42,Carlton Ave & Dean St,4199,Atlantic Ave & Fort Greene Pl,4354,40.680974,-73.971009,40.68382604,-73.97632328,member
1557796,584E920C3596E436,docked_bike,2021-04-18 13:02:41,2021-04-18 13:06:27,Carlton Ave & Dean St,4199,Atlantic Ave & Fort Greene Pl,4354,40.680974,-73.971009,40.68382604,-73.97632328,member
1557801,A362428AE7670F4A,docked_bike,2021-04-12 19:25:45,2021-04-12 19:30:47,Carlton Ave & Dean St,4199,Atlantic Ave & Fort Greene Pl,4354,40.680974,-73.971009,40.68382604,-73.97632328,member
1557805,2371D47936485F24,docked_bike,2021-04-05 11:59:39,2021-04-05 12:01:54,Carlton Ave & Dean St,4199,Atlantic Ave & Fort Greene Pl,4354,40.680974,-73.971009,40.68382604,-73.97632328,member
1557818,C53D1F32EF74BBD6,docked_bike,2021-04-30 05:59:06,2021-04-30 06:01:22,Carlton Ave & Dean St,4199,Atlantic Ave & Fort Greene Pl,4354,40.680974,-73.971009,40.68382604,-73.97632328,member
1557822,08517CD69B8B3967,docked_bike,2021-04-17 11:01:52,2021-04-17 11:04:52,Carlton Ave & Dean St,4199,Atlantic Ave & Fort Greene Pl,4354,40.680974,-73.971009,40.68382604,-73.97632328,member
1557823,BECF6C56FE7B6F8C,docked_bike,2021-04-27 18:28:43,2021-04-27 18:31:58,Carlton Ave & Dean St,4199,Atlantic Ave & Fort Greene Pl,4354,40.680974,-73.971009,40.68382604,-73.97632328,member
1557824,8B4C10A6ABBC22A0,docked_bike,2021-04-06 15:27:22,2021-04-06 15:31:40,Carlton Ave & Dean St,4199,Atlantic Ave & Fort Greene Pl,4354,40.680974,-73.971009,40.68382604,-73.97632328,member
1557827,71192C371F668E0A,docked_bike,2021-04-20 13:04:35,2021-04-20 13:07:40,Carlton Ave & Dean St,4199,Atlantic Ave & Fort Greene Pl,4354,40.680974,-73.971009,40.68382604,-73.97632328,member
1557833,4FD00AFA25A7F56E,docked_bike,2021-04-24 11:08:28,2021-04-24 11:11:55,Carlton Ave & Dean St,4199,Atlantic Ave & Fort Greene Pl,4354,40.680974,-73.971009,40.68382604,-73.97632328,member
1564803,8A4BEF642F064EF7,docked_bike,2021-04-20 09:03:23,2021-04-20 09:05:42,Carlton Ave & Dean St,4199,Atlantic Ave & Fort Greene Pl,4354,40.680974,-73.971009,40.68382604,-73.97632328,member
1564804,EA0B3944C079E382,docked_bike,2021-04-13 08:14:40,2021-04-13 08:17:22,Carlton Ave & Dean St,4199,Atlantic Ave & Fort Greene Pl,4354,40.680974,-73.971009,40.68382604,-73.97632328,member
1564824,6CD4E2D86E4CC0B6,docked_bike,2021-04-28 21:10:46,2021-04-28 21:16:40,Carlton Ave & Dean St,4199,Atlantic Ave & Fort Greene Pl,4354,40.680974,-73.971009,40.68382604,-73.97632328,member
1564825,C38B519CD368AB32,docked_bike,2021-04-25 17:56:01,2021-04-25 17:59:06,Carlton Ave & Dean St,4199,Atlantic Ave & Fort Greene Pl,4354,40.680974,-73.971009,40.68382604,-73.97632328,member
1564826,E2D05553B2FC924A,docked_bike,2021-04-05 17:14:58,2021-04-05 17:18:24,Carlton Ave & Dean St,4199,Atlantic Ave & Fort Greene Pl,4354,40.680974,-73.971009,40.68382604,-73.97632328,member
1564827,B3F8FBDA926ECD67,docked_bike,2021-04-10 17:31:22,2021-04-10 17:34:18,Carlton Ave & Dean St,4199,Atlantic Ave & Fort Greene Pl,4354,40.680974,-73.971009,40.68382604,-73.97632328,member
1564837,E1B3CB60F6DF9C6B,docked_bike,2021-04-06 16:46:22,2021-04-06 16:51:11,Carlton Ave & Dean St,4199,Atlantic Ave & Fort Greene Pl,4354,40.680974,-73.971009,40.68382604,-73.97632328,member
1564852,0398A4AB844F7735,docked_bike,2021-04-13 20:54:05,2021-04-13 20:58:30,Carlton Ave & Dean St,4199,Atlantic Ave & Fort Greene Pl,4354,40.680974,-73.971009,40.68382604,-73.97632328,member
1564854,B82C78B362A9EBEE,docked_bike,2021-04-10 12:05:00,2021-04-10 12:08:12,Carlton Ave & Dean St,4199,Atlantic Ave & Fort Greene Pl,4354,40.680974,-73.971009,40.68382604,-73.97632328,member
1564857,E2B2599C96C890F1,docked_bike,2021-04-19 07:06:52,2021-04-19 07:18:32,Carlton Ave & Dean St,4199,Atlantic Ave & Fort Greene Pl,4354,40.680974,-73.971009,40.68382604,-73.97632328,member
1564880,9627EA49893D7BD5,docked_bike,2021-04-29 12:40:28,2021-04-29 13:28:23,Carlton Ave & Dean St,4199,Riverside Dr & W 78 St,7340,40.680974,-73.971009,40.78414472,-73.98362492,member
1564881,A0E4A2012F5263B0,docked_bike,2021-04-19 12:38:36,2021-04-19 13:27:06,Carlton Ave & Dean St,4199,Riverside Dr & W 78 St,7340,40.680974,-73.971009,40.78414472,-73.98362492,member
1564884,677A8F5DC4135892,docked_bike,2021-04-19 17:56:52,2021-04-19 18:03:11,Carlton Ave & Dean St,4199,Atlantic Ave & Fort Greene Pl,4354,40.680974,-73.971009,40.68382604,-73.97632328,member
1564885,AF80007C8BCFE6EA,docked_bike,2021-04-14 20:53:22,2021-04-14 20:58:38,Carlton Ave & Dean St,4199,Atlantic Ave & Fort Greene Pl,4354,40.680974,-73.971009,40.68382604,-73.97632328,member
1564890,D8BD661E1616CB82,docked_bike,2021-04-30 16:08:52,2021-04-30 16:12:26,Carlton Ave & Dean St,4199,Atlantic Ave & Fort Greene Pl,4354,40.680974,-73.971009,40.68382604,-73.97632328,member
1571934,DC0FE8C6415050CA,docked_bike,2021-04-29 18:27:14,2021-04-29 18:30:59,Carlton Ave & Dean St,4199,Atlantic Ave & Fort Greene Pl,4354,40.680974,-73.971009,40.68382604,-73.97632328,member
1571935,3E88C31FF3840613,docked_bike,2021-04-01 19:16:50,2021-04-01 19:22:47,Carlton Ave & Dean St,4199,Atlantic Ave & Fort Greene Pl,4354,40.680974,-73.971009,40.68382604,-73.97632328,member
1571936,9F81E7F24146BC9B,docked_bike,2021-04-05 19:15:59,2021-04-05 19:21:22,Carlton Ave & Dean St,4199,Atlantic Ave & Fort Greene Pl,4354,40.680974,-73.971009,40.68382604,-73.97632328,member
1571951,0F4A1B66D9B5051B,docked_bike,2021-04-18 21:41:01,2021-04-18 21:43:22,Carlton Ave & Dean St,4199,Atlantic Ave & Fort Greene Pl,4354,40.680974,-73.971009,40.68382604,-73.97632328,member
1571958,3040A28150FF65E1,docked_bike,2021-04-12 14:07:39,2021-04-12 14:35:22,Carlton Ave & Dean St,4199,Centre St & Seneca Ave,4837,40.680974,-73.971009,40.69969,-73.9022,member
1571962,C68041EAB14D05B1,docked_bike,2021-04-02 17:09:05,2021-04-02 17:20:02,Carlton Ave & Dean St,4199,Atlantic Ave & Fort Greene Pl,4354,40.680974,-73.971009,40.68382604,-73.97632328,member
1571970,C153C3262529DD96,docked_bike,2021-04-09 18:09:15,2021-04-09 18:39:28,Carlton Ave & Dean St,4199,S 4 St & Rodney St,5156,40.680974,-73.971009,40.70934,-73.95608,casual
1571972,59D1EAE33F963848,docked_bike,2021-04-12 10:46:37,2021-04-12 10:58:38,Carlton Ave & Dean St,4199,Atlantic Ave & Fort Greene Pl,4354,40.680974,-73.971009,40.68382604,-73.97632328,casual
1571977,75810B016E4FCC79,docked_bike,2021-04-27 09:27:50,2021-04-27 09:51:25,Carlton Ave & Dean St,4199,Laight St & Hudson St,5539,40.680974,-73.971009,40.72185379,-74.00771779,member
1572016,1CB52232C79170AA,docked_bike,2021-04-15 20:54:00,2021-04-15 20:57:29,Carlton Ave & Dean St,4199,Atlantic Ave & Fort Greene Pl,4354,40.680974,-73.971009,40.68382604,-73.97632328,member
1572048,288EBA052AE2A2F2,docked_bike,2021-04-28 10:18:48,2021-04-28 10:22:53,Carlton Ave & Dean St,4199,Atlantic Ave & Fort Greene Pl,4354,40.680974,-73.971009,40.68382604,-73.97632328,member
1572050,C36518E2DA536B94,docked_bike,2021-04-02 16:40:15,2021-04-02 16:42:50,Carlton Ave & Dean St,4199,Atlantic Ave & Fort Greene Pl,4354,40.680974,-73.971009,40.68382604,-73.97632328,member
1578616,96149A4B862BE598,docked_bike,2021-04-16 18:36:08,2021-04-16 18:45:15,Carlton Ave & Dean St,4199,Clinton Ave & Myrtle Ave,4651,40.680974,-73.971009,40.693261,-73.968896,member
1578648,E8C2CB422BAFD505,docked_bike,2021-04-23 15:32:31,2021-04-23 15:43:51,Carlton Ave & Dean St,4199,Bergen St & Smith St,4446,40.680974,-73.971009,40.6867443,-73.99063168,member
1578650,82C164665C559AD4,docked_bike,2021-04-01 16:07:43,2021-04-01 16:15:41,Carlton Ave & Dean St,4199,Bergen St & Smith St,4446,40.680974,-73.971009,40.6867443,-73.99063168,casual
1578659,49D608D41A236D1A,docked_bike,2021-04-07 14:52:50,2021-04-07 14:59:57,Carlton Ave & Dean St,4199,Clinton Ave & Myrtle Ave,4651,40.680974,-73.971009,40.693261,-73.968896,member
1578664,16213033BCE054C8,docked_bike,2021-04-27 09:46:22,2021-04-27 09:57:27,Carlton Ave & Dean St,4199,Clinton Ave & Myrtle Ave,4651,40.680974,-73.971009,40.693261,-73.968896,casual
1591628,9A61B9E6B0924765,docked_bike,2021-04-24 14:32:55,2021-04-24 14:42:48,Carlton Ave & Dean St,4199,Carlton Ave & Flushing Ave,4732,40.680974,-73.971009,40.697787,-73.973736,member
1591642,2C010CFF98371AB6,docked_bike,2021-04-12 09:19:57,2021-04-12 09:26:00,Carlton Ave & Dean St,4199,Carlton Ave & Flushing Ave,4732,40.680974,-73.97101,40.697787,-73.973736,member
1591657,D6859606C6E86CF6,docked_bike,2021-04-01 17:27:14,2021-04-01 17:36:03,Carlton Ave & Dean St,4199,Carlton Ave & Flushing Ave,4732,40.680974,-73.971009,40.697787,-73.973736,member
1591661,2897CC33BF684DC8,docked_bike,2021-04-19 08:21:18,2021-04-19 08:29:17,Carlton Ave & Dean St,4199,Carlton Ave & Flushing Ave,4732,40.680974,-73.971009,40.697787,-73.973736,member
1591690,A585192D9A9E3C0B,docked_bike,2021-04-23 08:56:59,2021-04-23 09:05:29,Carlton Ave & Dean St,4199,Carlton Ave & Flushing Ave,4732,40.680974,-73.97101,40.697787,-73.973736,member
1591697,650DA18B18C69C53,docked_bike,2021-04-18 12:54:46,2021-04-18 13:18:34,Carlton Ave & Dean St,4199,5 Ave & 41 St,3306,40.680974,-73.971009,40.649983,-74.005144,member
1591712,F1C8775D02F78902,docked_bike,2021-04-12 08:17:21,2021-04-12 08:26:12,Carlton Ave & Dean St,4199,Carlton Ave & Flushing Ave,4732,40.680974,-73.971009,40.697787,-73.973736,member
1591851,89A3F7985478600C,docked_bike,2021-04-16 08:36:41,2021-04-16 08:45:20,Carlton Ave & Dean St,4199,Carlton Ave & Flushing Ave,4732,40.680974,-73.971009,40.697787,-73.973736,member
1592445,68F77B7995E81B20,docked_bike,2021-04-26 09:30:58,2021-04-26 09:38:18,Carlton Ave & Dean St,4199,Carlton Ave & Flushing Ave,4732,40.680974,-73.971009,40.697787,-73.973736,member
1592625,32C719EAC19F6439,docked_bike,2021-04-18 16:01:39,2021-04-18 16:29:09,Carlton Ave & Dean St,4199,5 Ave & 41 St,3306,40.680974,-73.971009,40.649983,-74.005144,member
1602088,82EE91C6B18C3E95,docked_bike,2021-04-12 12:55:42,2021-04-12 13:18:12,Carlton Ave & Dean St,4199,Bushwick Ave & McKibbin St,5027,40.680974,-73.971009,40.705517,-73.93936,member
1602091,21E11A8E0FBAC6A5,docked_bike,2021-04-18 12:25:39,2021-04-18 12:59:34,Carlton Ave & Dean St,4199,E 2 St & Avenue A,5553,40.680974,-73.971009,40.72307749068673,-73.98583620786667,casual
1602094,14937CAAABB28DEE,docked_bike,2021-04-24 12:45:54,2021-04-24 13:14:33,Carlton Ave & Dean St,4199,Clinton St\t& Cherry St,5190,40.680974,-73.971009,40.711471394469264,-73.98672603070736,member
1602181,DA631D43493FF8EB,docked_bike,2021-04-21 19:10:13,2021-04-21 19:33:12,Carlton Ave & Dean St,4199,Hudson St & Reade St,5359,40.680974,-73.971009,40.71625008,-74.0091059,member
1624557,6FCE0F4773DAD2C3,docked_bike,2021-04-17 11:51:03,2021-04-17 12:01:47,Carlton Ave & Dean St,4199,Sands St Gate,4812,40.680974,-73.971009,40.699569,-73.979827,casual
1624558,B624DE046E2F5843,docked_bike,2021-04-04 14:35:56,2021-04-04 14:58:17,Carlton Ave & Dean St,4199,S 4 St & Wythe Ave,5204,40.680974,-73.97101,40.712859,-73.965903,member
1633548,676FF87E2F61A919,docked_bike,2021-04-27 08:33:54,2021-04-27 09:11:58,Carlton Ave & Dean St,4199,Madison Ave & E 26 St,6131,40.680974,-73.971009,40.742684734875695,-73.98671329021454,member
1633553,92A7C45082F22A2F,docked_bike,2021-04-29 08:55:02,2021-04-29 09:02:17,Carlton Ave & Dean St,4199,Fulton St & Irving Pl,4263,40.680974,-73.971009,40.68186,-73.959432,casual
1633557,5088E8DED6ABD29F,docked_bike,2021-04-23 17:02:51,2021-04-23 17:09:18,Carlton Ave & Dean St,4199,Fulton St & Irving Pl,4263,40.680974,-73.971009,40.68186,-73.959432,member
1633757,42D3ED67AB220BBB,docked_bike,2021-04-13 22:27:17,2021-04-13 22:35:37,Carlton Ave & Dean St,4199,Fulton St & Irving Pl,4263,40.680974,-73.971009,40.68186,-73.959432,member
1633864,0FE4056E9462EE0B,docked_bike,2021-04-24 16:48:15,2021-04-24 16:56:36,Carlton Ave & Dean St,4199,Fulton St & Irving Pl,4263,40.680974,-73.971009,40.68186,-73.959432,member
1634820,06D81FC35EA5A0DC,docked_bike,2021-04-14 10:04:38,2021-04-14 10:36:07,Carlton Ave & Dean St,4199,Madison Ave & E 26 St,6131,40.680974,-73.971009,40.742684734875695,-73.98671329021454,member
1634822,4E2FEE95B781728A,docked_bike,2021-04-01 13:29:50,2021-04-01 14:16:50,Carlton Ave & Dean St,4199,Madison Ave & E 26 St,6131,40.680974,-73.971009,40.742684734875695,-73.98671329021454,member
1635280,6294EDBE3E6F2285,docked_bike,2021-04-07 19:44:45,2021-04-07 20:08:04,Carlton Ave & Dean St,4199,Fulton St & Irving Pl,4263,40.680974,-73.971009,40.68186,-73.959432,member
1648417,DD374CA4165187A2,docked_bike,2021-04-29 11:44:14,2021-04-29 11:52:01,Carlton Ave & Dean St,4199,State St & Smith St,4565,40.680974,-73.971009,40.68926942,-73.98912867,member
1648910,4CCF6179F4B915D2,docked_bike,2021-04-26 08:12:03,2021-04-26 08:19:36,Carlton Ave & Dean St,4199,State St & Smith St,4565,40.680974,-73.971009,40.68926942,-73.98912867,member
1655799,B0C9B4B407BDE5FC,docked_bike,2021-04-22 12:19:18,2021-04-22 12:25:54,Carlton Ave & Dean St,4199,3 Ave & Schermerhorn St,4437,40.680974,-73.971009,40.68683208,-73.9796772,member
1655857,AF64F21DD6A8D9CA,docked_bike,2021-04-24 22:27:31,2021-04-24 22:40:34,Carlton Ave & Dean St,4199,Pulaski St & Marcus Garvey Blvd,4656,40.680974,-73.971009,40.6933982,-73.939877,casual
1655884,A72480FA33D9D6D6,docked_bike,2021-04-10 12:55:31,2021-04-10 13:09:10,Carlton Ave & Dean St,4199,Union St & 4 Ave,4175,40.680974,-73.971009,40.6772744,-73.98282002,member
1655885,8EEA4041466792B0,docked_bike,2021-04-27 19:21:33,2021-04-27 19:28:24,Carlton Ave & Dean St,4199,Union St & 4 Ave,4175,40.680974,-73.971009,40.6772744,-73.98282002,member
1656099,4D0885DA5C1BE165,docked_bike,2021-04-17 08:47:02,2021-04-17 08:57:50,Carlton Ave & Dean St,4199,3 Ave & Schermerhorn St,4437,40.680974,-73.971009,40.68683208,-73.9796772,member
1656104,708FC9D3AAD5C62A,docked_bike,2021-04-24 15:54:51,2021-04-24 16:03:41,Carlton Ave & Dean St,4199,Union St & 4 Ave,4175,40.680974,-73.971009,40.6772744,-73.98282002,casual
1656384,D78781111724BA80,docked_bike,2021-04-29 12:07:30,2021-04-29 12:42:03,Carlton Ave & Dean St,4199,Washington St & Barrow St,5847,40.680974,-73.971009,40.73191132323174,-74.008769094944,member
1656482,32F7EEA73CCC7133,docked_bike,2021-04-21 16:04:35,2021-04-21 16:12:06,Carlton Ave & Dean St,4199,3 Ave & Schermerhorn St,4437,40.680974,-73.971009,40.68683208,-73.9796772,member
1656483,47D776F894779BC4,docked_bike,2021-04-26 16:04:45,2021-04-26 16:10:31,Carlton Ave & Dean St,4199,3 Ave & Schermerhorn St,4437,40.680974,-73.971009,40.68683208,-73.9796772,member
1656614,8BB7B034BF939C8C,docked_bike,2021-04-08 11:47:37,2021-04-08 11:54:00,Carlton Ave & Dean St,4199,3 Ave & Schermerhorn St,4437,40.680974,-73.971009,40.68683208,-73.9796772,member
1656720,23E13F82C60A12A8,docked_bike,2021-04-08 14:27:05,2021-04-08 14:35:06,Carlton Ave & Dean St,4199,Union St & 4 Ave,4175,40.680974,-73.971009,40.6772744,-73.98282002,member
1656724,F2556C1C04B20942,docked_bike,2021-04-24 15:54:27,2021-04-24 16:02:56,Carlton Ave & Dean St,4199,Union St & 4 Ave,4175,40.680974,-73.971009,40.6772744,-73.98282002,member
1656764,4E7590D8E707EA1B,docked_bike,2021-04-29 21:56:40,2021-04-29 22:04:40,Carlton Ave & Dean St,4199,Union St & 4 Ave,4175,40.680974,-73.971009,40.6772744,-73.98282002,member
1656773,3C31ED373180B0CE,docked_bike,2021-04-30 08:41:26,2021-04-30 08:50:55,Carlton Ave & Dean St,4199,Union St & 4 Ave,4175,40.680974,-73.971009,40.6772744,-73.98282002,member
1656775,643D3A3B510EC15D,docked_bike,2021-04-08 17:47:56,2021-04-08 18:24:43,Carlton Ave & Dean St,4199,Queens Plaza North & Crescent St,6429,40.680974,-73.971009,40.75110165,-73.94073717,casual
1662986,A22EC3C624B54592,docked_bike,2021-04-08 17:12:30,2021-04-08 17:32:15,Carlton Ave & Dean St,4199,Wilson Ave & Troutman St,4864,40.680974,-73.971009,40.70166,-73.92754,member
1663002,D45EB442EC5E7B7C,docked_bike,2021-04-20 10:38:50,2021-04-20 10:53:17,Carlton Ave & Dean St,4199,3 Ave & Schermerhorn St,4437,40.680974,-73.971009,40.68683208,-73.9796772,member
1663010,E26C7553C61C2228,docked_bike,2021-04-04 11:32:27,2021-04-04 11:39:52,Carlton Ave & Dean St,4199,Union St & 4 Ave,4175,40.680974,-73.971009,40.6772744,-73.98282002,member
1663060,CE8387442CD5765A,docked_bike,2021-04-13 23:03:24,2021-04-13 23:07:50,Carlton Ave & Dean St,4199,3 Ave & Schermerhorn St,4437,40.680974,-73.971009,40.68683208,-73.9796772,member
1663063,AF9CE0F7D400C4A6,docked_bike,2021-04-20 19:43:13,2021-04-20 20:02:28,Carlton Ave & Dean St,4199,3 Ave & Schermerhorn St,4437,40.680974,-73.971009,40.68683208,-73.9796772,casual
1670556,1C60ED398739162F,docked_bike,2021-04-18 01:23:06,2021-04-18 01:34:15,Carlton Ave & Dean St,4199,Kingston Ave & Herkimer St,4205,40.680974,-73.971009,40.67890679,-73.94142771,casual
1683364,E13DD37B546C147C,docked_bike,2021-04-05 15:04:06,2021-04-05 15:16:33,Carlton Ave & Dean St,4199,Kingston Ave & Herkimer St,4205,40.680974,-73.971009,40.67890679,-73.94142771,casual
1683366,545F429AEEA4F5FF,docked_bike,2021-04-23 13:25:55,2021-04-23 13:33:25,Carlton Ave & Dean St,4199,Bond St & Bergen St,4404,40.680974,-73.971009,40.6849668,-73.98620772,member
1683368,A75EBE740F51B89E,docked_bike,2021-04-20 20:08:28,2021-04-20 20:36:06,Carlton Ave & Dean St,4199,Kingston Ave & Herkimer St,4205,40.680974,-73.971009,40.67890679,-73.94142771,casual
1683369,A8296B968C06C074,docked_bike,2021-04-26 10:56:56,2021-04-26 11:03:21,Carlton Ave & Dean St,4199,Bond St & Bergen St,4404,40.680974,-73.971009,40.6849668,-73.98620772,member
1683391,D6143B274193C725,docked_bike,2021-04-14 09:14:22,2021-04-14 09:28:47,Carlton Ave & Dean St,4199,Kingston Ave & Herkimer St,4205,40.680974,-73.971009,40.67890679,-73.94142771,member
1683395,12D1C1ADB88773BC,docked_bike,2021-04-24 12:00:12,2021-04-24 12:09:16,Carlton Ave & Dean St,4199,Bond St & Bergen St,4404,40.680974,-73.971009,40.6849668,-73.98620772,member
1683443,2311293E7A6DE461,docked_bike,2021-04-19 18:11:25,2021-04-19 18:17:54,Carlton Ave & Dean St,4199,Bond St & Bergen St,4404,40.680974,-73.971009,40.6849668,-73.98620772,member
1683444,7DEFEFF64611B6B2,docked_bike,2021-04-07 11:55:37,2021-04-07 12:05:25,Carlton Ave & Dean St,4199,Bond St & Bergen St,4404,40.680974,-73.971009,40.6849668,-73.98620772,casual
1683445,03C66E3EAF7664F4,docked_bike,2021-04-20 12:22:31,2021-04-20 12:46:57,Carlton Ave & Dean St,4199,Bond St & Bergen St,4404,40.680974,-73.971009,40.6849668,-73.98620772,member
1683452,27C81F2C61460901,docked_bike,2021-04-09 12:54:40,2021-04-09 13:03:32,Carlton Ave & Dean St,4199,Bond St & Bergen St,4404,40.680974,-73.97101,40.684967,-73.986208,member
1683458,F81E38B2090FE564,docked_bike,2021-04-14 14:38:44,2021-04-14 14:59:25,Carlton Ave & Dean St,4199,Howard St & Centre St,5422,40.680974,-73.971009,40.71910537,-73.99973337,member
1683463,E3C073FDD3C4495D,docked_bike,2021-04-06 14:04:48,2021-04-06 14:15:40,Carlton Ave & Dean St,4199,Bond St & Bergen St,4404,40.680974,-73.97101,40.684967,-73.986208,member
1684291,4C28E3E15C0E1F28,docked_bike,2021-04-22 17:31:15,2021-04-22 17:44:15,Carlton Ave & Dean St,4199,Kingston Ave & Herkimer St,4205,40.680974,-73.971009,40.67890679,-73.94142771,member
1684293,D96A8F70992624A9,docked_bike,2021-04-25 13:19:17,2021-04-25 13:29:08,Carlton Ave & Dean St,4199,Bond St & Bergen St,4404,40.680974,-73.971009,40.6849668,-73.98620772,member
1684297,B594809F25F253DC,docked_bike,2021-04-14 09:15:44,2021-04-14 09:25:05,Carlton Ave & Dean St,4199,Bond St & Bergen St,4404,40.680974,-73.971009,40.6849668,-73.98620772,member
1684298,E90AD5A66F3F3583,docked_bike,2021-04-13 08:53:09,2021-04-13 09:01:50,Carlton Ave & Dean St,4199,Bond St & Bergen St,4404,40.680974,-73.971009,40.6849668,-73.98620772,member
1684299,3ED1E9781120DE2F,docked_bike,2021-04-20 08:14:04,2021-04-20 08:21:20,Carlton Ave & Dean St,4199,Bond St & Bergen St,4404,40.680974,-73.971009,40.6849668,-73.98620772,member
1684300,C3B0B8A1EAE4AC2C,docked_bike,2021-04-19 08:54:28,2021-04-19 09:03:06,Carlton Ave & Dean St,4199,Bond St & Bergen St,4404,40.680974,-73.971009,40.6849668,-73.98620772,member
1684302,63B294D33065FB84,docked_bike,2021-04-08 09:11:15,2021-04-08 09:21:47,Carlton Ave & Dean St,4199,Bond St & Bergen St,4404,40.680974,-73.971009,40.6849668,-73.98620772,member
1684307,029AF1A4565D16A2,docked_bike,2021-04-20 18:14:22,2021-04-20 18:20:49,Carlton Ave & Dean St,4199,Bond St & Bergen St,4404,40.680974,-73.971009,40.6849668,-73.98620772,member
1684368,24E2C92B8AF4AB11,docked_bike,2021-04-19 17:56:59,2021-04-19 18:08:22,Carlton Ave & Dean St,4199,Kingston Ave & Herkimer St,4205,40.680974,-73.971009,40.67890679,-73.94142771,member
1684369,43F4DD916390EE15,docked_bike,2021-04-13 11:47:00,2021-04-13 11:55:43,Carlton Ave & Dean St,4199,Bond St & Bergen St,4404,40.680974,-73.971009,40.6849668,-73.98620772,member
1684370,45D4F3D3F23D6BF4,docked_bike,2021-04-24 11:25:51,2021-04-24 11:48:24,Carlton Ave & Dean St,4199,Howard St & Centre St,5422,40.680974,-73.971009,40.71910537,-73.99973337,member
1684373,199ABA109CCD625D,docked_bike,2021-04-27 19:17:36,2021-04-27 19:25:09,Carlton Ave & Dean St,4199,Bond St & Bergen St,4404,40.680974,-73.971009,40.6849668,-73.98620772,casual
1684921,2C89BAF8110C5BFB,docked_bike,2021-04-02 11:28:14,2021-04-02 11:38:40,Carlton Ave & Dean St,4199,Windsor Pl & Howard Pl,3579,40.680974,-73.971009,40.65949055893896,-73.98013919591904,member
1684922,7399892E02A355E4,docked_bike,2021-04-01 14:17:50,2021-04-01 14:29:24,Carlton Ave & Dean St,4199,Windsor Pl & Howard Pl,3579,40.680974,-73.971009,40.65949055893896,-73.98013919591904,member
1686409,8443A3D5969708B5,docked_bike,2021-04-14 17:02:33,2021-04-14 17:16:41,Carlton Ave & Dean St,4199,Kingston Ave & Herkimer St,4205,40.680974,-73.971009,40.67890679,-73.94142771,member
1686436,B5E288DF3C84891B,docked_bike,2021-04-27 09:11:57,2021-04-27 09:20:52,Carlton Ave & Dean St,4199,Bond St & Bergen St,4404,40.680974,-73.971009,40.6849668,-73.98620772,member
1686437,D0475029BDCD3E07,docked_bike,2021-04-28 09:35:39,2021-04-28 09:43:46,Carlton Ave & Dean St,4199,Bond St & Bergen St,4404,40.680974,-73.971009,40.6849668,-73.98620772,member
1691730,BF274888FAAFCD32,docked_bike,2021-04-17 20:18:21,2021-04-17 20:42:52,Carlton Ave & Dean St,4199,Van Sinderen Ave & Truxton St,4161,40.680974,-73.971009,40.6786,-73.90369,member
1691775,778BD0C8CC00FBC4,docked_bike,2021-04-20 16:09:04,2021-04-20 16:35:44,Carlton Ave & Dean St,4199,Van Sinderen Ave & Truxton St,4161,40.680974,-73.971009,40.6786,-73.90369,member
1691776,015E42D4299201ED,docked_bike,2021-04-20 23:11:28,2021-04-20 23:20:07,Carlton Ave & Dean St,4199,Greene Ave & Nostrand Ave,4519,40.680974,-73.971009,40.6883337,-73.950916,casual
1692143,970419D6AA9C339D,docked_bike,2021-04-20 23:10:46,2021-04-20 23:20:09,Carlton Ave & Dean St,4199,Greene Ave & Nostrand Ave,4519,40.680974,-73.971009,40.6883337,-73.950916,casual
1692145,71E04CBAD0FEA5B7,docked_bike,2021-04-26 18:43:55,2021-04-26 18:52:49,Carlton Ave & Dean St,4199,Greene Ave & Nostrand Ave,4519,40.680974,-73.971009,40.6883337,-73.950916,member
1711808,0BADF3169DB2F609,docked_bike,2021-04-14 17:07:23,2021-04-14 17:19:45,Carlton Ave & Dean St,4199,Bedford Ave & Bergen St,4066,40.680974,-73.971009,40.676368,-73.952918,member
1711818,BE93E9BB5EB30FBE,docked_bike,2021-04-14 19:40:59,2021-04-14 19:47:32,Carlton Ave & Dean St,4199,Bedford Ave & Bergen St,4066,40.680974,-73.971009,40.676368,-73.952918,member
1711829,01FD5A59DBACD548,docked_bike,2021-04-30 14:34:45,2021-04-30 14:45:42,Carlton Ave & Dean St,4199,Bedford Ave & Bergen St,4066,40.680974,-73.971009,40.676368,-73.952918,member
1711833,76C19416DD6AD675,docked_bike,2021-04-30 08:59:23,2021-04-30 09:03:33,Carlton Ave & Dean St,4199,Berkeley Pl & 7 Ave,4051,40.680974,-73.971009,40.675146838709786,-73.97523209452629,member
1711848,27AA7FA50D2AD479,docked_bike,2021-04-19 20:26:33,2021-04-19 20:37:50,Carlton Ave & Dean St,4199,Bedford Ave & Bergen St,4066,40.680974,-73.971009,40.676368,-73.952918,casual
1711883,72766643B4F4388A,docked_bike,2021-04-24 14:49:38,2021-04-24 15:04:27,Carlton Ave & Dean St,4199,Bedford Ave & Bergen St,4066,40.680974,-73.971009,40.676368,-73.952918,member
1711936,8E7FF13612643F10,docked_bike,2021-04-09 23:52:56,2021-04-10 00:10:08,Carlton Ave & Dean St,4199,Bedford Ave & Bergen St,4066,40.680974,-73.971009,40.676368,-73.952918,member
1711941,A8CBC7AF43FDF6B5,docked_bike,2021-04-20 15:37:39,2021-04-20 15:46:49,Carlton Ave & Dean St,4199,Bedford Ave & Bergen St,4066,40.680974,-73.971009,40.676368,-73.952918,member
1711951,F3B7D61B335F3085,docked_bike,2021-04-28 17:18:31,2021-04-28 17:26:28,Carlton Ave & Dean St,4199,Bedford Ave & Bergen St,4066,40.680974,-73.971009,40.676368,-73.952918,casual
1721921,7CCB7576B1CC906C,docked_bike,2021-04-14 20:34:16,2021-04-14 20:45:27,Carlton Ave & Dean St,4199,Bedford Ave & Bergen St,4066,40.680974,-73.971009,40.676368,-73.952918,casual
1721929,1AD7D67619D69AA3,docked_bike,2021-04-14 17:07:47,2021-04-14 17:19:41,Carlton Ave & Dean St,4199,Bedford Ave & Bergen St,4066,40.680974,-73.971009,40.676368,-73.952918,member
1721932,6EC29E7896F0832A,docked_bike,2021-04-26 14:37:40,2021-04-26 14:45:31,Carlton Ave & Dean St,4199,Bedford Ave & Bergen St,4066,40.680974,-73.971009,40.676368,-73.952918,casual
1721996,44805170C3DF2EF4,docked_bike,2021-04-08 11:59:14,2021-04-08 12:04:46,Carlton Ave & Dean St,4199,Berkeley Pl & 7 Ave,4051,40.680974,-73.971009,40.675146838709786,-73.97523209452629,member
1722000,EC2CDD3470C3A778,docked_bike,2021-04-28 18:57:04,2021-04-28 19:06:32,Carlton Ave & Dean St,4199,Bedford Ave & Bergen St,4066,40.680974,-73.971009,40.676368,-73.952918,member
1722008,E4D1688EC5543330,docked_bike,2021-04-20 17:32:33,2021-04-20 17:43:45,Carlton Ave & Dean St,4199,Bedford Ave & Bergen St,4066,40.680974,-73.971009,40.676368,-73.952918,casual
1722009,50B515901439EFA7,docked_bike,2021-04-03 12:30:25,2021-04-03 12:43:10,Carlton Ave & Dean St,4199,Halsey St & Tompkins Ave,4319,40.680974,-73.971009,40.6823687,-73.944118,member
1722010,CAEAEE5CE548E587,docked_bike,2021-04-17 12:30:14,2021-04-17 12:43:17,Carlton Ave & Dean St,4199,Halsey St & Tompkins Ave,4319,40.680974,-73.971009,40.6823687,-73.944118,member
1722011,2E60765478806253,docked_bike,2021-04-25 16:03:51,2021-04-25 16:16:23,Carlton Ave & Dean St,4199,Halsey St & Tompkins Ave,4319,40.680974,-73.971009,40.6823687,-73.944118,member
1722016,F66B5FEF4FA6B9E8,docked_bike,2021-04-23 14:03:16,2021-04-23 14:13:31,Carlton Ave & Dean St,4199,Bedford Ave & Bergen St,4066,40.680974,-73.971009,40.676368,-73.952918,member
1722081,08E4DC5EABD07CA9,docked_bike,2021-04-24 17:15:00,2021-04-24 17:25:06,Carlton Ave & Dean St,4199,Bedford Ave & Bergen St,4066,40.680974,-73.971009,40.676368,-73.952918,member
1722085,F49216987AA66600,docked_bike,2021-04-23 10:28:13,2021-04-23 10:36:19,Carlton Ave & Dean St,4199,Bedford Ave & Bergen St,4066,40.680974,-73.971009,40.676368,-73.952918,member
1722608,4E598ACAF843FCAC,docked_bike,2021-04-07 19:11:02,2021-04-07 19:20:34,Carlton Ave & Dean St,4199,Bedford Ave & Bergen St,4066,40.680974,-73.971009,40.676368,-73.952918,member
1722689,D9D0A8503A84CE07,docked_bike,2021-04-13 10:30:05,2021-04-13 10:38:30,Carlton Ave & Dean St,4199,Bedford Ave & Bergen St,4066,40.680974,-73.971009,40.676368,-73.952918,member
1725453,98A4DE892927F63F,docked_bike,2021-04-24 11:38:30,2021-04-24 11:44:40,Carlton Ave & Dean St,4199,Bedford Ave & Bergen St,4066,40.680974,-73.971009,40.676368,-73.952918,member
1725455,B9341B338F0E8C24,docked_bike,2021-04-25 17:39:36,2021-04-25 18:08:29,Carlton Ave & Dean St,4199,Greene Av & Myrtle Av,4784,40.680974,-73.971009,40.698568,-73.918877,casual
1725458,AFB5618416B14AF2,docked_bike,2021-04-17 11:13:48,2021-04-17 11:21:36,Carlton Ave & Dean St,4199,Berkeley Pl & 7 Ave,4051,40.680974,-73.971009,40.675146838709786,-73.97523209452629,casual
1725479,E2F05D02AD1AE6A7,docked_bike,2021-04-09 23:52:54,2021-04-10 00:10:17,Carlton Ave & Dean St,4199,Bedford Ave & Bergen St,4066,40.680974,-73.971009,40.676368,-73.952918,casual
1725480,E828354C3E960D0A,docked_bike,2021-04-10 15:51:30,2021-04-10 15:58:35,Carlton Ave & Dean St,4199,Bedford Ave & Bergen St,4066,40.680974,-73.971009,40.676368,-73.952918,casual
1725528,3D64253247BCA511,docked_bike,2021-04-17 10:45:27,2021-04-17 10:52:54,Carlton Ave & Dean St,4199,Bedford Ave & Bergen St,4066,40.680974,-73.97101,40.676368,-73.952918,member
1725530,CB73341C79025682,docked_bike,2021-04-24 20:32:22,2021-04-24 20:39:28,Carlton Ave & Dean St,4199,Bedford Ave & Bergen St,4066,40.680974,-73.971009,40.676368,-73.952918,member
1725534,3E8099C7062BC71B,docked_bike,2021-04-14 13:57:00,2021-04-14 14:06:33,Carlton Ave & Dean St,4199,Bedford Ave & Bergen St,4066,40.680974,-73.971009,40.676368,-73.952918,member
1725536,0D29CE681EC27345,docked_bike,2021-04-27 19:42:04,2021-04-27 20:37:02,Carlton Ave & Dean St,4199,Berkeley Pl & 7 Ave,4051,40.680974,-73.971009,40.675146838709786,-73.97523209452629,member
1725544,D044156A9F2E4611,docked_bike,2021-04-13 17:38:52,2021-04-13 17:48:21,Carlton Ave & Dean St,4199,Berkeley Pl & 7 Ave,4051,40.680974,-73.971009,40.675146838709786,-73.97523209452629,member
1725783,F9585E6116210384,docked_bike,2021-04-28 13:40:05,2021-04-28 13:51:47,Carlton Ave & Dean St,4199,Bedford Ave & Bergen St,4066,40.680974,-73.97101,40.676368,-73.952918,casual
1725785,FA6D8752A80DF903,docked_bike,2021-04-26 15:16:04,2021-04-26 15:26:44,Carlton Ave & Dean St,4199,Berkeley Pl & 7 Ave,4051,40.680974,-73.971009,40.675146838709786,-73.97523209452629,member
1725793,09B6169E85ADB0C4,docked_bike,2021-04-19 17:52:24,2021-04-19 18:00:31,Carlton Ave & Dean St,4199,Bedford Ave & Bergen St,4066,40.680974,-73.971009,40.676368,-73.952918,casual
1725803,42625CA18AF7BDEE,docked_bike,2021-04-29 19:14:59,2021-04-29 19:31:25,Carlton Ave & Dean St,4199,Halsey St & Tompkins Ave,4319,40.680974,-73.971009,40.6823687,-73.944118,member
1732216,A7EFDDE0FAA2F106,docked_bike,2021-04-14 15:03:58,2021-04-14 15:13:28,Carlton Ave & Dean St,4199,Eastern Pkwy & Washington Ave,3928,40.680974,-73.971009,40.6716493,-73.9631145,member
1732217,6BC1721C30D98FDF,docked_bike,2021-04-18 16:17:46,2021-04-18 16:29:57,Carlton Ave & Dean St,4199,Concord St & Bridge St,4781,40.680974,-73.971009,40.69766564,-73.98476437,member
1732269,5A7C64C99DF4DEB2,docked_bike,2021-04-17 12:22:02,2021-04-17 12:31:41,Carlton Ave & Dean St,4199,Eastern Pkwy & Washington Ave,3928,40.680974,-73.971009,40.6716493,-73.9631145,casual
1732274,AD3E943E4809D307,docked_bike,2021-04-17 13:19:18,2021-04-17 13:24:14,Carlton Ave & Dean St,4199,Pacific St & Classon Ave,4148,40.680974,-73.971009,40.6791944,-73.9587903,casual
1732305,077A6435A793ACA0,docked_bike,2021-04-23 14:53:58,2021-04-23 14:59:48,Carlton Ave & Dean St,4199,Pacific St & Classon Ave,4148,40.680974,-73.971009,40.6791944,-73.9587903,member
1732310,9D72509519FBAA91,docked_bike,2021-04-26 15:11:51,2021-04-26 15:16:45,Carlton Ave & Dean St,4199,Pacific St & Classon Ave,4148,40.680974,-73.971009,40.6791944,-73.9587903,member
1739061,5AFF803E14294E23,docked_bike,2021-04-10 17:01:52,2021-04-10 17:12:34,Carlton Ave & Dean St,4199,Concord St & Bridge St,4781,40.680974,-73.971009,40.69766564,-73.98476437,member
1739064,1EE3A59E7DF87169,docked_bike,2021-04-17 19:33:20,2021-04-17 19:56:35,Carlton Ave & Dean St,4199,Concord St & Bridge St,4781,40.680974,-73.971009,40.69766564,-73.98476437,member
1739068,01DFBC4B84682053,docked_bike,2021-04-13 18:14:14,2021-04-13 18:25:15,Carlton Ave & Dean St,4199,Pacific St & Classon Ave,4148,40.680974,-73.971009,40.6791944,-73.9587903,member
1739208,BDEF7B41773603FB,docked_bike,2021-04-24 18:50:54,2021-04-24 19:33:43,Carlton Ave & Dean St,4199,W 20 St & 8 Ave,6224,40.680974,-73.971009,40.74345335,-74.00004031,member
1756322,718E177804371356,docked_bike,2021-04-24 18:50:06,2021-04-24 19:00:06,Carlton Ave & Dean St,4199,Carroll St & 6 Ave,4019,40.680974,-73.97101,40.674089,-73.978728,casual
1756324,CEE9E8B00E08A546,docked_bike,2021-04-23 18:52:56,2021-04-23 19:08:13,Carlton Ave & Dean St,4199,Carroll St & 6 Ave,4019,40.680974,-73.971009,40.6740886,-73.9787282,member
1778530,00C98736BA1751A0,docked_bike,2021-04-25 11:48:59,2021-04-25 12:12:41,Carlton Ave & Dean St,4199,Forsyth St & Canal St,5270,40.680974,-73.971009,40.7158155,-73.99422366,member
1778532,C4A322DA1E921285,docked_bike,2021-04-28 07:47:23,2021-04-28 08:13:11,Carlton Ave & Dean St,4199,Forsyth St & Canal St,5270,40.680974,-73.971009,40.7158155,-73.99422366,member
1778534,41D54FAB77405102,docked_bike,2021-04-12 07:20:16,2021-04-12 07:47:11,Carlton Ave & Dean St,4199,Forsyth St & Canal St,5270,40.680974,-73.971009,40.7158155,-73.99422366,member
1778544,CFDC356C597736C5,docked_bike,2021-04-13 07:43:10,2021-04-13 08:06:15,Carlton Ave & Dean St,4199,Forsyth St & Canal St,5270,40.680974,-73.971009,40.7158155,-73.99422366,member
1778562,C2EF017A23657BE5,docked_bike,2021-04-24 17:39:54,2021-04-24 18:07:09,Carlton Ave & Dean St,4199,Clinton St & Centre St,4045,40.680974,-73.971009,40.67434,-74.00194698,casual
1779033,EF568CA943D51733,docked_bike,2021-04-17 08:59:06,2021-04-17 09:18:03,Carlton Ave & Dean St,4199,5 Ave & 37 St,3379,40.680974,-73.971009,40.652657,-74.002356,member
1780920,C856C8F61609AEAF,docked_bike,2021-04-14 07:51:31,2021-04-14 08:15:04,Carlton Ave & Dean St,4199,Forsyth St & Canal St,5270,40.680974,-73.971009,40.7158155,-73.99422366,member
1795374,FD12A36798BDEB98,docked_bike,2021-04-11 10:50:10,2021-04-11 10:58:36,Carlton Ave & Dean St,4199,Hoyt St & Warren St,4330,40.680974,-73.971009,40.6843549,-73.98901629,member
1795381,BFF7AE6B7F25F90D,docked_bike,2021-04-03 15:49:08,2021-04-03 16:00:02,Carlton Ave & Dean St,4199,Hoyt St & Warren St,4330,40.680974,-73.971009,40.6843549,-73.98901629,member
1801834,45325FD503C4155D,docked_bike,2021-04-17 16:53:00,2021-04-17 17:09:02,Carlton Ave & Dean St,4199,Hicks St & Montague St,4645,40.680974,-73.971009,40.69512845,-73.99595065,member
1801891,843D33EB5646D7B3,docked_bike,2021-04-08 19:56:43,2021-04-08 20:10:22,Carlton Ave & Dean St,4199,Hicks St & Montague St,4645,40.680974,-73.971009,40.69512845,-73.99595065,member
1801905,7C80DC703B202F06,docked_bike,2021-04-02 08:03:17,2021-04-02 08:10:30,Carlton Ave & Dean St,4199,Willoughby Ave & Hall St,4611,40.680974,-73.971009,40.69196035,-73.96536851,member
1806554,00EE8CEF7E9401A0,docked_bike,2021-04-25 22:15:53,2021-04-25 22:31:13,Carlton Ave & Dean St,4199,Hicks St & Montague St,4645,40.680974,-73.971009,40.69512845,-73.99595065,member
1807227,4FB74D0A4F8D8061,docked_bike,2021-04-10 11:54:43,2021-04-10 12:30:14,Carlton Ave & Dean St,4199,Centre St & Chambers St,5207,40.680974,-73.971009,40.71273266,-74.0046073,casual
1807238,B793D47F48D6F5B0,docked_bike,2021-04-06 09:12:37,2021-04-06 09:37:51,Carlton Ave & Dean St,4199,Centre St & Chambers St,5207,40.680974,-73.971009,40.71273266,-74.0046073,member
1812844,49D9783F315AF343,docked_bike,2021-04-24 22:13:47,2021-04-24 22:27:21,Carlton Ave & Dean St,4199,Hicks St & Montague St,4645,40.680974,-73.971009,40.69512845,-73.99595065,member
1812845,D6D62EEB6EE1E989,docked_bike,2021-04-18 20:26:30,2021-04-18 20:47:43,Carlton Ave & Dean St,4199,Hicks St & Montague St,4645,40.680974,-73.971009,40.69512845,-73.99595065,member
1812868,B8F65AC4E0915513,docked_bike,2021-04-10 22:01:40,2021-04-10 22:14:44,Carlton Ave & Dean St,4199,Hicks St & Montague St,4645,40.680974,-73.971009,40.69512845,-73.99595065,member
1819336,07DF16466FA73C7C,docked_bike,2021-04-08 20:15:16,2021-04-08 20:26:26,Carlton Ave & Dean St,4199,Hicks St & Montague St,4645,40.680974,-73.971009,40.69512845,-73.99595065,member
1819372,E541275DC11F03BB,docked_bike,2021-04-27 17:56:18,2021-04-27 18:04:14,Carlton Ave & Dean St,4199,Willoughby Ave & Hall St,4611,40.680974,-73.971009,40.69196035,-73.96536851,member
1819373,3B09D3DD71BE9FE9,docked_bike,2021-04-23 22:46:25,2021-04-23 22:52:50,Carlton Ave & Dean St,4199,Willoughby Ave & Hall St,4611,40.680974,-73.971009,40.69196035,-73.96536851,casual
1834106,788E18B6057B9A6D,docked_bike,2021-04-20 15:36:14,2021-04-20 16:06:24,Carlton Ave & Dean St,4199,Powers St & Olive St,5210,40.680974,-73.971009,40.71323,-73.93894,member
1838336,DDF0ECABBC666D6E,docked_bike,2021-04-29 23:59:50,2021-04-30 00:26:07,Carlton Ave & Dean St,4199,Powers St & Olive St,5210,40.680974,-73.971009,40.71323,-73.93894,casual
1854239,E62A51D6850AB942,docked_bike,2021-04-06 18:56:56,2021-04-06 19:00:29,Carlton Ave & Dean St,4199,7 Ave & Park Pl,4125,40.680974,-73.971009,40.6776147,-73.97324283,member
1854240,97B60041722A64C0,docked_bike,2021-04-26 17:27:07,2021-04-26 17:30:35,Carlton Ave & Dean St,4199,7 Ave & Park Pl,4125,40.680974,-73.971009,40.6776147,-73.97324283,member
1854243,8D2A8816CF1A7C66,docked_bike,2021-04-29 19:10:27,2021-04-29 19:27:02,Carlton Ave & Dean St,4199,Albany Ave & Fulton St,4237,40.680974,-73.971009,40.6800105,-73.938475,member
1854246,972A6F1224A41299,docked_bike,2021-04-25 16:31:54,2021-04-25 16:39:33,Carlton Ave & Dean St,4199,7 Ave & Park Pl,4125,40.680974,-73.971009,40.6776147,-73.97324283,member
1858008,3336FA41A32AFBB1,docked_bike,2021-04-19 20:23:08,2021-04-19 20:37:27,Carlton Ave & Dean St,4199,Duffield St & Willoughby St,4596,40.680974,-73.971009,40.69221589,-73.9842844,member
1858029,5D8B73F28D7279B2,docked_bike,2021-04-16 23:21:38,2021-04-16 23:31:00,Carlton Ave & Dean St,4199,Duffield St & Willoughby St,4596,40.680974,-73.971009,40.69221589,-73.9842844,member
1858031,A52DDC4FDB9A92A1,docked_bike,2021-04-29 09:03:20,2021-04-29 09:17:08,Carlton Ave & Dean St,4199,Albany Ave & Fulton St,4237,40.680974,-73.971009,40.6800105,-73.938475,member
1858032,AA044B13B39F84B1,docked_bike,2021-04-30 09:13:55,2021-04-30 09:28:14,Carlton Ave & Dean St,4199,Albany Ave & Fulton St,4237,40.680974,-73.971009,40.6800105,-73.938475,member
1858034,97E875C9953A2958,docked_bike,2021-04-30 11:37:05,2021-04-30 11:41:09,Carlton Ave & Dean St,4199,7 Ave & Park Pl,4125,40.680974,-73.971009,40.6776147,-73.97324283,member
1858037,A8235E82CF9AAA94,docked_bike,2021-04-20 12:43:31,2021-04-20 12:55:07,Carlton Ave & Dean St,4199,Duffield St & Willoughby St,4596,40.680974,-73.971009,40.69221589,-73.9842844,casual
1858040,25E08D1608F3DAD2,docked_bike,2021-04-14 17:05:17,2021-04-14 17:19:13,Carlton Ave & Dean St,4199,Albany Ave & Fulton St,4237,40.680974,-73.971009,40.6800105,-73.938475,member
1858057,44F28828FA331C42,docked_bike,2021-04-25 10:48:54,2021-04-25 10:51:28,Carlton Ave & Dean St,4199,7 Ave & Park Pl,4125,40.680974,-73.971009,40.6776147,-73.97324283,member
1858069,99AD2049675A36B8,docked_bike,2021-04-29 17:52:09,2021-04-29 18:03:17,Carlton Ave & Dean St,4199,Warren St & Court St,4413,40.680974,-73.971009,40.686371,-73.99383324,member
1858091,225BABBBF3052414,docked_bike,2021-04-17 18:38:34,2021-04-17 18:41:30,Carlton Ave & Dean St,4199,7 Ave & Park Pl,4125,40.680974,-73.971009,40.6776147,-73.97324283,member
1858100,685B5C379BBA34AB,docked_bike,2021-04-16 07:59:12,2021-04-16 08:10:30,Carlton Ave & Dean St,4199,7 Ave & Park Pl,4125,40.680974,-73.971009,40.6776147,-73.97324283,member
1858124,134713891166BB4E,docked_bike,2021-04-26 18:00:35,2021-04-26 18:04:18,Carlton Ave & Dean St,4199,7 Ave & Park Pl,4125,40.680974,-73.971009,40.6776147,-73.97324283,member
1858126,EC4A872ACF5016B9,docked_bike,2021-04-26 11:52:56,2021-04-26 11:53:21,Carlton Ave & Dean St,4199,7 Ave & Park Pl,4125,40.680974,-73.971009,40.6776147,-73.97324283,member
1858127,DFBF1F2026EAF877,docked_bike,2021-04-22 19:12:50,2021-04-22 19:27:05,Carlton Ave & Dean St,4199,Albany Ave & Fulton St,4237,40.680974,-73.971009,40.6800105,-73.938475,member
1858140,75C7D92885CF286D,docked_bike,2021-04-13 14:32:08,2021-04-13 14:46:00,Carlton Ave & Dean St,4199,Duffield St & Willoughby St,4596,40.680974,-73.971009,40.69221589,-73.9842844,casual
1858492,3CBDD912A2821EA8,docked_bike,2021-04-21 08:57:26,2021-04-21 09:05:52,Carlton Ave & Dean St,4199,Duffield St & Willoughby St,4596,40.680974,-73.971009,40.69221589,-73.9842844,member
1881626,70D927486C5FD182,docked_bike,2021-04-07 17:58:39,2021-04-07 18:08:37,Carlton Ave & Dean St,4199,7 St & 5 Ave,3914,40.680974,-73.97101,40.670492,-73.985417,member
1881628,873365C673DDE3C1,docked_bike,2021-04-23 08:38:46,2021-04-23 08:56:38,Carlton Ave & Dean St,4199,7 St & 5 Ave,3914,40.680974,-73.971009,40.6704922,-73.98541675,member
1883499,C1BEC4F0A3F7F418,docked_bike,2021-04-04 12:12:57,2021-04-04 12:23:53,Carlton Ave & Dean St,4199,7 St & 5 Ave,3914,40.680974,-73.971009,40.6704922,-73.98541675,member
1883501,EBE4A558DA011D5C,docked_bike,2021-04-25 16:42:42,2021-04-25 16:50:46,Carlton Ave & Dean St,4199,7 St & 5 Ave,3914,40.680974,-73.97101,40.670492,-73.985417,member
1883505,B81FA33E970A5A63,docked_bike,2021-04-02 14:22:52,2021-04-02 14:32:57,Carlton Ave & Dean St,4199,7 St & 5 Ave,3914,40.680974,-73.971009,40.6704922,-73.98541675,member
1883509,1CD77995944D9552,docked_bike,2021-04-05 08:40:42,2021-04-05 09:00:06,Carlton Ave & Dean St,4199,Front St & Washington St,4936,40.680974,-73.971009,40.70255088,-73.98940236,member
1883511,485DCB83DB274661,docked_bike,2021-04-14 20:22:29,2021-04-14 20:42:10,Carlton Ave & Dean St,4199,White St & Moore St,4987,40.680974,-73.971009,40.704508,-73.9351,casual
1883542,0043097ABA58DDC5,docked_bike,2021-04-28 19:38:33,2021-04-28 19:58:59,Carlton Ave & Dean St,4199,Front St & Washington St,4936,40.680974,-73.971009,40.70255088,-73.98940236,casual
1891014,EF88F708EF4DD5A7,docked_bike,2021-04-30 15:48:06,2021-04-30 15:57:03,Carlton Ave & Dean St,4199,7 St & 5 Ave,3914,40.680974,-73.971009,40.6704922,-73.98541675,casual
1891076,942A0B9643DF4589,docked_bike,2021-04-19 07:18:53,2021-04-19 07:43:20,Carlton Ave & Dean St,4199,Forsyth St\t& Grand St,5382,40.680974,-73.971009,40.71779817737835,-73.99316132068634,member
1921939,1C1A4D1B6E952162,docked_bike,2021-04-10 01:15:03,2021-04-10 01:20:05,Carlton Ave & Dean St,4199,Willoughby St & Ashland Pl,4587,40.680974,-73.971009,40.69178,-73.97877,member
1921940,D80675820687F80D,docked_bike,2021-04-14 08:06:58,2021-04-14 08:16:39,Carlton Ave & Dean St,4199,Myrtle Ave & St Edwards St,4659,40.680974,-73.971009,40.69327018,-73.97703874,member
1921949,970F0AB4E956CDC4,docked_bike,2021-04-04 13:22:29,2021-04-04 13:31:14,Carlton Ave & Dean St,4199,Myrtle Ave & St Edwards St,4659,40.680974,-73.971009,40.69327018,-73.97703874,member
1921950,13E28E74BFDA938C,docked_bike,2021-04-30 19:56:25,2021-04-30 20:09:08,Carlton Ave & Dean St,4199,Court St & State St,4488,40.680974,-73.971009,40.6902375,-73.99203074,member
1921956,82329C169F51182F,docked_bike,2021-04-03 16:11:36,2021-04-03 16:39:16,Carlton Ave & Dean St,4199,Irving Ave & Palmetto St,4775,40.680974,-73.971009,40.698,-73.9127,member
1921958,199531AFC79FE753,docked_bike,2021-04-27 19:16:21,2021-04-27 19:31:20,Carlton Ave & Dean St,4199,Court St & State St,4488,40.680974,-73.971009,40.6902375,-73.99203074,casual
1921962,5D323968F837F32C,docked_bike,2021-04-21 11:07:23,2021-04-21 11:23:21,Carlton Ave & Dean St,4199,Court St & State St,4488,40.680974,-73.971009,40.6902375,-73.99203074,member
1921965,1919D15C9A57E6D5,docked_bike,2021-04-27 11:23:31,2021-04-27 11:33:02,Carlton Ave & Dean St,4199,Kosciuszko St & Nostrand Ave,4519,40.680974,-73.971009,40.69072549,-73.95133465,member
1921977,691CD5E147A4DC44,docked_bike,2021-04-09 14:22:41,2021-04-09 14:36:33,Carlton Ave & Dean St,4199,Court St & State St,4488,40.680974,-73.971009,40.6902375,-73.99203074,member
1921993,0FCCCED1CC65FCFF,docked_bike,2021-04-16 12:20:42,2021-04-16 12:35:38,Carlton Ave & Dean St,4199,Court St & State St,4488,40.680974,-73.971009,40.6902375,-73.99203074,member
1921997,A2DD2259F96819DA,docked_bike,2021-04-27 13:52:06,2021-04-27 14:26:28,Carlton Ave & Dean St,4199,11 St & 43 Ave,6438,40.680974,-73.971009,40.7519071,-73.9479119,member
1922005,1A760BE8A121DFBE,docked_bike,2021-04-24 01:07:52,2021-04-24 01:13:51,Carlton Ave & Dean St,4199,Willoughby St & Ashland Pl,4587,40.680974,-73.971009,40.69178,-73.97877,member
1922027,200BB13CF60C777B,docked_bike,2021-04-25 08:42:05,2021-04-25 08:53:53,Carlton Ave & Dean St,4199,Court St & State St,4488,40.680974,-73.971009,40.6902375,-73.99203074,member
1922218,22F1BC18C9249628,docked_bike,2021-04-09 15:48:14,2021-04-09 16:05:25,Carlton Ave & Dean St,4199,Court St & State St,4488,40.680974,-73.971009,40.6902375,-73.99203074,member
1922219,36AD6B9646A46F4E,docked_bike,2021-04-05 12:17:11,2021-04-05 12:34:50,Carlton Ave & Dean St,4199,Court St & State St,4488,40.680974,-73.971009,40.6902375,-73.99203074,casual
1944662,789592162BCB3DC3,docked_bike,2021-04-21 10:06:51,2021-04-21 10:49:03,Carlton Ave & Dean St,4199,W 45 St & 8 Ave,6676,40.680974,-73.971009,40.75929124,-73.98859651,member
1944674,BF98B8F10D36BC0F,docked_bike,2021-04-24 00:34:30,2021-04-24 00:58:32,Carlton Ave & Dean St,4199,Berry St & N 8 St,5379,40.680974,-73.971009,40.7190095,-73.95852515,member
1944703,8AB2903CF5534569,docked_bike,2021-04-18 13:48:02,2021-04-18 14:06:51,Carlton Ave & Dean St,4199,Berry St & N 8 St,5379,40.680974,-73.971009,40.7190095,-73.95852515,member
1944730,78E8AA04E640180B,docked_bike,2021-04-13 14:07:52,2021-04-13 14:31:10,Carlton Ave & Dean St,4199,Berry St & N 8 St,5379,40.680974,-73.971009,40.7190095,-73.95852515,casual
1951490,9DB141BCA7B24D72,docked_bike,2021-04-24 03:44:07,2021-04-24 03:51:07,Carlton Ave & Dean St,4199,3 Ave & Carroll St,4143,40.680974,-73.971009,40.677027,-73.9865,casual
1951493,E1DE467DCF0DF702,docked_bike,2021-04-06 07:04:46,2021-04-06 07:17:53,Carlton Ave & Dean St,4199,Monroe St & Tompkins Ave,4434,40.680974,-73.971009,40.686203,-73.944694,member
1951512,143AB94D4B12D9D8,docked_bike,2021-04-19 19:22:24,2021-04-19 19:35:09,Carlton Ave & Dean St,4199,Monroe St & Tompkins Ave,4434,40.680974,-73.971009,40.686203,-73.944694,member
1951513,AB8A7DF57F383726,docked_bike,2021-04-12 19:41:04,2021-04-12 19:54:33,Carlton Ave & Dean St,4199,Monroe St & Tompkins Ave,4434,40.680974,-73.971009,40.686203,-73.944694,member
1951514,9A0109E0F53E45FE,docked_bike,2021-04-01 19:29:45,2021-04-01 19:39:25,Carlton Ave & Dean St,4199,Monroe St & Tompkins Ave,4434,40.680974,-73.971009,40.686203,-73.944694,member
1951515,461556027B1A6D2F,docked_bike,2021-04-22 19:59:39,2021-04-22 20:12:50,Carlton Ave & Dean St,4199,Monroe St & Tompkins Ave,4434,40.680974,-73.971009,40.686203,-73.944694,member
1951516,73D6E5B17D372736,docked_bike,2021-04-02 19:05:44,2021-04-02 19:18:39,Carlton Ave & Dean St,4199,Monroe St & Tompkins Ave,4434,40.680974,-73.971009,40.686203,-73.944694,member
1951525,75FE7BA7889392AE,docked_bike,2021-04-08 19:44:02,2021-04-08 19:57:44,Carlton Ave & Dean St,4199,Monroe St & Tompkins Ave,4434,40.680974,-73.971009,40.686203,-73.944694,member
1951540,A2657990C28DBBAF,docked_bike,2021-04-30 07:11:42,2021-04-30 07:24:04,Carlton Ave & Dean St,4199,Monroe St & Tompkins Ave,4434,40.680974,-73.971009,40.686203,-73.944694,member
1951541,B9305F6261AC138B,docked_bike,2021-04-20 07:07:44,2021-04-20 07:22:42,Carlton Ave & Dean St,4199,Monroe St & Tompkins Ave,4434,40.680974,-73.971009,40.686203,-73.944694,member
1951551,250BC24B11047B7B,docked_bike,2021-04-15 19:23:22,2021-04-16 05:47:15,Carlton Ave & Dean St,4199,Monroe St & Tompkins Ave,4434,40.680974,-73.971009,40.686203,-73.944694,member
1951552,8F225E676F948C92,docked_bike,2021-04-05 19:46:27,2021-04-05 19:55:44,Carlton Ave & Dean St,4199,Monroe St & Tompkins Ave,4434,40.680974,-73.971009,40.686203,-73.944694,member
1951556,9694720E0B3557C1,docked_bike,2021-04-15 07:41:38,2021-04-15 07:54:09,Carlton Ave & Dean St,4199,Monroe St & Tompkins Ave,4434,40.680974,-73.971009,40.686203,-73.944694,member
1957286,4DAE531D36DC5CBC,docked_bike,2021-04-14 19:26:45,2021-04-14 19:39:30,Carlton Ave & Dean St,4199,Monroe St & Tompkins Ave,4434,40.680974,-73.971009,40.686203,-73.944694,member
1957293,7B861DD663CCFB3E,docked_bike,2021-04-20 19:17:39,2021-04-20 19:32:14,Carlton Ave & Dean St,4199,Monroe St & Tompkins Ave,4434,40.680974,-73.971009,40.686203,-73.944694,member
1957294,AE6972B7F5693CA3,docked_bike,2021-04-13 19:26:13,2021-04-13 19:39:47,Carlton Ave & Dean St,4199,Monroe St & Tompkins Ave,4434,40.680974,-73.971009,40.686203,-73.944694,member
1957295,46047061BDCF0485,docked_bike,2021-04-06 19:35:08,2021-04-06 19:45:45,Carlton Ave & Dean St,4199,Monroe St & Tompkins Ave,4434,40.680974,-73.971009,40.686203,-73.944694,member
1957298,4C355FA1E8347EA3,docked_bike,2021-04-19 13:47:42,2021-04-19 14:04:41,Carlton Ave & Dean St,4199,Monroe St & Tompkins Ave,4434,40.680974,-73.971009,40.686203,-73.944694,casual
1957329,88FA1A3116F44B2A,docked_bike,2021-04-06 14:21:09,2021-04-06 14:56:20,Carlton Ave & Dean St,4199,5 St & 51 Ave,6137,40.680974,-73.971009,40.7423737,-73.9566,member
1957373,9FB286A7DBDBA71A,docked_bike,2021-04-23 20:24:35,2021-04-23 20:40:05,Carlton Ave & Dean St,4199,Monroe St & Tompkins Ave,4434,40.680974,-73.971009,40.686203,-73.944694,member
1957435,000CA0517D464AF3,docked_bike,2021-04-23 20:25:10,2021-04-23 20:39:08,Carlton Ave & Dean St,4199,Monroe St & Tompkins Ave,4434,40.680974,-73.971009,40.686203,-73.944694,casual
1957436,B1AFE807818D2037,docked_bike,2021-04-11 14:50:57,2021-04-11 15:00:26,Carlton Ave & Dean St,4199,3 Ave & Carroll St,4143,40.680974,-73.971009,40.677027,-73.9865,member
1957438,F6616E1664F3C455,docked_bike,2021-04-16 19:07:14,2021-04-16 19:19:19,Carlton Ave & Dean St,4199,Monroe St & Tompkins Ave,4434,40.680974,-73.971009,40.686203,-73.944694,member
1957443,D6C0363FE23176D1,docked_bike,2021-04-07 07:31:36,2021-04-07 07:45:00,Carlton Ave & Dean St,4199,Monroe St & Tompkins Ave,4434,40.680974,-73.971009,40.686203,-73.944694,member
1957446,CAA7F9C66529880D,docked_bike,2021-04-05 06:55:03,2021-04-05 07:08:04,Carlton Ave & Dean St,4199,Monroe St & Tompkins Ave,4434,40.680974,-73.971009,40.686203,-73.944694,member
1957447,EA7DCB629D8EE636,docked_bike,2021-04-23 06:53:41,2021-04-23 07:06:17,Carlton Ave & Dean St,4199,Monroe St & Tompkins Ave,4434,40.680974,-73.971009,40.686203,-73.944694,member
1958121,C7D61A9FA23ECB25,docked_bike,2021-04-23 19:15:33,2021-04-23 19:30:02,Carlton Ave & Dean St,4199,Monroe St & Tompkins Ave,4434,40.680974,-73.971009,40.686203,-73.944694,member
1967649,0D2AE5FA07D1B3E2,docked_bike,2021-04-08 08:56:19,2021-04-08 09:08:58,Carlton Ave & Dean St,4199,Smith St & 3 St,4151,40.680974,-73.971009,40.6787242,-73.99599099,member
1978411,D3DC42EC6E32358E,docked_bike,2021-04-20 17:31:54,2021-04-20 17:44:34,Carlton Ave & Dean St,4199,Smith St & 3 St,4151,40.680974,-73.971009,40.6787242,-73.99599099,member
1978414,2F048A4A3368F004,docked_bike,2021-04-19 15:19:32,2021-04-19 15:27:17,Carlton Ave & Dean St,4199,Dean St & Hoyt St,4446,40.680974,-73.971009,40.6864442,-73.98759104,member
1978452,45A3CCD29CA758E5,docked_bike,2021-04-29 19:54:23,2021-04-29 20:05:18,Carlton Ave & Dean St,4199,Dean St & Hoyt St,4446,40.680974,-73.971009,40.6864442,-73.98759104,casual
1978466,DDC7F0162D7286AA,docked_bike,2021-04-19 19:13:18,2021-04-19 19:28:19,Carlton Ave & Dean St,4199,Smith St & 3 St,4151,40.680974,-73.971009,40.6787242,-73.99599099,casual
1980225,CE13D6197ABE8364,docked_bike,2021-04-14 13:42:57,2021-04-14 13:55:08,Carlton Ave & Dean St,4199,Dean St & Hoyt St,4446,40.680974,-73.971009,40.6864442,-73.98759104,member
1980237,7C73FA83C92659AE,docked_bike,2021-04-05 18:32:50,2021-04-05 18:45:26,Carlton Ave & Dean St,4199,Dean St & Hoyt St,4446,40.680974,-73.971009,40.6864442,-73.98759104,member
1996475,686E844D8F6E176D,docked_bike,2021-04-24 14:22:41,2021-04-24 14:45:00,Carlton Ave & Dean St,4199,14 St & 5 Ave,3771,40.680974,-73.971009,40.666287,-73.98895053,casual
1996486,0B5B64FE6942EEE1,docked_bike,2021-04-10 17:55:47,2021-04-10 18:09:33,Carlton Ave & Dean St,4199,14 St & 5 Ave,3771,40.680974,-73.971009,40.666287,-73.98895053,member
1996511,CE5886424FBE7AD5,docked_bike,2021-04-18 21:38:33,2021-04-18 21:52:03,Carlton Ave & Dean St,4199,14 St & 5 Ave,3771,40.680974,-73.971009,40.666287,-73.98895053,member
1996513,914DD6F6D8B924F9,docked_bike,2021-04-06 19:50:46,2021-04-06 20:02:39,Carlton Ave & Dean St,4199,Degraw St & Hoyt St,4258,40.680974,-73.971009,40.68199044270703,-73.99079024791718,member
1996517,CBAB6D8E732CF327,docked_bike,2021-04-20 15:49:50,2021-04-20 16:01:31,Carlton Ave & Dean St,4199,14 St & 5 Ave,3771,40.680974,-73.971009,40.666287,-73.98895053,casual
1996521,48ADCA0C653E3998,docked_bike,2021-04-06 19:39:03,2021-04-06 19:50:29,Carlton Ave & Dean St,4199,Degraw St & Hoyt St,4258,40.680974,-73.97101,40.68199,-73.99079,casual
1996561,8FE5412A023F46CA,docked_bike,2021-04-23 13:52:25,2021-04-23 14:20:01,Carlton Ave & Dean St,4199,Norfolk St & Broome St,5374,40.680974,-73.971009,40.7172274,-73.98802084,member
1996577,6365CC9F977D65DB,docked_bike,2021-04-24 14:22:34,2021-04-24 14:44:34,Carlton Ave & Dean St,4199,14 St & 5 Ave,3771,40.680974,-73.971009,40.666287,-73.98895053,casual
1996582,29932691B952472E,docked_bike,2021-04-05 12:49:22,2021-04-05 12:55:54,Carlton Ave & Dean St,4199,Degraw St & Hoyt St,4258,40.680974,-73.971009,40.68199044270703,-73.99079024791718,member
1996584,AAC08FCDF30DF611,docked_bike,2021-04-24 14:22:34,2021-04-24 14:44:08,Carlton Ave & Dean St,4199,14 St & 5 Ave,3771,40.680974,-73.971009,40.666287,-73.98895053,casual
1996589,86E57045C8405539,docked_bike,2021-04-21 20:13:47,2021-04-21 20:23:07,Carlton Ave & Dean St,4199,Degraw St & Hoyt St,4258,40.680974,-73.971009,40.68199044270703,-73.99079024791718,member
1997587,93598016F91ACEF2,docked_bike,2021-04-26 13:28:12,2021-04-26 13:45:26,Carlton Ave & Dean St,4199,14 St & 5 Ave,3771,40.680974,-73.971009,40.666287,-73.98895053,casual
1997590,F0D22C4FBD4B93C7,docked_bike,2021-04-14 22:22:24,2021-04-14 22:38:33,Carlton Ave & Dean St,4199,Degraw St & Hoyt St,4258,40.680974,-73.971009,40.68199044270703,-73.99079024791718,casual
2007979,B89A910BEC1CFB69,docked_bike,2021-04-14 22:43:10,2021-04-14 22:55:53,Carlton Ave & Dean St,4199,Carlton Ave & Park Ave,4732,40.680974,-73.971009,40.69580705,-73.97355569,casual
2007983,841DAB22A271AEC5,docked_bike,2021-04-27 18:25:40,2021-04-27 18:33:30,Carlton Ave & Dean St,4199,Carlton Ave & Park Ave,4732,40.680974,-73.971009,40.69580705,-73.97355569,member
2013257,964A8673931D4C4B,docked_bike,2021-04-30 09:49:51,2021-04-30 09:57:40,Carlton Ave & Dean St,4199,Carlton Ave & Park Ave,4732,40.680974,-73.971009,40.69580705,-73.97355569,member
2013300,9C4233A923781052,docked_bike,2021-04-17 13:17:29,2021-04-17 13:24:28,Carlton Ave & Dean St,4199,Carlton Ave & Park Ave,4732,40.680974,-73.971009,40.69580705,-73.97355569,casual
2013302,E77FA29C177051F7,docked_bike,2021-04-01 16:12:12,2021-04-01 16:48:37,Carlton Ave & Dean St,4199,Carlton Ave & Park Ave,4732,40.680974,-73.971009,40.69580705,-73.97355569,member
2031744,71EDC438F35269ED,docked_bike,2021-04-22 21:34:19,2021-04-22 21:45:33,Carlton Ave & Dean St,4199,Franklin Ave & Myrtle Ave,4715,40.680974,-73.97101,40.694546,-73.958014,member
2031750,36ED0B9332CA2B74,docked_bike,2021-04-23 17:47:21,2021-04-23 18:09:55,Carlton Ave & Dean St,4199,Franklin Ave & Myrtle Ave,4715,40.680974,-73.971009,40.694546087246025,-73.95801365375519,casual
2031764,6F08E548C5CEC01C,docked_bike,2021-04-08 18:46:12,2021-04-08 19:02:50,Carlton Ave & Dean St,4199,Clinton St & 4 Place,4119,40.680974,-73.971009,40.6783563,-74.00014502,member
2045161,D94DF6EF0815875B,docked_bike,2021-04-26 11:02:20,2021-04-26 11:02:26,Carlton Ave & Dean St,4199,,nan,40.680974,-73.971009,,,member
2045162,51BCDA3A93DA0618,docked_bike,2021-04-26 11:02:51,2021-04-26 11:03:30,Carlton Ave & Dean St,4199,,nan,40.680974,-73.971009,,,member
2045217,B0BCEBA12B3125B8,docked_bike,2021-04-24 15:45:23,2021-04-24 16:46:21,Carlton Ave & Dean St,4199,W 13 St & 7 Ave,6030,40.680974,-73.971009,40.73781509,-73.99994661,casual
2045220,74E68AAEAAE2110D,docked_bike,2021-04-22 08:49:37,2021-04-22 09:25:01,Carlton Ave & Dean St,4199,Roebling St & N 4 St,5267,40.680974,-73.971009,40.71469,-73.95739,member
2045221,E0658A44DCDA8D23,docked_bike,2021-04-17 20:06:09,2021-04-17 20:39:03,Carlton Ave & Dean St,4199,Roebling St & N 4 St,5267,40.680974,-73.971009,40.71469,-73.95739,member
2045264,5DC7456B057BBDEE,docked_bike,2021-04-23 18:08:44,2021-04-23 18:33:59,Carlton Ave & Dean St,4199,Huron St & Franklin St,5869,40.680974,-73.971009,40.73266,-73.95826,casual
2045280,2DF23B22A308229F,docked_bike,2021-04-06 18:39:10,2021-04-06 18:51:01,Carlton Ave & Dean St,4199,Jay St & Tech Pl,4710,40.680974,-73.971009,40.695065,-73.987167,member
2045284,02E384F9F942633B,docked_bike,2021-04-08 07:39:49,2021-04-08 08:14:39,Carlton Ave & Dean St,4199,,nan,40.680974,-73.971009,,,member
2045297,EBB0D73675F10258,docked_bike,2021-04-10 07:47:18,2021-04-10 07:58:41,Carlton Ave & Dean St,4199,Jay St & Tech Pl,4710,40.680974,-73.971009,40.695065,-73.987167,member
2045303,A0C21A0B6F2F492D,docked_bike,2021-04-03 19:26:26,2021-04-03 19:55:24,Carlton Ave & Dean St,4199,Caton Ave & Argyle Rd,3303,40.680974,-73.971009,40.649681,-73.967829,member
2045334,74F969A509952165,docked_bike,2021-04-28 17:02:19,2021-04-28 17:28:13,Carlton Ave & Dean St,4199,Roebling St & N 4 St,5267,40.680974,-73.971009,40.71469,-73.95739,casual
2045346,EED9671F4A334BBF,docked_bike,2021-04-10 16:09:08,2021-04-10 16:20:47,Carlton Ave & Dean St,4199,Jay St & Tech Pl,4710,40.680974,-73.971009,40.695065,-73.987167,member
2045352,C112D88FEABD3BC0,docked_bike,2021-04-22 18:03:26,2021-04-22 18:24:48,Carlton Ave & Dean St,4199,Leonard St & Nassau Ave,5550,40.680974,-73.971009,40.7239567849954,-73.94984364509583,member
2045716,EB5ED8AD12F10BA3,docked_bike,2021-04-24 15:47:47,2021-04-24 16:46:26,Carlton Ave & Dean St,4199,W 13 St & 7 Ave,6030,40.680974,-73.97101,40.737815,-73.999947,casual
2046253,25C19C3FA8FF216E,docked_bike,2021-04-20 12:27:11,2021-04-20 13:00:19,Carlton Ave & Dean St,4199,W 13 St & 7 Ave,6030,40.680974,-73.971009,40.73781509,-73.99994661,member
2046257,615425AD19C3A779,docked_bike,2021-04-23 12:52:02,2021-04-23 13:09:58,Carlton Ave & Dean St,4199,,nan,40.680974,-73.971009,,,member
2046258,5D43A1DFF7781611,docked_bike,2021-04-17 20:06:51,2021-04-17 20:38:22,Carlton Ave & Dean St,4199,Roebling St & N 4 St,5267,40.680974,-73.971009,40.71469,-73.95739,member
