,ride_id,rideable_type,started_at,ended_at,start_station_name,start_station_id,end_station_name,end_station_id,start_lat,start_lng,end_lat,end_lng,member_casual
1987,798E75DD47C3EABC,classic_bike,2021-12-17 16:34:43,2021-12-17 16:37:54,Crescent St & 34 Ave,6759,34 Ave & 13 St,6836,40.76108,-73.930562,40.7638753,-73.9364848,member
2348,28617DFEAE88CA83,classic_bike,2021-12-05 12:09:14,2021-12-05 12:15:33,Crescent St & 34 Ave,6759,Steinway St & Broadway,6711,40.76108,-73.930562,40.75905795418586,-73.91897544264793,member
3052,C4B76B2433E4AD26,electric_bike,2021-12-24 08:16:17,2021-12-24 08:32:42,Crescent St & 34 Ave,6759,34 Ave & 21 St,6798,40.76108,-73.930562,40.7628138,-73.9342862,member
3057,D5A9B718B720B206,classic_bike,2021-12-16 13:32:34,2021-12-16 13:34:20,Crescent St & 34 Ave,6759,34 Ave & 21 St,6798,40.76108,-73.930562,40.7628138,-73.9342862,member
3191,73B7BCE1840832CE,classic_bike,2021-12-22 10:28:19,2021-12-22 11:13:26,Crescent St & 34 Ave,6759,Broadway & 12 St,6901,40.76108,-73.930562,40.7668,-73.9347774,member
5617,0AAC533D7EDCC3A1,electric_bike,2021-12-27 17:02:22,2021-12-27 17:18:15,Crescent St & 34 Ave,6759,31 Ave & Steinway St,6782,40.76108,-73.930562,40.7611488,-73.9170071,casual
5623,6F8E8078EF9B9F3E,classic_bike,2021-12-05 16:15:35,2021-12-05 16:28:09,Crescent St & 34 Ave,6759,62 St & Northern Blvd,6536,40.76108,-73.930562,40.754176,-73.900318,member
6114,EE8CD9F39E595FB3,classic_bike,2021-12-08 11:37:59,2021-12-08 11:46:54,Crescent St & 34 Ave,6759,31 St & Astoria Blvd,6989,40.76108,-73.930562,40.7699176,-73.9184057,member
7145,E962D78C579A1870,classic_bike,2021-12-17 16:22:58,2021-12-17 16:38:18,Crescent St & 34 Ave,6759,Roosevelt Island Tramway,6599,40.76108,-73.930562,40.757284,-73.9536,member
7578,2CCDDC7C5D1971BD,electric_bike,2021-12-22 20:07:53,2021-12-22 20:14:02,Crescent St & 34 Ave,6759,35 Ave & 37 St,6563,40.76108,-73.930562,40.7557327,-73.9236611,member
8199,D26C9E3BD1A56896,electric_bike,2021-12-29 19:56:19,2021-12-29 20:07:51,Crescent St & 34 Ave,6759,Steinway St & Broadway,6711,40.76108,-73.930562,40.75905795418586,-73.91897544264793,casual
8203,0DD1844FCA15D9FA,electric_bike,2021-12-19 11:03:25,2021-12-19 11:09:26,Crescent St & 34 Ave,6759,Steinway St & Broadway,6711,40.76108,-73.930562,40.75905795418586,-73.91897544264793,casual
8322,0A73DCAD4E13128A,classic_bike,2021-12-05 09:59:46,2021-12-05 10:06:17,Crescent St & 34 Ave,6759,Steinway St & Broadway,6711,40.76108,-73.930562,40.75905795418586,-73.91897544264793,member
9446,D03F8C064041A3BC,classic_bike,2021-12-17 09:32:06,2021-12-17 09:35:12,Crescent St & 34 Ave,6759,34 Ave & 13 St,6836,40.76108,-73.930562,40.7638753,-73.9364848,member
9463,828D00FB29BD559B,electric_bike,2021-12-07 07:17:47,2021-12-07 07:22:19,Crescent St & 34 Ave,6759,40 Ave & Crescent St,6462,40.76108,-73.930562,40.7535992020056,-73.93795609474182,member
9465,C6A4BD03B2A8A2DE,classic_bike,2021-12-05 18:27:20,2021-12-05 18:32:45,Crescent St & 34 Ave,6759,40 Ave & Crescent St,6462,40.76108,-73.930562,40.7535992020056,-73.93795609474182,casual
9478,60D2037A93A49EB4,classic_bike,2021-12-09 15:00:56,2021-12-09 15:06:19,Crescent St & 34 Ave,6759,40 Ave & Crescent St,6462,40.76108,-73.930562,40.7535992020056,-73.93795609474182,member
9479,CC95741C32BB89CC,classic_bike,2021-12-29 22:25:23,2021-12-29 22:31:12,Crescent St & 34 Ave,6759,40 Ave & Crescent St,6462,40.76108,-73.930562,40.7535992020056,-73.93795609474182,casual
9480,D2562C170BAB754C,electric_bike,2021-12-05 18:44:51,2021-12-05 18:47:34,Crescent St & 34 Ave,6759,34 Ave & 13 St,6836,40.76108,-73.930562,40.7638753,-73.9364848,member
9549,5A2F9F881CD8A69C,classic_bike,2021-12-29 22:25:12,2021-12-29 22:31:15,Crescent St & 34 Ave,6759,40 Ave & Crescent St,6462,40.76108,-73.930562,40.7535992020056,-73.93795609474182,member
11100,4BD93DF52B8FA276,electric_bike,2021-12-09 12:59:52,2021-12-09 13:21:46,Crescent St & 34 Ave,6759,5 Ave & E 63 St,6904,40.76108,-73.930562,40.766368,-73.971518,member
11459,EBB516FDFF33B1FB,electric_bike,2021-12-17 06:49:11,2021-12-17 06:56:10,Crescent St & 34 Ave,6759,31 St & Astoria Blvd,6989,40.76108,-73.930562,40.7699176,-73.9184057,member
11895,CB1DA17E4A2C142E,classic_bike,2021-12-13 14:06:09,2021-12-13 14:12:16,Crescent St & 34 Ave,6759,35 St & Broadway,6750,40.76108,-73.930562,40.760339,-73.9222427,member
11896,4EB8F088C2632576,classic_bike,2021-12-20 20:12:23,2021-12-20 20:18:47,Crescent St & 34 Ave,6759,35 Ave & 37 St,6563,40.76108,-73.930562,40.7557327,-73.9236611,member
11898,17EC4DBF77ABD749,electric_bike,2021-12-19 09:37:07,2021-12-19 09:54:40,Crescent St & 34 Ave,6759,W 55 St & 6 Ave,6809,40.76108,-73.930562,40.763189,-73.978434,member
11899,203F65478369465A,classic_bike,2021-12-02 11:19:44,2021-12-02 11:47:28,Crescent St & 34 Ave,6759,W 55 St & 6 Ave,6809,40.76108,-73.930562,40.763189,-73.978434,member
11901,61CB8D3DF3B032A3,classic_bike,2021-12-13 11:47:44,2021-12-13 11:54:44,Crescent St & 34 Ave,6759,35 St & Broadway,6750,40.76108,-73.930562,40.760339,-73.9222427,casual
11920,0D5CBC775E6EF1C2,classic_bike,2021-12-20 07:25:33,2021-12-20 07:30:32,Crescent St & 34 Ave,6759,35 St & Broadway,6750,40.76108,-73.930562,40.760339,-73.9222427,member
11923,04A3E531AB654003,electric_bike,2021-12-23 12:09:12,2021-12-23 12:13:30,Crescent St & 34 Ave,6759,35 St & Broadway,6750,40.76108,-73.930562,40.760339,-73.9222427,member
12556,A29D788835685329,classic_bike,2021-12-31 16:24:18,2022-01-01 17:24:05,Crescent St & 34 Ave,6759,,nan,40.76108,-73.930562,,,casual
12562,920BE316A9B1E882,electric_bike,2021-12-19 11:02:59,2021-12-19 17:51:20,Crescent St & 34 Ave,6759,,nan,40.76108,-73.930562,40.77,-73.96,casual
14023,37B8D5504B2729C7,electric_bike,2021-12-23 10:56:18,2021-12-23 10:58:53,Crescent St & 34 Ave,6759,Broadway & 12 St,6901,40.76108,-73.930562,40.7668,-73.9347774,member
14028,8E67B3B9546B1298,classic_bike,2021-12-12 15:58:29,2021-12-12 16:02:16,Crescent St & 34 Ave,6759,36 Ave & 31 St,6572,40.76108,-73.930562,40.75651272984955,-73.92957486212252,member
14029,7CF8B615CB38D98D,electric_bike,2021-12-25 12:36:52,2021-12-25 12:49:49,Crescent St & 34 Ave,6759,36 Ave & 31 St,6572,40.76108,-73.930562,40.75651272984955,-73.92957486212252,member
14034,934EEB76FBFC70F7,classic_bike,2021-12-06 14:42:09,2021-12-06 14:48:28,Crescent St & 34 Ave,6759,36 Ave & 31 St,6572,40.76108,-73.930562,40.75651272984955,-73.92957486212252,casual
14831,35BDC6200199F436,classic_bike,2021-12-17 09:24:00,2021-12-17 09:35:53,Crescent St & 34 Ave,6759,31 St & Thomson Ave,6227,40.76108,-73.930562,40.74469738,-73.93540375,member
18878,BB4DCC3CE904D0D3,electric_bike,2021-12-21 15:35:51,2021-12-21 15:42:55,Crescent St & 34 Ave,6759,Vernon Blvd & 30 Rd,7003,40.76108,-73.930562,40.770845,-73.934171,member
18879,840F5CB3AA202C35,classic_bike,2021-12-16 09:27:25,2021-12-16 09:34:18,Crescent St & 34 Ave,6759,Vernon Blvd & 30 Rd,7003,40.76108,-73.930562,40.770845,-73.934171,member
18889,A9D877AFFC863F5E,classic_bike,2021-12-23 18:48:31,2021-12-23 18:54:20,Crescent St & 34 Ave,6759,31 Rd & 21 St,6929,40.76108,-73.930562,40.766824,-73.930486,member
19311,E7F5FB094ABB646C,classic_bike,2021-12-01 13:08:46,2021-12-01 13:12:49,Crescent St & 34 Ave,6759,38 Ave & 29 St,6538,40.76108,-73.930562,40.75473,-73.93367,member
19313,A72095151D84A4FA,electric_bike,2021-12-22 13:39:38,2021-12-22 13:44:34,Crescent St & 34 Ave,6759,38 Ave & 29 St,6538,40.76108,-73.930562,40.75473,-73.93367,casual
19349,964E461D299BA903,electric_bike,2021-12-31 18:36:51,2021-12-31 18:46:20,Crescent St & 34 Ave,6759,38 Ave & 29 St,6538,40.76108,-73.930562,40.75473,-73.93367,member
20069,B920410E1E245FA3,classic_bike,2021-12-02 15:41:40,2021-12-02 15:47:45,Crescent St & 34 Ave,6759,35 St & Broadway,6750,40.76108,-73.930562,40.760339,-73.9222427,member
23664,A04F7FEDF2DCBCE0,electric_bike,2021-12-06 09:21:21,2021-12-06 09:47:16,Crescent St & 34 Ave,6759,2 Ave & E 55 St,6650,40.76108,-73.930562,40.757920208794026,-73.96638214588165,member
24434,884136CAA71A7925,classic_bike,2021-12-07 08:58:40,2021-12-07 09:16:15,Crescent St & 34 Ave,6759,2 Ave & E 55 St,6650,40.76108,-73.930562,40.757920208794026,-73.96638214588165,member
25013,08C84AFEDBDB56B2,classic_bike,2021-12-30 14:53:10,2021-12-30 15:06:05,Crescent St & 34 Ave,6759,34 Ave & 48 St,6554,40.76108,-73.930562,40.75388,-73.914952,member
25033,56D761F3EDD3DC05,classic_bike,2021-12-14 10:24:06,2021-12-14 10:37:42,Crescent St & 34 Ave,6759,30 Ave & 41 St,6812,40.76108,-73.930562,40.763422,-73.914142,casual
25039,C1407FCF360E43C6,electric_bike,2021-12-21 14:33:22,2021-12-21 14:40:03,Crescent St & 34 Ave,6759,34 Ave & 48 St,6554,40.76108,-73.930562,40.75388,-73.914952,casual
25041,7D9A0C8B1AD9A7B7,classic_bike,2021-12-08 09:34:59,2021-12-08 10:19:33,Crescent St & 34 Ave,6759,Jay St & York St,4895,40.76108,-73.930562,40.70140317257725,-73.98672670125961,member
25069,B03194F12B178E26,classic_bike,2021-12-23 16:23:16,2021-12-23 16:33:41,Crescent St & 34 Ave,6759,34 Ave & 48 St,6554,40.76108,-73.930562,40.75388,-73.914952,member
25070,EF5EF0318B2611E2,classic_bike,2021-12-23 12:04:50,2021-12-23 12:12:39,Crescent St & 34 Ave,6759,34 Ave & 48 St,6554,40.76108,-73.930562,40.75388,-73.914952,member
27121,0989AA9F8CC66F64,classic_bike,2021-12-17 06:49:25,2021-12-17 06:53:49,Crescent St & 34 Ave,6759,38 Ave & 29 St,6538,40.76108,-73.930562,40.75473,-73.93367,member
28560,E5FEE97723D3466F,electric_bike,2021-12-21 16:27:09,2021-12-21 17:00:57,Crescent St & 34 Ave,6759,W 113 St & Broadway,7713,40.76108,-73.930562,40.805973,-73.964928,member
30238,2A557EA1B9616224,electric_bike,2021-12-28 12:24:23,2021-12-28 12:58:06,Crescent St & 34 Ave,6759,Pleasant Ave & E 116 St,7450,40.76108,-73.930562,40.7949879,-73.9333349,member
33274,0FD2A522654F0E20,electric_bike,2021-12-22 11:33:53,2021-12-22 11:46:03,Crescent St & 34 Ave,6759,35 St & 21 Ave,7170,40.76108,-73.930562,40.776745,-73.906558,member
34819,6FE7688C6C7E84AE,electric_bike,2021-12-17 19:20:27,2021-12-17 19:57:12,Crescent St & 34 Ave,6759,Central Ave & Flushing Ave,4947,40.76108,-73.930562,40.702831,-73.9333,member
34941,68202D7C0634BBEF,electric_bike,2021-12-08 17:29:39,2021-12-08 17:33:32,Crescent St & 34 Ave,6759,38 Ave & 29 St,6538,40.76108,-73.930562,40.75473,-73.93367,casual
35172,695B5F1E09F74880,electric_bike,2021-12-05 13:38:48,2021-12-05 13:46:03,Crescent St & 34 Ave,6759,38 Ave & 29 St,6538,40.76108,-73.930562,40.75473,-73.93367,casual
35516,B120374E5FA216BE,electric_bike,2021-12-14 12:40:53,2021-12-14 12:53:15,Crescent St & 34 Ave,6759,1 Ave & E 68 St,6822,40.76108,-73.930562,40.76500525,-73.95818491,casual
36076,7F0BC5C3C63D1522,classic_bike,2021-12-08 15:07:00,2021-12-08 15:24:15,Crescent St & 34 Ave,6759,48 Ave & 5 St,6212,40.76108,-73.930562,40.74436328706688,-73.9558732509613,member
36861,526F0E0EF34B2309,classic_bike,2021-12-09 10:33:37,2021-12-09 11:10:59,Crescent St & 34 Ave,6759,W 45 St & 8 Ave,6676,40.76108,-73.930562,40.75929124,-73.98859651,member
37369,C51EB065134C59A1,electric_bike,2021-12-21 20:58:06,2021-12-21 21:01:36,Crescent St & 34 Ave,6759,31 Ave & Crescent St,6893,40.76108,-73.930562,40.7658346,-73.9265474,member
37438,96B2A5E5A4F51ADC,classic_bike,2021-12-17 18:20:13,2021-12-17 18:24:43,Crescent St & 34 Ave,6759,31 Ave & Crescent St,6893,40.76108,-73.930562,40.7658346,-73.9265474,member
37440,564C36D66773CE64,electric_bike,2021-12-16 20:10:55,2021-12-16 20:13:53,Crescent St & 34 Ave,6759,31 Ave & Crescent St,6893,40.76108,-73.930562,40.7658346,-73.9265474,member
37776,1FA8C8AB48DB94DF,classic_bike,2021-12-24 16:05:33,2021-12-24 16:09:59,Crescent St & 34 Ave,6759,31 Ave & Crescent St,6893,40.76108,-73.930562,40.7658346,-73.9265474,member
38101,4B520FE605E6BC64,electric_bike,2021-12-23 18:32:18,2021-12-23 18:35:56,Crescent St & 34 Ave,6759,31 Ave & Crescent St,6893,40.76108,-73.930562,40.7658346,-73.9265474,member
41224,D0197CA352B39B6E,electric_bike,2021-12-01 16:02:33,2021-12-01 16:10:16,Crescent St & 34 Ave,6759,31 St & Newtown Ave,6923,40.76108,-73.930562,40.7675487799971,-73.9209334552288,member
41225,8164E8F0B923828B,classic_bike,2021-12-14 11:36:45,2021-12-14 11:49:03,Crescent St & 34 Ave,6759,21 St & Queens Plaza North,6471,40.76108,-73.930562,40.75325964,-73.94335788,member
44311,7C772D515663958B,classic_bike,2021-12-16 13:24:54,2021-12-16 13:37:11,Crescent St & 34 Ave,6759,35 St & 23 Ave,7047,40.76108,-73.930562,40.77301508291382,-73.91119033098221,member
44316,E4AD066F816E8B29,electric_bike,2021-12-11 12:01:15,2021-12-11 12:11:39,Crescent St & 34 Ave,6759,Vernon Blvd & 41 Rd,6514,40.76108,-73.930562,40.7552433,-73.9485678,member
45328,95D32ABA7BF1C489,classic_bike,2021-12-08 18:32:24,2021-12-08 18:43:22,Crescent St & 34 Ave,6759,31 St & Hoyt Ave N,7018,40.76108,-73.930562,40.7711528,-73.9170074,member
47411,7DBCF27044C8F76C,classic_bike,2021-12-12 12:24:10,2021-12-12 12:30:13,Crescent St & 34 Ave,6759,21 St & 31 Dr,6865,40.76108,-73.930562,40.7659,-73.930819,member
47412,0FBF8B31B80CB0C4,electric_bike,2021-12-09 18:56:09,2021-12-09 19:00:22,Crescent St & 34 Ave,6759,35 Ave & 10 St,6806,40.76108,-73.930562,40.76315481910373,-73.93985509872437,member
47413,8C1D42CC90AEF75D,classic_bike,2021-12-16 11:58:48,2021-12-16 12:03:54,Crescent St & 34 Ave,6759,21 St & 31 Dr,6865,40.76108,-73.930562,40.7659,-73.930819,member
47414,3E0CA8A9A059B2B3,classic_bike,2021-12-31 17:06:40,2021-12-31 17:13:31,Crescent St & 34 Ave,6759,35 Ave & 10 St,6806,40.76108,-73.930562,40.76315481910373,-73.93985509872437,member
47415,39E10AB85CFB8312,classic_bike,2021-12-30 23:42:02,2021-12-30 23:48:21,Crescent St & 34 Ave,6759,35 Ave & 10 St,6806,40.76108,-73.930562,40.76315481910373,-73.93985509872437,member
47416,A98AC20E29B729C2,classic_bike,2021-12-16 23:35:11,2021-12-16 23:40:33,Crescent St & 34 Ave,6759,35 Ave & 10 St,6806,40.76108,-73.930562,40.76315481910373,-73.93985509872437,member
49406,56DFCCCE6328E26E,electric_bike,2021-12-16 11:38:15,2021-12-16 12:03:58,Crescent St & 34 Ave,6759,W 59 St & 10 Ave,7023,40.76108,-73.930562,40.770513,-73.988038,member
50496,D13F8C8DD304CC41,electric_bike,2021-12-11 15:44:26,2021-12-11 16:09:41,Crescent St & 34 Ave,6759,Central Park West & W 85 St,7354,40.76108,-73.930562,40.78476,-73.969862,member
51199,982B9568BBFEF116,electric_bike,2021-12-16 19:05:51,2021-12-16 19:10:18,Crescent St & 34 Ave,6759,34th Ave & Vernon Blvd,6873,40.76108,-73.930562,40.76535380385866,-73.93986314535141,member
57433,4A785CAACEA5782D,electric_bike,2021-12-06 16:40:29,2021-12-06 17:04:50,Crescent St & 34 Ave,6759,2 Ave & E 31 St,6197,40.76108,-73.930562,40.74290902,-73.97706058,member
57449,0FC2604118321513,electric_bike,2021-12-22 15:35:14,2021-12-22 16:01:04,Crescent St & 34 Ave,6759,E 27 St & 1 Ave,6004,40.76108,-73.930562,40.739445,-73.976806,member
63438,BF74AAAA113F9583,electric_bike,2021-12-06 17:08:29,2021-12-06 17:19:11,Crescent St & 34 Ave,6759,Steinway St & 23 Ave,7009,40.76108,-73.930562,40.7713937,-73.9077436,casual
66415,3BB3CFD72A1ADF97,classic_bike,2021-12-10 23:55:12,2021-12-11 00:08:28,Crescent St & 34 Ave,6759,21 Ave & Crescent St,7284,40.76108,-73.930562,40.780478,-73.912212,member
66728,41FC1792C31C024E,electric_bike,2021-12-23 11:42:17,2021-12-23 11:48:59,Queens Plaza North & Crescent St,6429,Crescent St & 34 Ave,6759,40.75110165,-73.94073717,40.76108,-73.930562,member
66851,8423D8C3E5175193,electric_bike,2021-12-30 19:50:58,2021-12-30 19:56:35,Crescent St & 34 Ave,6759,31 Ave & 34 St,6819,40.76108,-73.930562,40.763154,-73.920827,casual
67285,56D0E857E119FCF1,classic_bike,2021-12-26 16:08:23,2021-12-26 16:44:56,Crescent St & 34 Ave,6759,31 Ave & 34 St,6819,40.76108,-73.930562,40.763154,-73.920827,member
67292,A8D43822F1E475AC,electric_bike,2021-12-14 15:10:45,2021-12-14 15:25:54,Crescent St & 34 Ave,6759,E 76 St & Park Ave,7128,40.76108,-73.930562,40.773763,-73.96222088,member
67301,819AAA0BA5E3ECCA,electric_bike,2021-12-10 15:06:56,2021-12-10 15:22:23,Crescent St & 34 Ave,6759,E 76 St & Park Ave,7128,40.76108,-73.930562,40.773763,-73.96222088,member
67469,C66830ADD1675804,classic_bike,2021-12-26 16:08:07,2021-12-26 16:45:01,Crescent St & 34 Ave,6759,31 Ave & 34 St,6819,40.76108,-73.930562,40.763154,-73.920827,member
71472,EAA8AFB1CA64138F,electric_bike,2021-12-09 22:06:07,2021-12-09 22:32:51,Crescent St & 34 Ave,6759,Forest Ave & Summerfield St,4798,40.76108,-73.930562,40.69922,-73.89795,casual
71475,1ABA3BBCB32A6D64,electric_bike,2021-12-02 09:39:24,2021-12-02 09:47:15,Crescent St & 34 Ave,6759,44 Dr & Jackson Ave,6352,40.76108,-73.930562,40.74718234,-73.9432635,member
71477,9AC5D7129D5EFD6E,classic_bike,2021-12-11 10:55:08,2021-12-11 11:04:34,Crescent St & 34 Ave,6759,44 Dr & Jackson Ave,6352,40.76108,-73.930562,40.74718234,-73.9432635,casual
71479,658D5EDD5B7AADE6,electric_bike,2021-12-05 09:57:01,2021-12-05 10:06:56,Crescent St & 34 Ave,6759,46 Ave & 5 St,6286,40.76108,-73.930562,40.74731,-73.95451,member
71481,F374294FA2EAF990,electric_bike,2021-12-30 09:41:10,2021-12-30 09:51:52,Crescent St & 34 Ave,6759,44 Dr & Jackson Ave,6352,40.76108,-73.930562,40.74718234,-73.9432635,casual
71485,B7A23EAD5A915434,electric_bike,2021-12-26 07:52:17,2021-12-26 08:03:18,Crescent St & 34 Ave,6759,46 Ave & 5 St,6286,40.76108,-73.930562,40.74731,-73.95451,member
71486,5ECF4389A236ADFE,classic_bike,2021-12-07 11:03:56,2021-12-07 11:12:34,Crescent St & 34 Ave,6759,44 Dr & Jackson Ave,6352,40.76108,-73.930562,40.74718234,-73.9432635,member
71488,CDC7A2F67A61F158,electric_bike,2021-12-30 09:41:07,2021-12-30 09:50:49,Crescent St & 34 Ave,6759,44 Dr & Jackson Ave,6352,40.76108,-73.930562,40.74718234,-73.9432635,casual
71489,4742C1D607CFB4D7,electric_bike,2021-12-08 16:31:37,2021-12-08 16:38:05,Crescent St & 34 Ave,6759,44 Dr & Jackson Ave,6352,40.76108,-73.930562,40.74718234,-73.9432635,casual
71490,45AA8AA626E87EB6,electric_bike,2021-12-16 15:12:41,2021-12-16 15:24:05,Crescent St & 34 Ave,6759,44 Dr & Jackson Ave,6352,40.76108,-73.930562,40.74718234,-73.9432635,casual
71491,A58D5D07A48CC55E,electric_bike,2021-12-13 23:10:40,2021-12-13 23:35:49,Crescent St & 34 Ave,6759,Forest Ave & Summerfield St,4798,40.76108,-73.930562,40.69922,-73.89795,casual
71851,69ED8B50A5E36DC7,classic_bike,2021-12-10 18:51:56,2021-12-10 19:02:53,Crescent St & 34 Ave,6759,44 Dr & Jackson Ave,6352,40.76108,-73.930562,40.74718234,-73.9432635,member
71853,DB1BB57EA72E41F0,classic_bike,2021-12-05 10:27:50,2021-12-05 10:36:01,Crescent St & 34 Ave,6759,44 Dr & Jackson Ave,6352,40.76108,-73.930562,40.74718234,-73.9432635,casual
73146,66A335296D85DD26,classic_bike,2021-12-24 14:11:10,2021-12-24 14:13:50,Crescent St & 34 Ave,6759,31 Ave & Crescent St,6893,40.76108,-73.930562,40.7658346,-73.9265474,member
76350,F941C4C7845545A1,classic_bike,2021-12-14 10:55:50,2021-12-14 11:03:21,Crescent St & 34 Ave,6759,Vernon Blvd & 30 Rd,7003,40.76108,-73.930562,40.770845,-73.934171,member
77435,85E31CEF381C7342,classic_bike,2021-12-13 11:08:44,2021-12-13 11:14:09,Crescent St & 34 Ave,6759,34 Ave & 38 St,6638,40.76108,-73.930562,40.756913,-73.921631,member
80028,9171D8807AB4041B,classic_bike,2021-12-28 16:59:12,2021-12-28 17:09:21,Crescent St & 34 Ave,6759,23 Rd & 31 St,7082,40.76108,-73.930562,40.77336750284339,-73.91382560133934,member
82028,4241A73280777E44,classic_bike,2021-12-08 13:16:06,2021-12-08 13:22:00,Crescent St & 34 Ave,6759,40 Ave & Crescent St,6462,40.76108,-73.930562,40.7535992020056,-73.93795609474182,member
82813,894C85617F278FCC,classic_bike,2021-12-09 08:44:09,2021-12-09 09:17:59,E 20 St & 2 Ave,5971,Crescent St & 34 Ave,6759,40.73587678,-73.98205027,40.76108,-73.930562,member
82815,48267F09540AFDAE,electric_bike,2021-12-26 15:52:47,2021-12-26 16:03:38,19 St & 24 Ave,7186,Crescent St & 34 Ave,6759,40.7774552,-73.9225403,40.76108,-73.930562,casual
82816,99F49F420D3A1F77,classic_bike,2021-12-28 11:39:25,2021-12-28 12:04:23,Jackson Ave & 46 Rd,6203,Crescent St & 34 Ave,6759,40.74524768,-73.94733276,40.76108,-73.930562,member
82842,F47CD411F8900E6D,electric_bike,2021-12-03 16:31:25,2021-12-03 16:37:03,Vernon Blvd & 31 Ave,7003,Crescent St & 34 Ave,6759,40.7692475,-73.9354504,40.76108,-73.930562,member
82854,1A1684C71EBB3F5E,classic_bike,2021-12-01 15:54:27,2021-12-01 16:01:09,36 Ave & 10 St,6737,Crescent St & 34 Ave,6759,40.7614376,-73.9411265,40.76108,-73.930562,member
82860,656ECF9B5239F342,classic_bike,2021-12-25 15:53:15,2021-12-25 16:16:06,Crescent St & 34 Ave,6759,Crescent St & 34 Ave,6759,40.76108,-73.930562,40.76108,-73.930562,member
82870,7A817FC6CAD48846,electric_bike,2021-12-26 00:10:37,2021-12-26 00:15:20,36 Ave & 10 St,6737,Crescent St & 34 Ave,6759,40.7614376,-73.9411265,40.76108,-73.930562,member
82881,D663098F3627A4D2,electric_bike,2021-12-14 22:48:23,2021-12-14 22:55:28,30 Ave & 21 St,6996,Crescent St & 34 Ave,6759,40.7703743,-73.9286078,40.76108,-73.930562,member
82893,7E779FB821A9224A,classic_bike,2021-12-25 15:42:41,2021-12-25 16:31:14,Washington Ave & Park Ave,4724,Crescent St & 34 Ave,6759,40.69610226,-73.96751037,40.76108,-73.930562,casual
82899,41491E3EBA8E9A01,electric_bike,2021-12-02 20:04:36,2021-12-02 20:11:47,30 Ave & 21 St,6996,Crescent St & 34 Ave,6759,40.7703743,-73.9286078,40.76108,-73.930562,member
82900,49EAB55114F02AC4,electric_bike,2021-12-07 22:55:14,2021-12-07 23:02:05,30 Ave & 21 St,6996,Crescent St & 34 Ave,6759,40.7703743,-73.9286078,40.76108,-73.930562,member
82901,FDB7A50A28A4F2A8,electric_bike,2021-12-21 23:18:45,2021-12-21 23:24:30,30 Ave & 21 St,6996,Crescent St & 34 Ave,6759,40.7703743,-73.9286078,40.76108,-73.930562,member
82907,E6FC893E205C166B,classic_bike,2021-12-03 08:37:26,2021-12-03 09:09:37,E 20 St & 2 Ave,5971,Crescent St & 34 Ave,6759,40.73587678,-73.98205027,40.76108,-73.930562,member
82909,17B2F5A307E46415,classic_bike,2021-12-10 13:05:20,2021-12-10 13:26:38,20 Ave & 38 St,7196,Crescent St & 34 Ave,6759,40.777112,-73.902382,40.76108,-73.930562,member
82910,5CF3F670D8B5852F,electric_bike,2021-12-21 17:01:07,2021-12-21 17:12:07,49 St & 31 Ave,6662,Crescent St & 34 Ave,6759,40.758057,-73.909831,40.76108,-73.930562,member
82922,B4D0028850CC4CE7,classic_bike,2021-12-08 07:53:39,2021-12-08 07:57:17,34 St & 35 Ave,6605,Crescent St & 34 Ave,6759,40.7569332,-73.9262231,40.76108,-73.930562,member
82929,A7FAF4EEC752A5DE,electric_bike,2021-12-19 06:31:06,2021-12-19 06:35:02,31 Ave & 30 St,6857,Crescent St & 34 Ave,6759,40.7647,-73.9240312,40.76108,-73.930562,member
82932,AB49A10BB32F4CB6,classic_bike,2021-12-01 19:16:01,2021-12-01 19:27:22,45 Ave & 21 St,6319,Crescent St & 34 Ave,6759,40.74737075646803,-73.94777297973631,40.76108,-73.930562,member
82944,211DC7FFE82F197C,electric_bike,2021-12-15 22:22:00,2021-12-15 22:42:13,Amsterdam Ave & W 66 St,7149,Crescent St & 34 Ave,6759,40.7746671,-73.98470567,40.76108,-73.930562,member
82946,A94B77DC6B99A8A2,classic_bike,2021-12-15 13:47:35,2021-12-15 13:51:58,21 St & 31 Dr,6865,Crescent St & 34 Ave,6759,40.7659,-73.930819,40.76108,-73.930562,member
82949,6A6215A6305E1CC1,classic_bike,2021-12-29 08:21:09,2021-12-29 08:26:11,35 Ave & 10 St,6806,Crescent St & 34 Ave,6759,40.76315481910373,-73.93985509872437,40.76108,-73.930562,member
82951,AD7B405A67BC7A47,electric_bike,2021-12-20 13:30:55,2021-12-20 13:35:17,34 Ave & 38 St,6638,Crescent St & 34 Ave,6759,40.756913,-73.921631,40.76108,-73.930562,member
82956,EB8FAD28F40D07EB,classic_bike,2021-12-08 09:27:34,2021-12-08 09:33:56,34 Ave & 38 St,6638,Crescent St & 34 Ave,6759,40.756913,-73.921631,40.76108,-73.930562,member
82986,7EDB177F008EB29F,classic_bike,2021-12-24 15:16:55,2021-12-24 15:25:15,Steinway St & Broadway,6711,Crescent St & 34 Ave,6759,40.75905795418586,-73.91897544264793,40.76108,-73.930562,casual
82988,6186E1BDCF942048,classic_bike,2021-12-13 13:16:45,2021-12-13 14:03:02,Vernon Blvd & 31 Ave,7003,Crescent St & 34 Ave,6759,40.7692475,-73.9354504,40.76108,-73.930562,member
82991,5DB57468C7356566,electric_bike,2021-12-12 18:13:54,2021-12-12 18:26:45,31 St & Ditmars Blvd,7144,Crescent St & 34 Ave,6759,40.776168,-73.910485,40.76108,-73.930562,member
83022,7FC3F3B0BDC9C12C,classic_bike,2021-12-20 17:28:20,2021-12-20 18:11:02,W 20 St & 7 Ave,6182,Crescent St & 34 Ave,6759,40.74238787,-73.99726235,40.76108,-73.930562,member
83027,E8BD56BB2EDABA3B,electric_bike,2021-12-28 20:06:07,2021-12-28 20:35:37,8 Ave & W 33 St,6450,Crescent St & 34 Ave,6759,40.751551,-73.993934,40.76108,-73.930562,casual
83093,789917AEF3753A04,electric_bike,2021-12-07 17:02:50,2021-12-07 17:12:56,49 St & 31 Ave,6662,Crescent St & 34 Ave,6759,40.758057,-73.909831,40.76108,-73.930562,member
83094,671D3D28895BC5E9,classic_bike,2021-12-29 19:44:49,2021-12-29 19:58:43,Shore Blvd & Astoria Park,7271,Crescent St & 34 Ave,6759,40.77977,-73.923162,40.76108,-73.930562,member
83097,E8981AFF13C89CFD,electric_bike,2021-12-12 00:13:21,2021-12-12 00:20:37,28 St & 41 Ave,6462,Crescent St & 34 Ave,6759,40.751047,-73.93797,40.76108,-73.930562,casual
83098,121309D83A0A39F0,electric_bike,2021-12-20 15:18:22,2021-12-20 15:28:43,49 St & 31 Ave,6662,Crescent St & 34 Ave,6759,40.758057,-73.909831,40.76108,-73.930562,member
83107,868200F3E4EA2C60,classic_bike,2021-12-28 19:32:17,2021-12-28 19:51:30,20 Ave & 38 St,7196,Crescent St & 34 Ave,6759,40.777112,-73.902382,40.76108,-73.930562,member
83121,8EE8102DD4506C44,classic_bike,2021-12-06 17:24:39,2021-12-06 17:30:06,36 Ave & 10 St,6737,Crescent St & 34 Ave,6759,40.7614376,-73.9411265,40.76108,-73.930562,member
83190,C5666738CB769F90,classic_bike,2021-12-01 08:25:42,2021-12-01 08:35:35,21 St & Hoyt Ave S,7126,Crescent St & 34 Ave,6759,40.774645,-73.923706,40.76108,-73.930562,member
84464,D036C611F4091B84,electric_bike,2021-12-17 15:42:27,2021-12-17 15:51:13,Crescent St & 34 Ave,6759,31 St & Hoyt Ave N,7018,40.76108,-73.930562,40.7711528,-73.9170074,member
89008,F92D1C67CBB5B34A,electric_bike,2021-12-06 12:47:12,2021-12-06 13:11:30,Crescent St & 34 Ave,6759,Madison Ave & E 99 St,7443,40.76108,-73.930562,40.78948541553215,-73.95242929458618,member
89249,281413C2643605A9,classic_bike,2021-12-07 14:35:51,2021-12-07 14:49:09,Crescent St & 34 Ave,6759,50 St & Northern Blvd,6511,40.76108,-73.930562,40.753441,-73.912402,member
91381,8389C11C82A4C13E,electric_bike,2021-12-20 23:15:10,2021-12-20 23:27:51,Crescent St & 34 Ave,6759,23 Ave & 27 St,7178,40.76108,-73.930562,40.776165,-73.9153175,casual
92066,4C0E8BCA51C8F33D,classic_bike,2021-12-26 10:03:25,2021-12-26 10:09:12,Crescent St & 34 Ave,6759,24 St & 41 Ave,6505,40.76108,-73.930562,40.752474,-73.939991,casual
94689,335443BAFA183592,classic_bike,2021-12-13 10:21:17,2021-12-13 10:53:30,Crescent St & 34 Ave,6759,W 45 St & 8 Ave,6676,40.76108,-73.930562,40.75929124,-73.98859651,member
98527,A0070520EF544514,classic_bike,2021-12-11 17:03:09,2021-12-11 17:08:36,Crescent St & 34 Ave,6759,34th Ave & Vernon Blvd,6873,40.76108,-73.930562,40.76535380385866,-73.93986314535141,member
98529,57788EDDCC146F49,classic_bike,2021-12-01 10:56:52,2021-12-01 11:01:50,Crescent St & 34 Ave,6759,34th Ave & Vernon Blvd,6873,40.76108,-73.930562,40.76535380385866,-73.93986314535141,casual
99897,8790EEE5A6F49099,electric_bike,2021-12-19 19:16:56,2021-12-19 19:27:08,Crescent St & 34 Ave,6759,40 Ave & 9 St,6664,40.76108,-73.930562,40.75742,-73.945133,member
99898,1F195E047FB2534F,classic_bike,2021-12-26 14:17:34,2021-12-26 14:26:29,Crescent St & 34 Ave,6759,40 Ave & 9 St,6664,40.76108,-73.930562,40.75742,-73.945133,member
99899,E7F195C45A207BAC,classic_bike,2021-12-19 14:03:29,2021-12-19 14:12:45,Crescent St & 34 Ave,6759,40 Ave & 9 St,6664,40.76108,-73.930562,40.75742,-73.945133,member
100114,378E6161B7E2AB1A,classic_bike,2021-12-28 18:21:20,2021-12-28 18:37:33,Crescent St & 34 Ave,6759,40 Ave & 9 St,6664,40.76108,-73.930562,40.75742,-73.945133,member
102715,E28B0CE99A703EF8,classic_bike,2021-12-13 19:21:09,2021-12-13 19:36:34,Crescent St & 34 Ave,6759,Crescent St & 34 Ave,6759,40.76108,-73.930562,40.76108,-73.930562,member
102725,E47C09261A925061,electric_bike,2021-12-25 12:35:34,2021-12-25 12:36:31,Crescent St & 34 Ave,6759,Crescent St & 34 Ave,6759,40.76108,-73.930562,40.76108,-73.930562,member
102732,693AF635FAFD3FE6,classic_bike,2021-12-31 12:07:16,2021-12-31 12:26:03,Crescent St & 34 Ave,6759,Crescent St & 34 Ave,6759,40.76108,-73.930562,40.76108,-73.930562,member
102734,35655FA7819BF009,classic_bike,2021-12-11 15:43:04,2021-12-11 15:43:28,Crescent St & 34 Ave,6759,Crescent St & 34 Ave,6759,40.76108,-73.930562,40.76108,-73.930562,member
102749,609EA4610F9AF957,electric_bike,2021-12-22 14:27:22,2021-12-22 14:28:02,Crescent St & 34 Ave,6759,Crescent St & 34 Ave,6759,40.76108,-73.930562,40.76108,-73.930562,member
102752,C265B14562E81140,electric_bike,2021-12-30 16:15:57,2021-12-30 16:22:52,21 St & Hoyt Ave S,7126,Crescent St & 34 Ave,6759,40.774645,-73.923706,40.76108,-73.930562,member
102753,7089755509A1F232,classic_bike,2021-12-30 15:36:31,2021-12-30 15:44:43,Crescent St & 34 Ave,6759,21 St & Hoyt Ave S,7126,40.76108,-73.930562,40.774645,-73.923706,member
102756,6C84BC6D65C792B5,classic_bike,2021-12-02 11:55:20,2021-12-02 12:10:13,Crescent St & 34 Ave,6759,21 St & Hoyt Ave S,7126,40.76108,-73.930562,40.774645,-73.923706,casual
102782,E9D424286359A34C,electric_bike,2021-12-09 14:01:24,2021-12-09 21:27:40,Crescent St & 34 Ave,6759,Crescent St & 34 Ave,6759,40.76108,-73.930562,40.76108,-73.930562,member
102796,A355B7562D6638A7,electric_bike,2021-12-20 17:08:49,2021-12-20 17:13:45,Steinway St & Broadway,6711,Crescent St & 34 Ave,6759,40.75905795418586,-73.91897544264793,40.76108,-73.930562,member
102800,AE7E98840C81CCF5,electric_bike,2021-12-03 15:12:58,2021-12-03 15:18:11,Steinway St & Broadway,6711,Crescent St & 34 Ave,6759,40.75905795418586,-73.91897544264793,40.76108,-73.930562,member
102801,2D8C7E4AA1A18894,electric_bike,2021-12-08 15:19:08,2021-12-08 15:25:00,Steinway St & Broadway,6711,Crescent St & 34 Ave,6759,40.75905795418586,-73.91897544264793,40.76108,-73.930562,member
102813,CA215D6CBFA0D6DA,classic_bike,2021-12-10 15:11:50,2021-12-10 15:21:37,Steinway St & Broadway,6711,Crescent St & 34 Ave,6759,40.75905795418586,-73.91897544264793,40.76108,-73.930562,member
102832,8D5C0F40DB7B4890,electric_bike,2021-12-27 19:10:51,2021-12-27 19:38:36,Crescent St & 34 Ave,6759,Crescent St & 34 Ave,6759,40.76108,-73.930562,40.76108,-73.930562,casual
102834,9651C5E05918C048,classic_bike,2021-12-28 15:25:40,2021-12-28 15:53:25,Crescent St & 34 Ave,6759,Crescent St & 34 Ave,6759,40.76108,-73.930562,40.76108,-73.930562,member
102841,24818EAF7A2B901E,classic_bike,2021-12-26 18:53:27,2021-12-26 19:04:59,21 St & Hoyt Ave S,7126,Crescent St & 34 Ave,6759,40.774645,-73.923706,40.76108,-73.930562,casual
102847,DF423BCFC5144DA8,classic_bike,2021-12-25 13:59:31,2021-12-25 13:59:37,Crescent St & 34 Ave,6759,Crescent St & 34 Ave,6759,40.76108,-73.930562,40.76108,-73.930562,member
102866,F78A6BC755C9F9F6,classic_bike,2021-12-16 15:35:50,2021-12-16 15:46:45,48 St & 37 Ave,6435,Crescent St & 34 Ave,6759,40.751555,-73.915026,40.76108,-73.930562,casual
102869,B47EAE2070D82B50,classic_bike,2021-12-14 20:53:47,2021-12-14 21:30:06,W 33 St & 7 Ave,6407,Crescent St & 34 Ave,6759,40.75019995,-73.99093085,40.76108,-73.930562,member
102881,717A514C05909286,classic_bike,2021-12-11 18:28:05,2021-12-11 18:39:06,43 St & 37 Ave,6401,Crescent St & 34 Ave,6759,40.750181,-73.919998,40.76108,-73.930562,member
102884,BFDA78F9A695E6A1,classic_bike,2021-12-23 12:07:35,2021-12-23 12:17:58,24 Ave & 29 St,7119,Crescent St & 34 Ave,6759,40.7729,-73.916142,40.76108,-73.930562,casual
102885,99D65A3F87DC8462,electric_bike,2021-12-16 15:17:20,2021-12-16 15:22:29,36 Ave & 10 St,6737,Crescent St & 34 Ave,6759,40.7614376,-73.9411265,40.76108,-73.930562,casual
102892,BD8C7FE44EBB392B,classic_bike,2021-12-29 21:08:05,2021-12-29 21:17:56,43 St & 37 Ave,6401,Crescent St & 34 Ave,6759,40.750181,-73.919998,40.76108,-73.930562,member
102896,2670BFE87A3432CC,classic_bike,2021-12-05 11:37:57,2021-12-05 11:42:09,40 Ave & Crescent St,6462,Crescent St & 34 Ave,6759,40.7535992020056,-73.93795609474182,40.76108,-73.930562,member
102904,665AFA54084F7FCF,classic_bike,2021-12-26 18:53:58,2021-12-26 19:05:02,21 St & Hoyt Ave S,7126,Crescent St & 34 Ave,6759,40.774645,-73.923706,40.76108,-73.930562,casual
102913,F92C6546F2627651,electric_bike,2021-12-05 12:40:18,2021-12-05 13:25:29,Crescent St & 34 Ave,6759,Crescent St & 34 Ave,6759,40.76108,-73.930562,40.76108,-73.930562,casual
102915,2E953B6F9DA54D07,classic_bike,2021-12-14 20:12:41,2021-12-14 20:17:14,40 Ave & Crescent St,6462,Crescent St & 34 Ave,6759,40.7535992020056,-73.93795609474182,40.76108,-73.930562,member
102916,1381C946D8CE2F46,electric_bike,2021-12-13 14:37:57,2021-12-13 14:46:43,34 Ave & 13 St,6836,Crescent St & 34 Ave,6759,40.7638753,-73.9364848,40.76108,-73.930562,member
102922,0F24CBF336E38515,classic_bike,2021-12-31 09:46:38,2021-12-31 10:51:29,34 Ave & 13 St,6836,Crescent St & 34 Ave,6759,40.7638753,-73.9364848,40.76108,-73.930562,member
102923,23BE56BE54022ED5,classic_bike,2021-12-29 18:57:48,2021-12-29 19:11:34,34 Ave & 13 St,6836,Crescent St & 34 Ave,6759,40.7638753,-73.9364848,40.76108,-73.930562,casual
102950,8CE0CB45B7E5CDAF,classic_bike,2021-12-16 09:38:03,2021-12-16 09:41:55,40 Ave & Crescent St,6462,Crescent St & 34 Ave,6759,40.7535992020056,-73.93795609474182,40.76108,-73.930562,casual
102951,8CB8E8FA8418DAAE,classic_bike,2021-12-08 17:07:18,2021-12-08 17:11:58,40 Ave & Crescent St,6462,Crescent St & 34 Ave,6759,40.7535992020056,-73.93795609474182,40.76108,-73.930562,member
102953,6A7A06E1990E16A5,electric_bike,2021-12-06 22:19:02,2021-12-06 22:39:33,Amsterdam Ave & W 66 St,7149,Crescent St & 34 Ave,6759,40.7746671,-73.98470567,40.76108,-73.930562,member
102954,70E3339718B84957,classic_bike,2021-12-02 14:54:24,2021-12-02 15:11:03,E 65 St & 2 Ave,6860,Crescent St & 34 Ave,6759,40.76471851944339,-73.96222069859505,40.76108,-73.930562,member
102957,AFFC4FD070D8CFE0,classic_bike,2021-12-30 00:36:19,2021-12-30 00:54:17,Vernon Blvd & 47 Rd,6212,Crescent St & 34 Ave,6759,40.7449067,-73.9534573,40.76108,-73.930562,member
102958,E821A9BE785AC056,classic_bike,2021-12-09 00:42:38,2021-12-09 00:58:07,Vernon Blvd & 47 Rd,6212,Crescent St & 34 Ave,6759,40.7449067,-73.9534573,40.76108,-73.930562,member
102964,950C24D94833CD77,electric_bike,2021-12-06 14:59:09,2021-12-06 15:03:06,34 St & 35 Ave,6605,Crescent St & 34 Ave,6759,40.7569332,-73.9262231,40.76108,-73.930562,casual
102987,9C5D2B45FB7B7C64,classic_bike,2021-12-21 15:51:12,2021-12-21 16:01:06,27 St & Hunter St,6310,Crescent St & 34 Ave,6759,40.7485,-73.941275,40.76108,-73.930562,casual
103001,6C0D718E9194580A,electric_bike,2021-12-19 21:38:22,2021-12-19 21:55:09,McGuinness Blvd & Eagle St,5977,Crescent St & 34 Ave,6759,40.73555,-73.95284,40.76108,-73.930562,member
103010,9A81CD1189712D40,classic_bike,2021-12-22 18:15:56,2021-12-22 18:19:49,31 Ave & 30 St,6857,Crescent St & 34 Ave,6759,40.7647,-73.9240312,40.76108,-73.930562,member
103012,CA8BB5B6A9CD922A,classic_bike,2021-12-15 09:49:57,2021-12-15 09:55:33,31 St & Newtown Ave,6923,Crescent St & 34 Ave,6759,40.7675487799971,-73.9209334552288,40.76108,-73.930562,member
103016,7BEF9622BF0B1931,classic_bike,2021-12-17 15:09:06,2021-12-17 15:27:40,31 St & Newtown Ave,6923,Crescent St & 34 Ave,6759,40.7675487799971,-73.9209334552288,40.76108,-73.930562,member
103025,EDD0A74FFC75A75A,classic_bike,2021-12-04 07:46:44,2021-12-04 08:27:11,Broadway & E 21 St,6098,Crescent St & 34 Ave,6759,40.73988840858996,-73.98958593606949,40.76108,-73.930562,member
103026,39B34ADC9ED33D17,classic_bike,2021-12-11 07:52:22,2021-12-11 08:32:53,Broadway & E 21 St,6098,Crescent St & 34 Ave,6759,40.73988840858996,-73.98958593606949,40.76108,-73.930562,member
103027,644306685AA5574C,classic_bike,2021-12-26 16:29:52,2021-12-26 16:52:17,Central Park S & 6 Ave,6876,Crescent St & 34 Ave,6759,40.76590936,-73.97634151,40.76108,-73.930562,member
103032,BDDCEC3A55399776,classic_bike,2021-12-10 01:31:44,2021-12-10 01:34:59,31 Ave & 30 St,6857,Crescent St & 34 Ave,6759,40.7647,-73.9240312,40.76108,-73.930562,member
103034,CF0A76AF32BB822D,classic_bike,2021-12-28 13:39:09,2021-12-28 13:42:57,31 Ave & 30 St,6857,Crescent St & 34 Ave,6759,40.7647,-73.9240312,40.76108,-73.930562,member
103037,FF387BC62723B536,classic_bike,2021-12-28 17:16:30,2021-12-28 17:24:30,31 St & Newtown Ave,6923,Crescent St & 34 Ave,6759,40.7675487799971,-73.9209334552288,40.76108,-73.930562,member
103041,6BA6CBF78602F535,classic_bike,2021-12-07 12:23:20,2021-12-07 12:29:29,31 St & Newtown Ave,6923,Crescent St & 34 Ave,6759,40.7675487799971,-73.9209334552288,40.76108,-73.930562,member
103042,D739C67060A0E3A0,classic_bike,2021-12-01 17:37:15,2021-12-01 17:44:26,31 St & Newtown Ave,6923,Crescent St & 34 Ave,6759,40.7675487799971,-73.9209334552288,40.76108,-73.930562,member
103045,3C8E64D9903B4F88,classic_bike,2021-12-11 13:32:13,2021-12-11 13:37:12,31 St & Newtown Ave,6923,Crescent St & 34 Ave,6759,40.7675487799971,-73.9209334552288,40.76108,-73.930562,member
103046,F66DA72396AAC741,classic_bike,2021-12-12 16:18:58,2021-12-12 16:27:15,21 St & Queens Plaza North,6471,Crescent St & 34 Ave,6759,40.75325964,-73.94335788,40.76108,-73.930562,member
103048,BBFEFBC34D73144A,electric_bike,2021-12-15 21:37:32,2021-12-15 21:46:29,21 St & Queens Plaza North,6471,Crescent St & 34 Ave,6759,40.75325964,-73.94335788,40.76108,-73.930562,member
103085,98A8749129F6539A,classic_bike,2021-12-06 18:25:10,2021-12-06 18:40:42,Vernon Blvd & 50 Ave,6170,Crescent St & 34 Ave,6759,40.74232744,-73.95411749,40.76108,-73.930562,member
103088,B61F82F9AC716C41,electric_bike,2021-12-20 18:53:28,2021-12-20 19:11:26,E 74 St & 1 Ave,6953,Crescent St & 34 Ave,6759,40.7689738,-73.95482273,40.76108,-73.930562,member
103091,1BB130266D4C5FDB,electric_bike,2021-12-14 12:58:33,2021-12-14 13:07:44,23 Ave & 27 St,7178,Crescent St & 34 Ave,6759,40.776165,-73.9153175,40.76108,-73.930562,member
103115,56353EA9230D45D8,classic_bike,2021-12-17 12:15:32,2021-12-17 12:20:19,35 St & Broadway,6750,Crescent St & 34 Ave,6759,40.760339,-73.9222427,40.76108,-73.930562,member
103116,0F5043A0C0E612DF,electric_bike,2021-12-03 18:24:39,2021-12-03 18:29:43,35 Ave & 37 St,6563,Crescent St & 34 Ave,6759,40.7557327,-73.9236611,40.76108,-73.930562,member
103121,1223ADED7982E1B0,electric_bike,2021-12-29 13:21:33,2021-12-29 14:02:22,Metropolitan Ave & Bedford Ave,5308,Crescent St & 34 Ave,6759,40.71534825,-73.96024116,40.76108,-73.930562,casual
103133,3AF88AA019D6817F,classic_bike,2021-12-22 17:30:41,2021-12-22 17:45:16,McGuinness Blvd & Eagle St,5977,Crescent St & 34 Ave,6759,40.73555,-73.95284,40.76108,-73.930562,member
104360,09954C323C850D81,electric_bike,2021-12-29 16:36:11,2021-12-29 17:02:37,Amsterdam Ave & W 73 St,7260,Crescent St & 34 Ave,6759,40.77966809007312,-73.98093044757842,40.76108,-73.930562,member
109975,167F6AE049B557D3,classic_bike,2021-12-17 14:11:29,2021-12-17 14:18:21,Crescent St & 34 Ave,6759,34 Ave & 38 St,6638,40.76108,-73.930562,40.756913,-73.921631,casual
109976,8DD8AB5E45AD1213,classic_bike,2021-12-23 08:08:10,2021-12-23 08:12:34,Crescent St & 34 Ave,6759,34 Ave & 38 St,6638,40.76108,-73.930562,40.756913,-73.921631,member
109980,77960CBAA322C278,classic_bike,2021-12-17 08:03:18,2021-12-17 08:08:39,Crescent St & 34 Ave,6759,34 Ave & 38 St,6638,40.76108,-73.930562,40.756913,-73.921631,member
109981,9C25178EA747BF52,classic_bike,2021-12-10 08:11:40,2021-12-10 08:16:27,Crescent St & 34 Ave,6759,34 Ave & 38 St,6638,40.76108,-73.930562,40.756913,-73.921631,member
109982,9CC5D22BB3D1418E,classic_bike,2021-12-04 09:49:54,2021-12-04 09:54:03,Crescent St & 34 Ave,6759,34 Ave & 38 St,6638,40.76108,-73.930562,40.756913,-73.921631,member
109984,8671B100B0A8DEAD,classic_bike,2021-12-09 08:03:08,2021-12-09 08:08:02,Crescent St & 34 Ave,6759,34 Ave & 38 St,6638,40.76108,-73.930562,40.756913,-73.921631,member
109985,D7CE53295D6BAA69,electric_bike,2021-12-28 08:19:17,2021-12-28 08:22:32,Crescent St & 34 Ave,6759,34 Ave & 38 St,6638,40.76108,-73.930562,40.756913,-73.921631,member
109986,C938304ABD02C249,classic_bike,2021-12-27 08:29:59,2021-12-27 08:42:45,Crescent St & 34 Ave,6759,Broadway & 49 St,6587,40.76108,-73.930562,40.755389,-73.911517,member
109987,69EBC353C658B522,classic_bike,2021-12-27 08:09:36,2021-12-27 08:13:49,Crescent St & 34 Ave,6759,34 Ave & 38 St,6638,40.76108,-73.930562,40.756913,-73.921631,member
109988,0287300DFD304C05,electric_bike,2021-12-18 11:18:16,2021-12-18 11:22:36,Crescent St & 34 Ave,6759,34 Ave & 38 St,6638,40.76108,-73.930562,40.756913,-73.921631,member
109989,AA8D0FBE51953904,electric_bike,2021-12-20 08:03:54,2021-12-20 08:08:38,Crescent St & 34 Ave,6759,34 Ave & 38 St,6638,40.76108,-73.930562,40.756913,-73.921631,member
109990,25AB0B702105C1C6,classic_bike,2021-12-07 08:18:04,2021-12-07 08:22:46,Crescent St & 34 Ave,6759,34 Ave & 38 St,6638,40.76108,-73.930562,40.756913,-73.921631,member
111210,4D7F616566E57D68,classic_bike,2021-12-19 14:28:16,2021-12-19 14:58:12,Crescent St & 34 Ave,6759,Ditmars Blvd & 79 St,6994,40.76108,-73.930562,40.768728,-73.890745,member
114117,866CB9C5FEFB1DC1,classic_bike,2021-12-01 13:31:59,2021-12-01 13:39:43,Crescent St & 34 Ave,6759,40 Ave & Crescent St,6462,40.76108,-73.930562,40.7535992020056,-73.93795609474182,member
114119,663E591315CD84A9,classic_bike,2021-12-29 10:00:39,2021-12-29 10:06:26,Crescent St & 34 Ave,6759,40 Ave & Crescent St,6462,40.76108,-73.930562,40.7535992020056,-73.93795609474182,member
116246,409164DEA4AA63E4,classic_bike,2021-12-23 13:09:53,2021-12-23 13:13:16,Crescent St & 34 Ave,6759,31 Ave & Crescent St,6893,40.76108,-73.930562,40.7658346,-73.9265474,member
118092,E25FD5F8CC2530D7,classic_bike,2021-12-04 05:11:34,2021-12-04 05:16:56,Crescent St & 34 Ave,6759,Queens Plaza North & Crescent St,6429,40.76108,-73.930562,40.75110165,-73.94073717,member
118093,4C5ED16ACB42E638,classic_bike,2021-12-15 10:17:35,2021-12-15 10:34:08,Crescent St & 34 Ave,6759,Queens Plaza North & Crescent St,6429,40.76108,-73.930562,40.75110165,-73.94073717,member
118094,D902B572BCB12691,classic_bike,2021-12-13 12:10:58,2021-12-13 12:17:25,Crescent St & 34 Ave,6759,Queens Plaza North & Crescent St,6429,40.76108,-73.930562,40.75110165,-73.94073717,member
118097,FCDFE12E2E35A996,classic_bike,2021-12-23 08:07:09,2021-12-23 08:13:04,Crescent St & 34 Ave,6759,Queens Plaza North & Crescent St,6429,40.76108,-73.930562,40.75110165,-73.94073717,member
118099,C637D95B11E21C29,electric_bike,2021-12-10 15:32:20,2021-12-10 15:36:34,Crescent St & 34 Ave,6759,Queens Plaza North & Crescent St,6429,40.76108,-73.930562,40.75110165,-73.94073717,member
133764,DE4E0F412A0C059F,classic_bike,2021-12-17 11:50:38,2021-12-17 12:08:06,Crescent St & 34 Ave,6759,48 Ave & 5 St,6212,40.76108,-73.930562,40.74436328706688,-73.9558732509613,casual
137275,DFD4F39820BE4B3C,classic_bike,2021-12-15 17:42:30,2021-12-15 18:14:31,Crescent St & 34 Ave,6759,40 Ave & 9 St,6664,40.76108,-73.930562,40.75742,-73.945133,member
137276,707F7D2A6CEDFF9C,electric_bike,2021-12-25 16:19:13,2021-12-25 16:31:14,Crescent St & 34 Ave,6759,40 Ave & 9 St,6664,40.76108,-73.930562,40.75742,-73.945133,member
137278,0546C90D02710B66,electric_bike,2021-12-24 21:28:01,2021-12-24 21:38:03,Crescent St & 34 Ave,6759,40 Ave & 9 St,6664,40.76108,-73.930562,40.75742,-73.945133,member
143827,2699FE0DF71499EC,electric_bike,2021-12-20 15:19:48,2021-12-20 15:28:03,Crescent St & 34 Ave,6759,34 Ave & 45 St,6596,40.76108,-73.930562,40.754795,-73.917014,casual
147488,31BAD2F1E4946E22,electric_bike,2021-12-21 10:37:17,2021-12-21 10:54:06,Crescent St & 34 Ave,6759,1 Ave & E 68 St,6822,40.76108,-73.930562,40.76500525,-73.95818491,member
147532,2D5D1F2C1115258C,electric_bike,2021-12-26 00:15:49,2021-12-26 00:24:21,Crescent St & 34 Ave,6759,Newton Rd & 44 St,6743,40.76108,-73.930562,40.7595701,-73.9142678,member
147536,036C3396454BB999,electric_bike,2021-12-08 07:11:52,2021-12-08 07:25:23,Crescent St & 34 Ave,6759,1 Ave & E 68 St,6822,40.76108,-73.930562,40.76500525,-73.95818491,member
147538,E0885D80D5DE9442,electric_bike,2021-12-08 18:49:09,2021-12-08 19:02:34,Crescent St & 34 Ave,6759,1 Ave & E 68 St,6822,40.76108,-73.930562,40.76500525,-73.95818491,member
147540,5AAF260C08C03AA0,classic_bike,2021-12-23 16:58:24,2021-12-23 17:10:59,Crescent St & 34 Ave,6759,Newton Rd & 44 St,6743,40.76108,-73.930562,40.7595701,-73.9142678,member
147541,BC0A7422E09862FA,classic_bike,2021-12-22 15:54:31,2021-12-22 16:26:14,Crescent St & 34 Ave,6759,E 58 St & 1 Ave (NE Corner),6682,40.76108,-73.930562,40.75892386377695,-73.96226227283478,member
147549,AA1D282C37B8E30A,classic_bike,2021-12-09 09:31:54,2021-12-09 09:51:19,Crescent St & 34 Ave,6759,1 Ave & E 68 St,6822,40.76108,-73.930562,40.76500525,-73.95818491,casual
147550,A78BF8A405277888,electric_bike,2021-12-03 05:21:24,2021-12-03 05:33:04,Crescent St & 34 Ave,6759,E 58 St & 1 Ave (NE Corner),6682,40.76108,-73.930562,40.75892386377695,-73.96226227283478,casual
150251,BCE501918CBE3E6D,classic_bike,2021-12-15 17:17:18,2021-12-15 17:21:47,Crescent St & 34 Ave,6759,34th Ave & Vernon Blvd,6873,40.76108,-73.930562,40.76535380385866,-73.93986314535141,member
150373,5900B558324B8C61,electric_bike,2021-12-31 16:08:30,2021-12-31 16:13:47,Crescent St & 34 Ave,6759,34th Ave & Vernon Blvd,6873,40.76108,-73.930562,40.76535380385866,-73.93986314535141,member
150547,3690FBB92539DCDA,classic_bike,2021-12-08 10:53:09,2021-12-08 11:00:05,Crescent St & 34 Ave,6759,34th Ave & Vernon Blvd,6873,40.76108,-73.930562,40.76535380385866,-73.93986314535141,casual
151851,572A550361D16286,classic_bike,2021-12-07 13:20:04,2021-12-07 13:26:40,Crescent St & 34 Ave,6759,24 St & 41 Ave,6505,40.76108,-73.930562,40.752474,-73.939991,casual
151853,779476FE16D5329A,classic_bike,2021-12-21 10:47:25,2021-12-21 10:52:53,Crescent St & 34 Ave,6759,24 St & 41 Ave,6505,40.76108,-73.930562,40.752474,-73.939991,member
151857,B04E61389B3771FC,classic_bike,2021-12-31 12:50:53,2021-12-31 12:57:54,Crescent St & 34 Ave,6759,24 St & 41 Ave,6505,40.76108,-73.930562,40.752474,-73.939991,member
151858,B87157771DD7A4AF,classic_bike,2021-12-30 19:13:37,2021-12-30 19:20:08,Crescent St & 34 Ave,6759,24 St & 41 Ave,6505,40.76108,-73.930562,40.752474,-73.939991,member
152390,83434C3BB0B4C59E,classic_bike,2021-12-26 15:31:16,2021-12-26 16:23:10,Crescent St & 34 Ave,6759,Astoria Park S & Shore Blvd,7159,40.76108,-73.930562,40.7767,-73.927631,casual
154320,1B965C61D41F51EB,classic_bike,2021-12-23 12:18:14,2021-12-23 12:23:22,Crescent St & 34 Ave,6759,24 St & 41 Ave,6505,40.76108,-73.930562,40.752474,-73.939991,member
155314,C27A0493F8D9E63E,electric_bike,2021-12-14 18:28:54,2021-12-14 18:49:23,Crescent St & 34 Ave,6759,Scholes St & Manhattan Ave,5108,40.76108,-73.930562,40.70870368,-73.9448625,member
157067,3A2730DC078FE350,classic_bike,2021-12-08 14:20:38,2021-12-08 14:24:22,Crescent St & 34 Ave,6759,34 St & 35 Ave,6605,40.76108,-73.930562,40.7569332,-73.9262231,member
157375,2A8A5E675466541F,classic_bike,2021-12-09 06:18:56,2021-12-09 06:27:35,Crescent St & 34 Ave,6759,11 St & 43 Ave,6438,40.76108,-73.930562,40.7519071,-73.9479119,member
160764,4EECBB2590DD4B0B,electric_bike,2021-12-02 09:21:22,2021-12-02 09:40:48,Crescent St & 34 Ave,6759,E 47 St & 2 Ave,6498,40.76108,-73.930562,40.75323098,-73.97032517,member
160767,94C9B7531AF04CF5,electric_bike,2021-12-29 08:07:41,2021-12-29 08:24:17,Crescent St & 34 Ave,6759,E 47 St & 2 Ave,6498,40.76108,-73.930562,40.75323098,-73.97032517,member
161621,F03BD1B0856FAD07,electric_bike,2021-12-05 15:23:46,2021-12-05 15:39:30,Crescent St & 34 Ave,6759,E 56 St & 3 Ave,6691,40.76108,-73.930562,40.75934501,-73.96759673,casual
163471,3F7888A706659D5E,electric_bike,2021-12-17 01:40:35,2021-12-17 02:09:45,Crescent St & 34 Ave,6759,Knickerbocker Ave & George St,4979,40.76108,-73.930562,40.704425,-73.92836,casual
171762,AF02D03E64ECDBDA,classic_bike,2021-12-23 10:42:35,2021-12-23 10:48:04,Crescent St & 34 Ave,6759,34 Ave & 38 St,6638,40.76108,-73.930562,40.756913,-73.921631,member
171763,DF8350F0AA6CC70D,classic_bike,2021-12-15 07:11:30,2021-12-15 07:17:47,Crescent St & 34 Ave,6759,34 Ave & 38 St,6638,40.76108,-73.930562,40.756913,-73.921631,member
172481,0A20345E16E29C81,classic_bike,2021-12-02 07:56:11,2021-12-02 08:00:51,Crescent St & 34 Ave,6759,34 Ave & 38 St,6638,40.76108,-73.930562,40.756913,-73.921631,member
172483,5A50928AEDC86C9B,classic_bike,2021-12-21 13:13:13,2021-12-21 13:42:47,Crescent St & 34 Ave,6759,34 Ave & 38 St,6638,40.76108,-73.930562,40.756913,-73.921631,member
173964,13715DB3FC9AADA2,classic_bike,2021-12-23 14:26:15,2021-12-23 14:38:51,Crescent St & 34 Ave,6759,45 Rd & 11 St,6319,40.76108,-73.930562,40.74708586,-73.94977234,member
176116,CA66CE005A6E6957,classic_bike,2021-12-22 10:29:27,2021-12-22 10:38:09,Crescent St & 34 Ave,6759,48 St & 37 Ave,6435,40.76108,-73.930562,40.751555,-73.915026,casual
176145,8B310B50B59BF908,classic_bike,2021-12-17 12:33:09,2021-12-17 12:44:34,Crescent St & 34 Ave,6759,48 St & 37 Ave,6435,40.76108,-73.930562,40.751555,-73.915026,member
178724,3BEC84A3E1CE0FA5,classic_bike,2021-12-08 17:30:18,2021-12-08 17:41:22,Crescent St & 34 Ave,6759,31 Ave & Crescent St,6893,40.76108,-73.930562,40.7658346,-73.9265474,member
178738,5B3075E568BBB753,electric_bike,2021-12-20 19:12:30,2021-12-20 19:16:47,Crescent St & 34 Ave,6759,31 Ave & Crescent St,6893,40.76108,-73.930562,40.7658346,-73.9265474,member
178750,02BF57C02915B6F4,classic_bike,2021-12-22 19:02:48,2021-12-22 19:06:32,Crescent St & 34 Ave,6759,31 Ave & Crescent St,6893,40.76108,-73.930562,40.7658346,-73.9265474,member
181057,5DA62E4F930ECA2C,classic_bike,2021-12-24 17:26:27,2021-12-24 17:31:38,Crescent St & 34 Ave,6759,31 Ave & Crescent St,6893,40.76108,-73.930562,40.7658346,-73.9265474,member
181819,71D2EFFC69F399EF,classic_bike,2021-12-08 14:31:54,2021-12-08 14:49:12,Crescent St & 34 Ave,6759,E 55 St & 2 Ave,6650,40.76108,-73.930562,40.75797322,-73.96603308,member
186525,557CC64A441D0F85,classic_bike,2021-12-13 15:59:31,2021-12-13 16:12:46,Crescent St & 34 Ave,6759,Steinway St & 28 Ave,6915,40.76108,-73.930562,40.7656251,-73.9136695,member
186530,B27034632E65812A,electric_bike,2021-12-16 09:42:11,2021-12-16 09:48:25,Crescent St & 34 Ave,6759,Steinway St & 28 Ave,6915,40.76108,-73.930562,40.7656251,-73.9136695,member
186796,A9CA553B7014EE63,classic_bike,2021-12-21 00:48:11,2021-12-21 01:11:14,Crescent St & 34 Ave,6759,Steinway St & 28 Ave,6915,40.76108,-73.930562,40.7656251,-73.9136695,casual
187709,795F0F1BBFB18BCD,classic_bike,2021-12-27 16:38:02,2021-12-27 16:48:28,Crescent St & 34 Ave,6759,21 St & 36 Ave,6729,40.76108,-73.930562,40.7601853,-73.9362726,member
188016,511411F47753B8FF,electric_bike,2021-12-01 15:08:11,2021-12-01 15:33:10,Crescent St & 34 Ave,6759,E 44 St & 2 Ave,6422,40.76108,-73.930562,40.75118387463277,-73.97138714790344,member
189206,BECB15AA158E4AAB,electric_bike,2021-12-10 05:16:55,2021-12-10 05:31:59,Crescent St & 34 Ave,6759,E 58 St & 1 Ave (NW Corner),6723,40.76108,-73.930562,40.759125,-73.962658,casual
190970,0D87ABC529484B94,classic_bike,2021-12-28 16:29:22,2021-12-28 16:35:21,Crescent St & 34 Ave,6759,Steinway St & Broadway,6711,40.76108,-73.930562,40.75905795418586,-73.91897544264793,member
191770,A426FC61C20FE827,classic_bike,2021-12-14 10:21:31,2021-12-14 10:52:24,Crescent St & 34 Ave,6759,1 Ave & E 94 St,7286,40.76108,-73.930562,40.7817212,-73.94594,casual
191771,179A0DE638A7AA0C,classic_bike,2021-12-10 20:29:12,2021-12-10 20:38:18,Crescent St & 34 Ave,6759,Steinway St & Broadway,6711,40.76108,-73.930562,40.75905795418586,-73.91897544264793,member
191774,9F9567C98406DD9C,electric_bike,2021-12-20 07:16:16,2021-12-20 07:22:49,Crescent St & 34 Ave,6759,Steinway St & Broadway,6711,40.76108,-73.930562,40.75905795418586,-73.91897544264793,casual
194083,E4E916D8F8BFB569,electric_bike,2021-12-07 19:55:39,2021-12-07 20:22:48,Crescent St & 34 Ave,6759,Forest Ave & Summerfield St,4798,40.76108,-73.930562,40.69922,-73.89795,casual
194849,6879562F9214257F,electric_bike,2021-12-06 21:59:08,2021-12-06 22:24:31,Crescent St & 34 Ave,6759,Forest Ave & Summerfield St,4798,40.76108,-73.930562,40.69922,-73.89795,casual
205032,B3ABBD4AB89B4E09,electric_bike,2021-12-07 00:28:28,2021-12-07 00:35:59,Crescent St & 34 Ave,6759,8 St & Astoria Blvd,7068,40.76108,-73.930562,40.7725996921817,-73.93266275525093,member
208161,D2D1C5144DEC8274,classic_bike,2021-12-27 15:13:05,2021-12-27 15:16:37,Crescent St & 34 Ave,6759,31 St & Broadway,6789,40.76108,-73.930562,40.761584,-73.925921,member
208162,F2AF4A8230D43EF6,classic_bike,2021-12-01 08:41:59,2021-12-01 08:44:33,Crescent St & 34 Ave,6759,31 St & Broadway,6789,40.76108,-73.930562,40.761584,-73.925921,member
208163,177A96CD80BF2DC3,classic_bike,2021-12-17 15:28:29,2021-12-17 15:38:16,Crescent St & 34 Ave,6759,Queens Plaza North & Crescent St,6429,40.76108,-73.930562,40.75110165,-73.94073717,member
208164,5DA034059826D7AA,electric_bike,2021-12-17 16:13:06,2021-12-17 16:17:23,Crescent St & 34 Ave,6759,Queens Plaza North & Crescent St,6429,40.76108,-73.930562,40.75110165,-73.94073717,member
208165,86EDD4964CE54ECA,classic_bike,2021-12-30 18:01:42,2021-12-30 18:05:11,Crescent St & 34 Ave,6759,31 St & Broadway,6789,40.76108,-73.930562,40.761584,-73.925921,member
208166,F5D7114A52797B89,classic_bike,2021-12-03 17:17:30,2021-12-03 17:23:08,Crescent St & 34 Ave,6759,Queens Plaza North & Crescent St,6429,40.76108,-73.930562,40.75110165,-73.94073717,member
208167,4C27C02C961B7C24,classic_bike,2021-12-09 11:32:34,2021-12-09 11:41:30,Crescent St & 34 Ave,6759,Queens Plaza North & Crescent St,6429,40.76108,-73.930562,40.75110165,-73.94073717,member
208171,8D9E96290234B78F,classic_bike,2021-12-10 05:10:10,2021-12-10 05:15:32,Crescent St & 34 Ave,6759,Queens Plaza North & Crescent St,6429,40.76108,-73.930562,40.75110165,-73.94073717,member
208251,C85B12E6B40B8A41,classic_bike,2021-12-01 19:24:12,2021-12-01 19:30:01,Crescent St & 34 Ave,6759,Queens Plaza North & Crescent St,6429,40.76108,-73.930562,40.75110165,-73.94073717,member
208252,C09111F246E98FA7,electric_bike,2021-12-23 07:23:05,2021-12-23 07:25:40,Crescent St & 34 Ave,6759,31 St & Broadway,6789,40.76108,-73.930562,40.761584,-73.925921,member
208253,0971CFA98E6D578F,classic_bike,2021-12-10 07:16:38,2021-12-10 07:19:53,Crescent St & 34 Ave,6759,31 St & Broadway,6789,40.76108,-73.930562,40.761584,-73.925921,member
208256,747DA7AF4C95163C,electric_bike,2021-12-12 11:10:47,2021-12-12 11:15:11,Crescent St & 34 Ave,6759,Queens Plaza North & Crescent St,6429,40.76108,-73.930562,40.75110165,-73.94073717,member
208258,075E7D2E5AC6AD58,classic_bike,2021-12-26 15:38:55,2021-12-26 15:44:39,Crescent St & 34 Ave,6759,31 St & Broadway,6789,40.76108,-73.930562,40.761584,-73.925921,member
208259,67A9400F613F928B,classic_bike,2021-12-11 01:08:57,2021-12-11 01:14:44,Crescent St & 34 Ave,6759,Queens Plaza North & Crescent St,6429,40.76108,-73.930562,40.75110165,-73.94073717,member
208261,5ACE45771E062833,electric_bike,2021-12-31 10:15:26,2021-12-31 10:41:41,Crescent St & 34 Ave,6759,9 St & 44 Rd,6361,40.76108,-73.930562,40.74966,-73.9521,member
208262,E28576147A481718,electric_bike,2021-12-27 05:22:01,2021-12-27 05:27:34,Crescent St & 34 Ave,6759,Queens Plaza North & Crescent St,6429,40.76108,-73.930562,40.75110165,-73.94073717,casual
208267,D9CE044B1A4DFF10,classic_bike,2021-12-31 21:30:49,2021-12-31 21:36:37,Crescent St & 34 Ave,6759,Queens Plaza North & Crescent St,6429,40.76108,-73.930562,40.75110165,-73.94073717,member
208268,B4FC69B4DF794B7B,classic_bike,2021-12-04 08:04:05,2021-12-04 08:10:14,Crescent St & 34 Ave,6759,Queens Plaza North & Crescent St,6429,40.76108,-73.930562,40.75110165,-73.94073717,member
208272,D2918644D9EEDB2B,classic_bike,2021-12-05 12:03:33,2021-12-05 12:09:36,Crescent St & 34 Ave,6759,Queens Plaza North & Crescent St,6429,40.76108,-73.930562,40.75110165,-73.94073717,casual
208274,8FD657996DB78D44,classic_bike,2021-12-12 12:53:41,2021-12-12 12:59:30,Crescent St & 34 Ave,6759,Queens Plaza North & Crescent St,6429,40.76108,-73.930562,40.75110165,-73.94073717,member
209546,BF92B058852C0176,classic_bike,2021-12-25 05:42:33,2021-12-25 05:48:02,Crescent St & 34 Ave,6759,Queens Plaza North & Crescent St,6429,40.76108,-73.930562,40.75110165,-73.94073717,member
209547,9898F1DB9B288271,classic_bike,2021-12-18 05:09:32,2021-12-18 05:14:39,Crescent St & 34 Ave,6759,Queens Plaza North & Crescent St,6429,40.76108,-73.930562,40.75110165,-73.94073717,member
209548,A13E285DCB1C06D3,classic_bike,2021-12-06 05:11:06,2021-12-06 05:16:17,Crescent St & 34 Ave,6759,Queens Plaza North & Crescent St,6429,40.76108,-73.930562,40.75110165,-73.94073717,member
209549,659ED362B4204977,classic_bike,2021-12-17 05:10:08,2021-12-17 05:15:40,Crescent St & 34 Ave,6759,Queens Plaza North & Crescent St,6429,40.76108,-73.930562,40.75110165,-73.94073717,member
209552,518FB1C110CF7AB4,classic_bike,2021-12-22 13:45:32,2021-12-22 13:54:48,Crescent St & 34 Ave,6759,Queens Plaza North & Crescent St,6429,40.76108,-73.930562,40.75110165,-73.94073717,member
209833,EC2609535F0E2D87,electric_bike,2021-12-13 12:48:09,2021-12-13 12:54:09,Crescent St & 34 Ave,6759,Queens Plaza North & Crescent St,6429,40.76108,-73.930562,40.75110165,-73.94073717,member
209933,B316CBD53B1E6843,classic_bike,2021-12-09 18:32:46,2021-12-09 18:36:13,Crescent St & 34 Ave,6759,31 St & Broadway,6789,40.76108,-73.930562,40.761584,-73.925921,member
209935,7B62C1C72F919710,classic_bike,2021-12-08 14:23:45,2021-12-08 14:28:50,Crescent St & 34 Ave,6759,Queens Plaza North & Crescent St,6429,40.76108,-73.930562,40.75110165,-73.94073717,member
209937,A4EB1B4BFB2ADD8E,classic_bike,2021-12-19 13:39:10,2021-12-19 13:46:22,Crescent St & 34 Ave,6759,Queens Plaza North & Crescent St,6429,40.76108,-73.930562,40.75110165,-73.94073717,member
211469,239D7071AA8CD490,classic_bike,2021-12-17 18:32:08,2021-12-17 18:34:44,Crescent St & 34 Ave,6759,31 St & Broadway,6789,40.76108,-73.930562,40.761584,-73.925921,member
211470,4DDF3EFD7D71A6A8,classic_bike,2021-12-24 20:32:41,2021-12-24 20:35:36,Crescent St & 34 Ave,6759,31 St & Broadway,6789,40.76108,-73.930562,40.761584,-73.925921,member
211471,9058B00133AE3DD0,classic_bike,2021-12-08 12:00:15,2021-12-08 12:07:10,Crescent St & 34 Ave,6759,Queens Plaza North & Crescent St,6429,40.76108,-73.930562,40.75110165,-73.94073717,member
211472,D7D2823C5D3211CD,classic_bike,2021-12-18 08:39:23,2021-12-18 08:43:14,Crescent St & 34 Ave,6759,31 St & Broadway,6789,40.76108,-73.930562,40.761584,-73.925921,member
211473,EE687481665BF40F,classic_bike,2021-12-28 17:23:11,2021-12-28 17:26:20,Crescent St & 34 Ave,6759,31 St & Broadway,6789,40.76108,-73.930562,40.761584,-73.925921,member
211474,D7674D913409D73B,classic_bike,2021-12-13 09:07:23,2021-12-13 09:10:31,Crescent St & 34 Ave,6759,31 St & Broadway,6789,40.76108,-73.930562,40.761584,-73.925921,member
211475,B58B17ACDDE4BA5F,classic_bike,2021-12-21 14:15:30,2021-12-21 14:18:24,Crescent St & 34 Ave,6759,31 St & Broadway,6789,40.76108,-73.930562,40.761584,-73.925921,member
211476,20CA21D3FFB75B60,classic_bike,2021-12-07 18:50:15,2021-12-07 18:53:12,Crescent St & 34 Ave,6759,31 St & Broadway,6789,40.76108,-73.930562,40.761584,-73.925921,member
211478,4C77B1CAE32364D7,electric_bike,2021-12-10 15:32:28,2021-12-10 15:36:32,Crescent St & 34 Ave,6759,Queens Plaza North & Crescent St,6429,40.76108,-73.930562,40.75110165,-73.94073717,member
211479,A6CDF0E9C21AD325,electric_bike,2021-12-13 06:33:33,2021-12-13 06:38:21,Crescent St & 34 Ave,6759,Queens Plaza North & Crescent St,6429,40.76108,-73.930562,40.75110165,-73.94073717,member
223516,06D53589BF78BB46,classic_bike,2021-12-06 10:03:57,2021-12-06 10:08:54,Crescent St & 34 Ave,6759,34th Ave & Vernon Blvd,6873,40.76108,-73.930562,40.76535380385866,-73.93986314535141,casual
226866,53775F1A7DC22CBF,electric_bike,2021-12-24 21:26:45,2021-12-24 21:36:47,Crescent St & 34 Ave,6759,40 Ave & 9 St,6664,40.76108,-73.930562,40.75742,-73.945133,member
227854,58ED9CFC8799B6C5,classic_bike,2021-12-15 17:42:28,2021-12-15 17:59:10,Crescent St & 34 Ave,6759,40 Ave & 9 St,6664,40.76108,-73.930562,40.75742,-73.945133,member
227855,B35FD461C65B324F,electric_bike,2021-12-25 16:20:38,2021-12-25 16:30:39,Crescent St & 34 Ave,6759,40 Ave & 9 St,6664,40.76108,-73.930562,40.75742,-73.945133,casual
233140,F7F17FF05F3FDAD6,electric_bike,2021-12-02 15:05:18,2021-12-02 15:24:19,Crescent St & 34 Ave,6759,E 76 St & Park Ave,7128,40.76108,-73.930562,40.773763,-73.96222088,member
233158,8D762FF932572D1D,classic_bike,2021-12-24 11:59:30,2021-12-24 12:16:08,Crescent St & 34 Ave,6759,Ditmars Blvd & 43 St,7039,40.76108,-73.930562,40.771203,-73.903865,member
233159,2E0B05C5FE5CCABF,electric_bike,2021-12-22 18:38:38,2021-12-22 18:51:03,Crescent St & 34 Ave,6759,Ditmars Blvd & 43 St,7039,40.76108,-73.930562,40.771203,-73.903865,member
233160,3353876B6C068E90,electric_bike,2021-12-27 10:48:49,2021-12-27 11:01:03,Crescent St & 34 Ave,6759,Ditmars Blvd & 43 St,7039,40.76108,-73.930562,40.771203,-73.903865,member
233166,DD350696F02C055A,classic_bike,2021-12-26 16:08:16,2021-12-26 16:45:06,Crescent St & 34 Ave,6759,31 Ave & 34 St,6819,40.76108,-73.930562,40.763154,-73.920827,casual
234923,73B046662F2A11C4,electric_bike,2021-12-19 04:59:57,2021-12-19 05:04:58,Crescent St & 34 Ave,6759,31 Ave & 34 St,6819,40.76108,-73.930562,40.763154,-73.920827,casual
234924,E5F1E80418096C7D,classic_bike,2021-12-07 11:12:57,2021-12-07 11:19:27,Crescent St & 34 Ave,6759,31 Ave & 34 St,6819,40.76108,-73.930562,40.763154,-73.920827,casual
248165,A0D4E9EAF7BCDF44,electric_bike,2021-12-16 07:14:20,2021-12-16 07:28:05,Crescent St & 34 Ave,6759,1 Ave & E 68 St,6822,40.76108,-73.930562,40.76500525,-73.95818491,member
248166,8D93BE12DBCC090A,electric_bike,2021-12-20 07:21:12,2021-12-20 07:35:14,Crescent St & 34 Ave,6759,1 Ave & E 68 St,6822,40.76108,-73.930562,40.76500525,-73.95818491,member
248771,05DB3E037D7FD1EF,electric_bike,2021-12-23 05:23:55,2021-12-23 05:35:31,Crescent St & 34 Ave,6759,E 58 St & 1 Ave (NE Corner),6682,40.76108,-73.930562,40.75892386377695,-73.96226227283478,casual
248773,2BF31E2378BBCD5B,electric_bike,2021-12-06 05:26:21,2021-12-06 05:39:59,Crescent St & 34 Ave,6759,E 58 St & 1 Ave (NE Corner),6682,40.76108,-73.930562,40.75892386377695,-73.96226227283478,casual
249373,ED27DCA56DE1DA4E,electric_bike,2021-12-19 15:57:26,2021-12-19 16:03:30,Crescent St & 34 Ave,6759,24 St & 41 Ave,6505,40.76108,-73.930562,40.752474,-73.939991,member
249374,FDF0D94E3BB2D51F,classic_bike,2021-12-23 22:00:36,2021-12-23 22:06:31,Crescent St & 34 Ave,6759,24 St & 41 Ave,6505,40.76108,-73.930562,40.752474,-73.939991,member
249375,16164DABD7037E9D,classic_bike,2021-12-29 15:06:02,2021-12-29 15:11:01,Crescent St & 34 Ave,6759,24 St & 41 Ave,6505,40.76108,-73.930562,40.752474,-73.939991,member
250823,A6EB7A00F15AD831,electric_bike,2021-12-28 14:56:01,2021-12-28 15:08:57,Crescent St & 34 Ave,6759,1 Ave & E 68 St,6822,40.76108,-73.930562,40.76500525,-73.95818491,member
251606,3DC50C1DB42D48E9,classic_bike,2021-12-01 14:23:37,2021-12-01 14:24:35,Crescent St & 34 Ave,6759,Crescent St & 35 Ave,6688,40.76108,-73.930562,40.7596276,-73.9321455,member
251607,9672A0394C82C341,classic_bike,2021-12-08 07:58:44,2021-12-08 08:00:00,Crescent St & 34 Ave,6759,Crescent St & 35 Ave,6688,40.76108,-73.930562,40.7596276,-73.9321455,member
252226,DA0130AF6D25E73D,electric_bike,2021-12-08 10:51:14,2021-12-08 10:52:47,Crescent St & 34 Ave,6759,Crescent St & 35 Ave,6688,40.76108,-73.930562,40.7596276,-73.9321455,member
252285,EC6011257EA00B22,electric_bike,2021-12-22 15:53:25,2021-12-22 15:56:53,Crescent St & 34 Ave,6759,Crescent St & 35 Ave,6688,40.76108,-73.930562,40.7596276,-73.9321455,member
256335,F33B21570A628EA2,electric_bike,2021-12-20 17:25:19,2021-12-20 17:46:29,Crescent St & 34 Ave,6759,E 39 St & Lexington Ave,6389,40.76108,-73.930562,40.7494985460252,-73.97729203113158,member
268612,85B39F50CCDDECB9,electric_bike,2021-12-12 11:01:20,2021-12-12 11:02:32,Crescent St & 34 Ave,6759,Crescent St & Broadway,6827,40.76108,-73.930562,40.7633589,-73.9286471,member
268613,29A68116B9A1560B,classic_bike,2021-12-26 10:59:03,2021-12-26 11:01:23,Crescent St & 34 Ave,6759,Crescent St & Broadway,6827,40.76108,-73.930562,40.7633589,-73.9286471,member
268678,67F56BBAD576A4EC,electric_bike,2021-12-14 10:06:53,2021-12-14 10:09:51,Crescent St & 34 Ave,6759,Crescent St & Broadway,6827,40.76108,-73.930562,40.7633589,-73.9286471,member
268679,A3197A82BA3D79EC,electric_bike,2021-12-12 18:27:27,2021-12-12 18:28:48,Crescent St & 34 Ave,6759,Crescent St & Broadway,6827,40.76108,-73.930562,40.7633589,-73.9286471,member
270333,CC834F3C389D9125,classic_bike,2021-12-13 17:51:41,2021-12-13 17:56:27,Crescent St & 34 Ave,6759,31 Rd & 21 St,6929,40.76108,-73.930562,40.766824,-73.930486,member
270683,245F1D6A236AE6E4,classic_bike,2021-12-16 13:45:05,2021-12-16 13:48:58,Crescent St & 34 Ave,6759,31 Rd & 21 St,6929,40.76108,-73.930562,40.766824,-73.930486,member
270684,3A789768925689A1,classic_bike,2021-12-06 12:04:59,2021-12-06 12:11:30,Crescent St & 34 Ave,6759,Vernon Blvd & 30 Rd,7003,40.76108,-73.930562,40.770845,-73.934171,member
270685,3A1AC60A542FFF39,classic_bike,2021-12-03 11:08:32,2021-12-03 11:13:31,Crescent St & 34 Ave,6759,Vernon Blvd & 30 Rd,7003,40.76108,-73.930562,40.770845,-73.934171,member
270686,9EFBEE07EC3BB271,classic_bike,2021-12-08 09:30:23,2021-12-08 09:35:29,Crescent St & 34 Ave,6759,Vernon Blvd & 30 Rd,7003,40.76108,-73.930562,40.770845,-73.934171,member
270691,765F635CA3D59D3B,classic_bike,2021-12-13 10:59:38,2021-12-13 11:07:41,Crescent St & 34 Ave,6759,Vernon Blvd & 30 Rd,7003,40.76108,-73.930562,40.770845,-73.934171,member
270692,01B8BA9AABB76088,classic_bike,2021-12-02 07:27:25,2021-12-02 07:35:07,Crescent St & 34 Ave,6759,Vernon Blvd & 30 Rd,7003,40.76108,-73.930562,40.770845,-73.934171,member
270693,44962C4F20FFFBD2,classic_bike,2021-12-01 11:08:09,2021-12-01 11:14:08,Crescent St & 34 Ave,6759,Vernon Blvd & 30 Rd,7003,40.76108,-73.930562,40.770845,-73.934171,member
272477,8C1BAEA8F205FD37,electric_bike,2021-12-22 06:13:24,2021-12-22 06:29:06,Crescent St & 34 Ave,6759,2 Ave & E 29 St,6122,40.76108,-73.930562,40.74172351097472,-73.97809267044067,member
272481,410F4492B5C4BC89,classic_bike,2021-12-19 12:37:30,2021-12-19 13:12:46,Crescent St & 34 Ave,6759,2 Ave & E 29 St,6122,40.76108,-73.930562,40.74172351097472,-73.97809267044067,member
272493,C6BD48910E6E2299,classic_bike,2021-12-22 18:08:05,2021-12-22 18:10:16,Crescent St & 34 Ave,6759,34 Ave & 21 St,6798,40.76108,-73.930562,40.7628138,-73.9342862,member
272494,F20D3D79237CF77B,classic_bike,2021-12-29 17:28:03,2021-12-29 17:30:01,Crescent St & 34 Ave,6759,34 Ave & 21 St,6798,40.76108,-73.930562,40.7628138,-73.9342862,member
274829,1BBEA6BFB7C6F6C6,electric_bike,2021-12-31 12:19:16,2021-12-31 12:26:30,Crescent St & 34 Ave,6759,38 St & 30 Ave,6850,40.76108,-73.930562,40.764174520197685,-73.91583994030952,member
275628,B278DDC9C9D012FF,electric_bike,2021-12-30 17:06:23,2021-12-30 17:32:51,Crescent St & 34 Ave,6759,E 19 St & 3 Ave,5938,40.76108,-73.930562,40.73624527,-73.98473765,member
279394,32ADDFCEDEA0C87B,electric_bike,2021-12-23 21:45:21,2021-12-23 21:56:37,Crescent St & 34 Ave,6759,Vernon Blvd & 50 Ave,6170,40.76108,-73.930562,40.74232744,-73.95411749,member
279431,3E018BBD911753C4,electric_bike,2021-12-09 21:52:28,2021-12-09 22:05:33,Crescent St & 34 Ave,6759,Vernon Blvd & 50 Ave,6170,40.76108,-73.930562,40.74232744,-73.95411749,member
316516,3178DDD89566F3C9,classic_bike,2021-12-18 15:00:05,2021-12-18 15:09:58,Crescent St & 34 Ave,6759,Jackson Ave & 46 Rd,6203,40.76108,-73.930562,40.74524768,-73.94733276,member
316948,BE1E87EAA6C2666F,classic_bike,2021-12-23 16:25:03,2021-12-23 16:37:41,Crescent St & 34 Ave,6759,Jackson Ave & 46 Rd,6203,40.76108,-73.930562,40.74524768,-73.94733276,member
316949,7717150500B1D1BB,electric_bike,2021-12-17 15:32:52,2021-12-17 15:44:45,Crescent St & 34 Ave,6759,19 St & 24 Ave,7186,40.76108,-73.930562,40.7774552,-73.9225403,member
316953,C2A2550941DBC9DA,classic_bike,2021-12-13 18:35:27,2021-12-13 18:47:51,Crescent St & 34 Ave,6759,Jackson Ave & 46 Rd,6203,40.76108,-73.930562,40.74524768,-73.94733276,casual
317285,B47E886907AAF338,classic_bike,2021-12-31 15:44:51,2021-12-31 15:58:42,Crescent St & 34 Ave,6759,Jackson Ave & 46 Rd,6203,40.76108,-73.930562,40.74524768,-73.94733276,casual
318873,5848909E1784B348,classic_bike,2021-12-28 17:25:14,2021-12-28 17:37:32,Crescent St & 34 Ave,6759,Jackson Ave & 46 Rd,6203,40.76108,-73.930562,40.74524768,-73.94733276,member
346508,B521BFB34F826688,classic_bike,2021-12-26 12:23:35,2021-12-26 12:46:33,Crescent St & 34 Ave,6759,Central Park S & 6 Ave,6876,40.76108,-73.930562,40.76590936,-73.97634151,member
346509,CA7D40C437000760,electric_bike,2021-12-23 15:28:09,2021-12-23 15:40:12,Crescent St & 34 Ave,6759,31 St & Thomson Ave,6227,40.76108,-73.930562,40.74469738,-73.93540375,member
346517,0BB9CED04ED8FE3E,electric_bike,2021-12-09 19:12:29,2021-12-09 19:40:02,Crescent St & 34 Ave,6759,McKibbin St & Bogart St,5059,40.76108,-73.930562,40.706237,-73.933871,member
347685,3E11D675891AD7E1,electric_bike,2021-12-03 16:14:56,2021-12-03 16:24:18,Crescent St & 34 Ave,6759,31 St & Thomson Ave,6227,40.76108,-73.930562,40.74469738,-73.93540375,member
361212,0774A1CF5008ECC1,electric_bike,2021-12-05 08:53:56,2021-12-05 09:04:55,Crescent St & 34 Ave,6759,1 Ave & E 62 St,6753,40.76108,-73.930562,40.7612274,-73.96094022,member
363008,58C7944EA5E407E3,electric_bike,2021-12-06 15:22:47,2021-12-06 15:33:47,Crescent St & 34 Ave,6759,49 Ave & 21 St,6128,40.76108,-73.930562,40.74252,-73.948852,member
363010,25567021AE462E02,electric_bike,2021-12-29 18:47:51,2021-12-29 19:00:15,Crescent St & 34 Ave,6759,1 Ave & E 62 St,6753,40.76108,-73.930562,40.7612274,-73.96094022,member
363011,8FD122FE78E08536,electric_bike,2021-12-26 18:51:34,2021-12-26 19:03:02,Crescent St & 34 Ave,6759,1 Ave & E 62 St,6753,40.76108,-73.930562,40.7612274,-73.96094022,member
363016,F309341F9E44B9F1,classic_bike,2021-12-06 08:04:46,2021-12-06 08:17:59,Crescent St & 34 Ave,6759,1 Ave & E 62 St,6753,40.76108,-73.930562,40.7612274,-73.96094022,member
363070,DB8225BC8F86723F,classic_bike,2021-12-15 08:05:01,2021-12-15 08:18:36,Crescent St & 34 Ave,6759,1 Ave & E 62 St,6753,40.76108,-73.930562,40.7612274,-73.96094022,member
363071,A734255E48BF98E9,electric_bike,2021-12-16 19:57:36,2021-12-16 20:26:37,Crescent St & 34 Ave,6759,Stephen St & Seneca Ave,4798,40.76108,-73.930562,40.6988,-73.9007,casual
363149,901648E605FDD21F,electric_bike,2021-12-06 18:46:56,2021-12-06 18:57:20,Crescent St & 34 Ave,6759,1 Ave & E 62 St,6753,40.76108,-73.930562,40.7612274,-73.96094022,member
387480,262AC4E8D5F07378,classic_bike,2021-12-31 15:45:48,2021-12-31 15:54:29,Crescent St & 34 Ave,6759,40 Ave & 9 St,6664,40.76108,-73.930562,40.75742,-73.945133,member
397886,FD049D3F770D8035,electric_bike,2021-12-29 14:38:29,2021-12-29 14:43:04,Crescent St & 34 Ave,6759,Newtown Ave & 23 St,7026,40.76108,-73.930562,40.7713615,-73.9246145,member
398332,0D1BDE455115729A,classic_bike,2021-12-25 16:28:00,2021-12-25 16:48:57,Crescent St & 34 Ave,6759,Newtown Ave & 23 St,7026,40.76108,-73.930562,40.7713615,-73.9246145,casual
398872,6D791BFFFB126501,classic_bike,2021-12-09 09:11:10,2021-12-09 09:22:52,Crescent St & 34 Ave,6759,Motorgate,6814,40.76108,-73.930562,40.7639089,-73.9477213,member
401852,6A937D7D9739D113,electric_bike,2021-12-03 18:37:46,2021-12-03 18:44:55,Crescent St & 34 Ave,6759,Newtown Ave & 23 St,7026,40.76108,-73.930562,40.7713615,-73.9246145,member
401967,1A1CD799CB5A0399,electric_bike,2021-12-05 20:58:44,2021-12-05 21:05:39,Crescent St & 34 Ave,6759,Motorgate,6814,40.76108,-73.930562,40.7639089,-73.9477213,member
401969,17D8715FC7D833FE,electric_bike,2021-12-21 23:41:10,2021-12-21 23:49:02,Crescent St & 34 Ave,6759,Motorgate,6814,40.76108,-73.930562,40.7639089,-73.9477213,member
411306,CA2016B668A7DDB5,electric_bike,2021-12-18 14:50:58,2021-12-18 15:34:31,Crescent St & 34 Ave,6759,Spruce St & Nassau St,5137,40.76108,-73.930562,40.71146364,-74.00552427,member
411310,F2042C82E6D3A9FD,electric_bike,2021-12-02 14:04:11,2021-12-02 14:45:09,Crescent St & 34 Ave,6759,Spruce St & Nassau St,5137,40.76108,-73.930562,40.71146364,-74.00552427,member
419697,8A328210BE02D413,classic_bike,2021-12-18 12:34:35,2021-12-18 12:55:41,Crescent St & 34 Ave,6759,Huron St & Franklin St,5869,40.76108,-73.930562,40.73266,-73.95826,member
434436,91BB7528469F7F2C,electric_bike,2021-12-26 18:37:15,2021-12-26 18:50:26,Crescent St & 34 Ave,6759,47 Ave & 31 St,6151,40.76108,-73.930562,40.743,-73.93561,member
444208,0B672249533F420F,electric_bike,2021-12-02 14:34:19,2021-12-02 14:42:50,Crescent St & 34 Ave,6759,38 St & 30 Ave,6850,40.76108,-73.930562,40.764174520197685,-73.91583994030952,casual
444512,5D37C346BE6634A1,classic_bike,2021-12-23 17:13:21,2021-12-23 17:22:06,Crescent St & 34 Ave,6759,38 St & 30 Ave,6850,40.76108,-73.930562,40.764174520197685,-73.91583994030952,member
448701,310950E5C444A437,classic_bike,2021-12-23 19:41:49,2021-12-23 19:51:56,Crescent St & 34 Ave,6759,38 St & 30 Ave,6850,40.76108,-73.930562,40.764174520197685,-73.91583994030952,member
477473,A376731B44EB3A1E,electric_bike,2021-12-25 16:11:55,2021-12-25 16:23:32,Crescent St & 34 Ave,6759,31 St & Ditmars Blvd,7144,40.76108,-73.930562,40.776168,-73.910485,member
478405,867A36F4EF9EA9CE,classic_bike,2021-12-21 18:49:52,2021-12-21 18:59:49,Crescent St & 34 Ave,6759,31 St & Northern Blvd,6495,40.76108,-73.930562,40.75186951421875,-73.93349289894103,member
482345,902A6CA95B81D938,electric_bike,2021-12-28 18:18:05,2021-12-28 18:32:32,Crescent St & 34 Ave,6759,Ditmars Blvd & 73 St,6964,40.76108,-73.930562,40.76817,-73.896293,member
514776,7882921ACC63F44F,classic_bike,2021-12-04 13:37:23,2021-12-04 13:45:45,Crescent St & 34 Ave,6759,50 St & Northern Blvd,6511,40.76108,-73.930562,40.753441,-73.912402,member
514791,96BA794A2CE63C9F,electric_bike,2021-12-28 00:20:46,2021-12-28 00:26:35,Crescent St & 34 Ave,6759,8 St & Astoria Blvd,7068,40.76108,-73.930562,40.7725996921817,-73.93266275525093,member
514792,86CBA3384D498078,electric_bike,2021-12-27 01:24:33,2021-12-27 01:30:08,Crescent St & 34 Ave,6759,8 St & Astoria Blvd,7068,40.76108,-73.930562,40.7725996921817,-73.93266275525093,member
536948,370F6FC7F04666A4,classic_bike,2021-12-15 08:46:29,2021-12-15 08:52:04,Crescent St & 34 Ave,6759,Queens Plaza North & Crescent St,6429,40.76108,-73.930562,40.75110165,-73.94073717,member
536949,5A7D9BAF88C5EEFA,classic_bike,2021-12-11 01:03:13,2021-12-11 01:09:29,Crescent St & 34 Ave,6759,Queens Plaza North & Crescent St,6429,40.76108,-73.930562,40.75110165,-73.94073717,member
536950,A91D1F0601AF4772,classic_bike,2021-12-16 16:32:18,2021-12-16 16:39:10,Crescent St & 34 Ave,6759,Queens Plaza North & Crescent St,6429,40.76108,-73.930562,40.75110165,-73.94073717,member
537598,03D9953DAA97A2D1,classic_bike,2021-12-01 03:03:29,2021-12-01 03:07:40,Crescent St & 34 Ave,6759,31 St & Broadway,6789,40.76108,-73.930562,40.761584,-73.925921,casual
537599,94DCE99DEDE43715,classic_bike,2021-12-19 12:39:23,2021-12-19 12:46:10,Crescent St & 34 Ave,6759,Queens Plaza North & Crescent St,6429,40.76108,-73.930562,40.75110165,-73.94073717,member
537600,889E1679492E2265,classic_bike,2021-12-02 19:16:00,2021-12-02 19:24:09,Crescent St & 34 Ave,6759,Queens Plaza North & Crescent St,6429,40.76108,-73.930562,40.75110165,-73.94073717,member
537601,46502D6252678AFB,electric_bike,2021-12-06 07:11:04,2021-12-06 07:13:53,Crescent St & 34 Ave,6759,31 St & Broadway,6789,40.76108,-73.930562,40.761584,-73.925921,member
537602,A76B4F3665F5E7FB,classic_bike,2021-12-11 01:03:29,2021-12-11 01:09:31,Crescent St & 34 Ave,6759,Queens Plaza North & Crescent St,6429,40.76108,-73.930562,40.75110165,-73.94073717,member
537605,0C75382E0D0EE286,classic_bike,2021-12-07 07:42:19,2021-12-07 07:56:12,Crescent St & 34 Ave,6759,9 St & 44 Rd,6361,40.76108,-73.930562,40.74966,-73.9521,casual
537611,678997F81B164869,classic_bike,2021-12-12 07:38:54,2021-12-12 07:41:37,Crescent St & 34 Ave,6759,31 St & Broadway,6789,40.76108,-73.930562,40.761584,-73.925921,member
537612,EDD7D85901A87A02,classic_bike,2021-12-18 08:05:08,2021-12-18 08:10:24,Crescent St & 34 Ave,6759,Queens Plaza North & Crescent St,6429,40.76108,-73.930562,40.75110165,-73.94073717,member
537613,687E0EDF6947FB36,classic_bike,2021-12-26 07:52:21,2021-12-26 07:55:07,Crescent St & 34 Ave,6759,31 St & Broadway,6789,40.76108,-73.930562,40.761584,-73.925921,member
537614,552BA6FBCCF2AECC,classic_bike,2021-12-20 06:31:56,2021-12-20 06:35:01,Crescent St & 34 Ave,6759,31 St & Broadway,6789,40.76108,-73.930562,40.761584,-73.925921,member
537615,7D6F5418FFA7B80C,classic_bike,2021-12-18 20:09:26,2021-12-18 20:16:14,Crescent St & 34 Ave,6759,Queens Plaza North & Crescent St,6429,40.76108,-73.930562,40.75110165,-73.94073717,member
537616,99E53750949BBBCD,classic_bike,2021-12-06 12:51:23,2021-12-06 12:57:17,Crescent St & 34 Ave,6759,Queens Plaza North & Crescent St,6429,40.76108,-73.930562,40.75110165,-73.94073717,member
537618,3217F79934A45BFB,classic_bike,2021-12-22 13:44:51,2021-12-22 13:54:54,Crescent St & 34 Ave,6759,Queens Plaza North & Crescent St,6429,40.76108,-73.930562,40.75110165,-73.94073717,member
537619,642B1ED16F53B9D5,classic_bike,2021-12-11 13:41:24,2021-12-11 13:48:04,Crescent St & 34 Ave,6759,Queens Plaza North & Crescent St,6429,40.76108,-73.930562,40.75110165,-73.94073717,member
537620,38C1385CAD60A964,electric_bike,2021-12-16 09:44:15,2021-12-16 09:48:24,Crescent St & 34 Ave,6759,Queens Plaza North & Crescent St,6429,40.76108,-73.930562,40.75110165,-73.94073717,member
537624,D14530B189ED9AC1,classic_bike,2021-12-27 23:05:45,2021-12-27 23:09:42,Crescent St & 34 Ave,6759,31 St & Broadway,6789,40.76108,-73.930562,40.761584,-73.925921,member
537625,816FFA30997CCB9D,classic_bike,2021-12-29 23:00:01,2021-12-29 23:03:39,Crescent St & 34 Ave,6759,31 St & Broadway,6789,40.76108,-73.930562,40.761584,-73.925921,member
537626,A3903F671EA2BED0,classic_bike,2021-12-23 21:24:54,2021-12-23 21:34:22,Crescent St & 34 Ave,6759,Queens Plaza North & Crescent St,6429,40.76108,-73.930562,40.75110165,-73.94073717,member
537628,31FE6E4C5EABE7BE,classic_bike,2021-12-03 05:11:24,2021-12-03 05:17:05,Crescent St & 34 Ave,6759,Queens Plaza North & Crescent St,6429,40.76108,-73.930562,40.75110165,-73.94073717,member
537629,B871571D89BEEB12,classic_bike,2021-12-13 05:09:57,2021-12-13 05:15:07,Crescent St & 34 Ave,6759,Queens Plaza North & Crescent St,6429,40.76108,-73.930562,40.75110165,-73.94073717,member
537630,FF150E9D28425C47,classic_bike,2021-12-27 14:06:51,2021-12-27 14:15:16,Crescent St & 34 Ave,6759,Queens Plaza North & Crescent St,6429,40.76108,-73.930562,40.75110165,-73.94073717,member
537631,1D73C5EE9ECD6747,electric_bike,2021-12-09 06:24:11,2021-12-09 06:28:26,Crescent St & 34 Ave,6759,Queens Plaza North & Crescent St,6429,40.76108,-73.930562,40.75110165,-73.94073717,member
537632,8C98C5BC9B83F5E8,electric_bike,2021-12-31 09:14:44,2021-12-31 09:19:39,Crescent St & 34 Ave,6759,Queens Plaza North & Crescent St,6429,40.76108,-73.930562,40.75110165,-73.94073717,member
537633,1D8B17BD3F5FA745,classic_bike,2021-12-18 12:10:12,2021-12-18 12:15:23,Crescent St & 34 Ave,6759,Queens Plaza North & Crescent St,6429,40.76108,-73.930562,40.75110165,-73.94073717,member
537634,D687FABC6E5340E8,classic_bike,2021-12-11 05:10:12,2021-12-11 05:15:15,Crescent St & 34 Ave,6759,Queens Plaza North & Crescent St,6429,40.76108,-73.930562,40.75110165,-73.94073717,member
537635,B12F5C81960A5FC4,classic_bike,2021-12-07 05:39:24,2021-12-07 05:45:01,Crescent St & 34 Ave,6759,Queens Plaza North & Crescent St,6429,40.76108,-73.930562,40.75110165,-73.94073717,member
537636,C9AA34BFC73DCBE5,electric_bike,2021-12-25 14:52:21,2021-12-25 14:58:10,Crescent St & 34 Ave,6759,Queens Plaza North & Crescent St,6429,40.76108,-73.930562,40.75110165,-73.94073717,member
537637,C48450EF7C287EC2,electric_bike,2021-12-16 09:47:14,2021-12-16 09:53:02,Crescent St & 34 Ave,6759,Queens Plaza North & Crescent St,6429,40.76108,-73.930562,40.75110165,-73.94073717,casual
537638,7CC251AC3754423A,classic_bike,2021-12-24 05:10:54,2021-12-24 05:16:31,Crescent St & 34 Ave,6759,Queens Plaza North & Crescent St,6429,40.76108,-73.930562,40.75110165,-73.94073717,member
537641,949FA4965F3D2A07,classic_bike,2021-12-28 18:21:38,2021-12-28 18:26:50,Crescent St & 34 Ave,6759,Queens Plaza North & Crescent St,6429,40.76108,-73.930562,40.75110165,-73.94073717,member
537643,EA5EBC38D1753268,classic_bike,2021-12-04 11:28:50,2021-12-04 11:34:59,Crescent St & 34 Ave,6759,Queens Plaza North & Crescent St,6429,40.76108,-73.930562,40.75110165,-73.94073717,member
537644,9D994AB32180E103,electric_bike,2021-12-02 17:05:52,2021-12-02 17:11:14,Crescent St & 34 Ave,6759,Queens Plaza North & Crescent St,6429,40.76108,-73.930562,40.75110165,-73.94073717,member
537645,C067332472B7F3FE,classic_bike,2021-12-04 11:35:33,2021-12-04 11:42:48,Crescent St & 34 Ave,6759,Queens Plaza North & Crescent St,6429,40.76108,-73.930562,40.75110165,-73.94073717,member
537646,BDE618DBAC581D65,classic_bike,2021-12-15 07:22:42,2021-12-15 07:27:37,Crescent St & 34 Ave,6759,Queens Plaza North & Crescent St,6429,40.76108,-73.930562,40.75110165,-73.94073717,casual
537647,66CBFBCF49D4A6C9,classic_bike,2021-12-13 16:34:56,2021-12-13 16:40:03,Crescent St & 34 Ave,6759,Queens Plaza North & Crescent St,6429,40.76108,-73.930562,40.75110165,-73.94073717,casual
537657,6DBE2DF136DDBF2C,classic_bike,2021-12-24 14:48:09,2021-12-24 14:51:36,Crescent St & 34 Ave,6759,31 St & Broadway,6789,40.76108,-73.930562,40.761584,-73.925921,member
545821,8F6A6AF22F63CE23,electric_bike,2021-12-31 10:31:45,2021-12-31 10:42:02,Crescent St & 34 Ave,6759,43 St & 37 Ave,6401,40.76108,-73.930562,40.750181,-73.919998,casual
549371,C701FE4D673A316F,classic_bike,2021-12-09 09:14:44,2021-12-09 09:24:08,Crescent St & 34 Ave,6759,35 St & 34 Ave,6679,40.76108,-73.930562,40.7580583,-73.9242751,member
549373,398407244DB93676,classic_bike,2021-12-12 16:56:37,2021-12-12 17:00:25,Crescent St & 34 Ave,6759,35 St & 34 Ave,6679,40.76108,-73.930562,40.7580583,-73.9242751,member
581490,E95F10ED997EB452,electric_bike,2021-12-09 18:07:23,2021-12-09 18:11:49,Crescent St & 34 Ave,6759,30 Ave & 21 St,6996,40.76108,-73.930562,40.7703743,-73.9286078,member
581497,7FC5650F8F5E759E,electric_bike,2021-12-02 18:16:24,2021-12-02 18:21:47,Crescent St & 34 Ave,6759,30 Ave & 21 St,6996,40.76108,-73.930562,40.7703743,-73.9286078,member
581498,9C58B7D86844A8AB,electric_bike,2021-12-14 20:42:40,2021-12-14 20:48:23,Crescent St & 34 Ave,6759,30 Ave & 21 St,6996,40.76108,-73.930562,40.7703743,-73.9286078,member
584608,B56DDAB0A7FDE642,electric_bike,2021-12-13 20:40:20,2021-12-13 20:47:52,Crescent St & 34 Ave,6759,36 Ave & 10 St,6737,40.76108,-73.930562,40.7614376,-73.9411265,member
584623,6A93C03F4F583C32,electric_bike,2021-12-07 20:41:36,2021-12-07 20:47:08,Crescent St & 34 Ave,6759,30 Ave & 21 St,6996,40.76108,-73.930562,40.7703743,-73.9286078,member
584624,905C698C98F0E562,electric_bike,2021-12-21 20:50:31,2021-12-21 20:56:35,Crescent St & 34 Ave,6759,30 Ave & 21 St,6996,40.76108,-73.930562,40.7703743,-73.9286078,member
585961,A3E2A3865EAE6313,classic_bike,2021-12-14 18:26:03,2021-12-14 18:37:19,Crescent St & 34 Ave,6759,36 Ave & 10 St,6737,40.76108,-73.930562,40.7614376,-73.9411265,member
600922,4914ED54FA776CEB,classic_bike,2021-12-21 21:54:22,2021-12-21 21:55:43,Crescent St & 34 Ave,6759,Crescent St & Broadway,6827,40.76108,-73.930562,40.7633589,-73.9286471,member
600923,B6D2A1FFED51E9D1,classic_bike,2021-12-25 18:26:10,2021-12-25 18:27:57,Crescent St & 34 Ave,6759,Crescent St & Broadway,6827,40.76108,-73.930562,40.7633589,-73.9286471,member
600926,553AFD186696E90F,classic_bike,2021-12-17 10:40:55,2021-12-17 10:43:11,Crescent St & 34 Ave,6759,Crescent St & Broadway,6827,40.76108,-73.930562,40.7633589,-73.9286471,member
600929,FDD6C243128B7F6E,classic_bike,2021-12-03 17:45:56,2021-12-03 17:48:23,Crescent St & 34 Ave,6759,Crescent St & Broadway,6827,40.76108,-73.930562,40.7633589,-73.9286471,member
600932,A90CFF66F5AB82A4,classic_bike,2021-12-28 18:14:29,2021-12-28 18:16:47,Crescent St & 34 Ave,6759,Crescent St & Broadway,6827,40.76108,-73.930562,40.7633589,-73.9286471,member
600933,C30D32AD728CB1DA,electric_bike,2021-12-17 13:14:54,2021-12-17 13:18:24,Crescent St & 34 Ave,6759,Crescent St & Broadway,6827,40.76108,-73.930562,40.7633589,-73.9286471,casual
600934,FC97B5C8C44D6E5D,classic_bike,2021-12-16 18:04:17,2021-12-16 18:06:16,Crescent St & 34 Ave,6759,Crescent St & Broadway,6827,40.76108,-73.930562,40.7633589,-73.9286471,member
603093,AC1227F13A4E7FE0,electric_bike,2021-12-16 15:25:38,2021-12-16 15:32:18,Crescent St & 34 Ave,6759,Crescent St & Broadway,6827,40.76108,-73.930562,40.7633589,-73.9286471,casual
603095,DD64927C051FE319,electric_bike,2021-12-26 09:19:34,2021-12-26 09:23:50,Crescent St & 34 Ave,6759,Crescent St & Broadway,6827,40.76108,-73.930562,40.7633589,-73.9286471,member
603096,BCF2CC4C59A579CC,classic_bike,2021-12-04 16:45:27,2021-12-04 16:47:05,Crescent St & 34 Ave,6759,Crescent St & Broadway,6827,40.76108,-73.930562,40.7633589,-73.9286471,member
603098,0494BD4230419A71,classic_bike,2021-12-01 20:26:25,2021-12-01 20:28:23,Crescent St & 34 Ave,6759,Crescent St & Broadway,6827,40.76108,-73.930562,40.7633589,-73.9286471,member
618535,963702940F337691,electric_bike,2021-12-28 10:35:27,2021-12-28 11:03:49,Crescent St & 34 Ave,6759,Broadway & E 14 St,5905,40.76108,-73.930562,40.73454567,-73.99074142,casual
618536,DCA9718CEEBFAA7D,electric_bike,2021-12-28 15:55:18,2021-12-28 16:10:21,Crescent St & 34 Ave,6759,7 Ave & Central Park South,6912,40.76108,-73.930562,40.7667405590595,-73.9790689945221,member
633499,D9F0CFCF60F7C80D,classic_bike,2021-12-01 23:10:14,2021-12-01 23:17:59,Crescent St & 34 Ave,6759,35 Ave & 10 St,6806,40.76108,-73.930562,40.76315481910373,-73.93985509872437,member
633500,53FEFAE55F2CF4ED,classic_bike,2021-12-21 23:37:25,2021-12-21 23:43:04,Crescent St & 34 Ave,6759,35 Ave & 10 St,6806,40.76108,-73.930562,40.76315481910373,-73.93985509872437,member
633506,94FF620A5A60E979,classic_bike,2021-12-05 19:47:33,2021-12-05 19:50:59,Crescent St & 34 Ave,6759,21 St & 31 Dr,6865,40.76108,-73.930562,40.7659,-73.930819,member
642629,F279720AAAEDF25F,electric_bike,2021-12-20 16:00:27,2021-12-20 16:21:11,Crescent St & 34 Ave,6759,E 59 St & Madison Ave,6801,40.76108,-73.930562,40.76350532,-73.97109243,member
656297,7064249E71D34B0B,classic_bike,2021-12-03 17:50:21,2021-12-03 17:56:41,Crescent St & 34 Ave,6759,21 St & 38 Ave,6656,40.76108,-73.930562,40.7576314,-73.9391224,casual
660938,8F561FA5B27D21A5,classic_bike,2021-12-22 17:25:10,2021-12-22 17:37:41,Crescent St & 34 Ave,6759,37 St & 24 Ave,6981,40.76108,-73.930562,40.7701477,-73.9120938,member
661736,8DACEECB11F25BDF,electric_bike,2021-12-15 21:36:59,2021-12-15 22:10:56,Crescent St & 34 Ave,6759,Morningside Ave & W 123 St,7741,40.76108,-73.930562,40.81,-73.9551508,member
674746,D20B5AF39733A2F5,classic_bike,2021-12-07 09:38:08,2021-12-07 10:12:51,Crescent St & 34 Ave,6759,E 15 St & 3 Ave,5863,40.76108,-73.930562,40.734232,-73.986923,casual
696915,BE1EA9293A337D16,classic_bike,2021-12-03 10:04:31,2021-12-03 10:43:28,Crescent St & 34 Ave,6759,9 Ave & W 18 St,6190,40.76108,-73.930562,40.74317449,-74.00366443,member
708418,2A7DCBB83AF9359E,electric_bike,2021-12-02 06:07:06,2021-12-02 06:20:11,Crescent St & 34 Ave,6759,McGuinness Blvd & Eagle St,5977,40.76108,-73.930562,40.73555,-73.95284,member
708419,CD81FCE7A261CA13,classic_bike,2021-12-06 11:26:35,2021-12-06 11:50:05,Crescent St & 34 Ave,6759,McGuinness Blvd & Eagle St,5977,40.76108,-73.930562,40.73555,-73.95284,member
708420,6A0B92A9C7977F31,electric_bike,2021-12-20 15:36:52,2021-12-20 16:05:41,Crescent St & 34 Ave,6759,9 Ave & W 18 St,6190,40.76108,-73.930562,40.74317449,-74.00366443,member
728618,868EEBCF57691044,classic_bike,2021-12-10 11:08:34,2021-12-10 11:44:04,Crescent St & 34 Ave,6759,20 Ave & 21 St,7363,40.76108,-73.930562,40.784003,-73.912297,member
760659,98DC82A3F8A13CCC,classic_bike,2021-12-17 18:56:40,2021-12-17 18:57:55,Crescent St & 34 Ave,6759,34 Ave & 21 St,6798,40.76108,-73.930562,40.7628138,-73.9342862,member
761837,0BCCD3BFB299D7D2,classic_bike,2021-12-13 20:17:04,2021-12-13 20:20:26,Crescent St & 34 Ave,6759,34 Ave & 21 St,6798,40.76108,-73.930562,40.7628138,-73.9342862,member
797207,E211D85D63BF09F3,classic_bike,2021-12-17 12:40:22,2021-12-17 13:15:33,Crescent St & 34 Ave,6759,E 41 St & Madison Ave (SW corner),6474,40.76108,-73.930562,40.752165280621966,-73.97992193698882,member
812459,848805C7E42BB492,electric_bike,2021-12-26 17:05:06,2021-12-26 17:11:22,Crescent St & 34 Ave,6759,38 St & Northern Blvd,6486,40.76108,-73.930562,40.752372,-73.925384,casual
814257,702417C9EB99AFD3,classic_bike,2021-12-03 07:58:48,2021-12-03 08:21:55,Crescent St & 34 Ave,6759,1 Ave & E 44 St,6379,40.76108,-73.930562,40.75001986,-73.96905301,member
821787,4907BD3207E5EE31,classic_bike,2021-12-09 19:38:12,2021-12-09 19:46:13,Crescent St & 34 Ave,6759,31 St & Astoria Blvd,6989,40.76108,-73.930562,40.7699176,-73.9184057,member
821790,FE9BA039A1B09A92,classic_bike,2021-12-16 10:19:15,2021-12-16 10:28:41,Crescent St & 34 Ave,6759,31 Ave & Steinway St,6782,40.76108,-73.930562,40.7611488,-73.9170071,member
822192,AE34E6CB23FC3F10,electric_bike,2021-12-08 17:12:25,2021-12-08 17:18:20,Crescent St & 34 Ave,6759,31 St & Astoria Blvd,6989,40.76108,-73.930562,40.7699176,-73.9184057,member
822193,DB8CBFFBF1A43FCA,electric_bike,2021-12-11 14:54:17,2021-12-11 14:59:31,Crescent St & 34 Ave,6759,31 St & Astoria Blvd,6989,40.76108,-73.930562,40.7699176,-73.9184057,member
822194,A9765E12BCD3922A,classic_bike,2021-12-17 13:08:41,2021-12-17 13:17:01,Crescent St & 34 Ave,6759,31 Ave & Steinway St,6782,40.76108,-73.930562,40.7611488,-73.9170071,member
823775,5850A6395E4E04CD,classic_bike,2021-12-27 17:06:36,2021-12-27 17:18:52,Crescent St & 34 Ave,6759,31 Ave & Steinway St,6782,40.76108,-73.930562,40.7611488,-73.9170071,casual
823809,B203333858C0FAFF,classic_bike,2021-12-23 16:54:00,2021-12-23 17:25:12,Crescent St & 34 Ave,6759,31 St & Astoria Blvd,6989,40.76108,-73.930562,40.7699176,-73.9184057,member
823811,A378E472F8FE72D1,classic_bike,2021-12-13 07:42:01,2021-12-13 07:48:04,Crescent St & 34 Ave,6759,31 Ave & Steinway St,6782,40.76108,-73.930562,40.7611488,-73.9170071,member
823813,F5C4581B54B4AB80,classic_bike,2021-12-03 19:44:26,2021-12-03 19:51:55,Crescent St & 34 Ave,6759,31 St & Astoria Blvd,6989,40.76108,-73.930562,40.7699176,-73.9184057,member
823864,17733364E542B81C,classic_bike,2021-12-01 09:18:41,2021-12-01 09:39:14,Crescent St & 34 Ave,6759,31 St & Astoria Blvd,6989,40.76108,-73.930562,40.7699176,-73.9184057,member
823866,35F4B0B04F62D334,classic_bike,2021-12-26 13:08:42,2021-12-26 13:17:43,Crescent St & 34 Ave,6759,31 St & Astoria Blvd,6989,40.76108,-73.930562,40.7699176,-73.9184057,member
839671,8B45FAEF53E4127E,classic_bike,2021-12-10 09:39:23,2021-12-10 09:59:27,Crescent St & 34 Ave,6759,E 74 St & 1 Ave,6953,40.76108,-73.930562,40.7689738,-73.95482273,casual
840531,A34A25897455F082,classic_bike,2021-12-29 08:52:23,2021-12-29 09:52:18,Crescent St & 34 Ave,6759,,nan,40.76108,-73.930562,40.77,-73.92,casual
840548,B5883FD8EDB37458,classic_bike,2021-12-01 09:56:35,2021-12-01 12:59:19,Crescent St & 34 Ave,6759,,nan,40.76108,-73.930562,40.77,-73.94,casual
840592,9855CD0CBDFDF5C4,electric_bike,2021-12-24 06:40:20,2021-12-25 07:40:17,Crescent St & 34 Ave,6759,,nan,40.76108,-73.930562,,,member
840593,FB725DF0F9077910,classic_bike,2021-12-17 11:39:52,2021-12-18 12:39:44,Crescent St & 34 Ave,6759,,nan,40.76108,-73.930562,,,member
840600,BC0D8A29558251FB,classic_bike,2021-12-09 14:21:08,2021-12-09 16:32:02,Crescent St & 34 Ave,6759,,nan,40.76108,-73.930562,40.77,-73.94,member
842910,2374CACF90E94B1E,classic_bike,2021-12-13 23:36:41,2021-12-14 04:22:02,Crescent St & 34 Ave,6759,,nan,40.76108,-73.930562,40.76,-73.94,member
861790,E93749DCA0DE6A57,electric_bike,2021-12-03 07:27:05,2021-12-03 07:34:34,Crescent St & 34 Ave,6759,48 St & Broadway,6629,40.76108,-73.930562,40.755763,-73.912715,member
882771,DDEAC5F661AAC9D0,electric_bike,2021-12-13 13:09:40,2021-12-13 13:34:41,Crescent St & 34 Ave,6759,W 67 St & Broadway,7116,40.76108,-73.930562,40.77492513,-73.98266566,member
884800,22D3AB37C76B65E4,electric_bike,2021-12-06 13:26:30,2021-12-06 13:46:42,Crescent St & 34 Ave,6759,W 67 St & Broadway,7116,40.76108,-73.930562,40.77492513,-73.98266566,member
892840,E2CB19FE11997365,electric_bike,2021-12-12 11:10:27,2021-12-12 11:29:29,Crescent St & 34 Ave,6759,Madison Ave & E 82 St,7188,40.76108,-73.930562,40.7781314,-73.96069399,member
927089,6162AB9BCA06D69B,classic_bike,2021-12-19 14:01:43,2021-12-19 14:16:50,Crescent St & 34 Ave,6759,34 Ave & 48 St,6554,40.76108,-73.930562,40.75388,-73.914952,member
928412,8419FA9C94A69F37,classic_bike,2021-12-05 12:12:01,2021-12-05 12:48:25,Crescent St & 34 Ave,6759,2 Ave & E 31 St,6197,40.76108,-73.930562,40.74290902,-73.97706058,member
928413,3B94210124E12A2C,electric_bike,2021-12-30 19:28:53,2021-12-30 19:35:51,Crescent St & 34 Ave,6759,27 Ave & 9 St,7098,40.76108,-73.930562,40.7739825,-73.9309134,member
933698,C3772CB732DBD7E8,electric_bike,2021-12-06 15:10:20,2021-12-06 15:27:32,Crescent St & 34 Ave,6759,Kent Ave & N 7 St,5489,40.76108,-73.930562,40.72036775298455,-73.96165072917938,casual
933704,E0EFAC1616A62D11,electric_bike,2021-12-09 13:33:42,2021-12-09 14:00:06,Crescent St & 34 Ave,6759,2 Ave & E 31 St,6197,40.76108,-73.930562,40.74290902,-73.97706058,member
944035,42DF6F25E20E25C3,classic_bike,2021-12-16 20:33:33,2021-12-16 20:37:07,Crescent St & 34 Ave,6759,36 Ave & 31 St,6572,40.76108,-73.930562,40.75651272984955,-73.92957486212252,member
944036,F642DD605FE30EA2,classic_bike,2021-12-16 22:18:21,2021-12-16 22:23:13,Crescent St & 34 Ave,6759,36 Ave & 31 St,6572,40.76108,-73.930562,40.75651272984955,-73.92957486212252,member
944572,147AA90EDC39E9AD,classic_bike,2021-12-08 22:44:39,2021-12-08 22:48:16,Crescent St & 34 Ave,6759,36 Ave & 31 St,6572,40.76108,-73.930562,40.75651272984955,-73.92957486212252,member
944576,6DF1127AD8770B3D,classic_bike,2021-12-31 09:57:42,2021-12-31 10:02:51,Crescent St & 34 Ave,6759,36 Ave & 31 St,6572,40.76108,-73.930562,40.75651272984955,-73.92957486212252,member
944577,9F541E6AFA574F16,electric_bike,2021-12-19 12:34:10,2021-12-19 12:37:25,Crescent St & 34 Ave,6759,36 Ave & 31 St,6572,40.76108,-73.930562,40.75651272984955,-73.92957486212252,member
944579,432A466D0A08EC30,classic_bike,2021-12-31 18:00:26,2021-12-31 18:04:49,Crescent St & 34 Ave,6759,36 Ave & 31 St,6572,40.76108,-73.930562,40.75651272984955,-73.92957486212252,member
949401,C3FA3B15DE0BAE37,classic_bike,2021-12-08 16:56:47,2021-12-08 17:21:21,Crescent St & 34 Ave,6759,E 56 St & Madison Ave,6732,40.76108,-73.930562,40.761573,-73.972628,member
949426,F1EA08A6EE7ECCCF,classic_bike,2021-12-23 08:39:19,2021-12-23 08:47:25,Crescent St & 34 Ave,6759,21 St & 43 Ave,6395,40.76108,-73.930562,40.75052534,-73.94594845,member
949883,D5986D9932D2D175,classic_bike,2021-12-18 11:40:03,2021-12-18 11:48:36,Crescent St & 34 Ave,6759,21 St & 43 Ave,6395,40.76108,-73.930562,40.75052534,-73.94594845,casual
955664,E745A00D6AA395C3,classic_bike,2021-12-01 08:39:00,2021-12-01 08:46:51,Crescent St & 34 Ave,6759,21 St & 43 Ave,6395,40.76108,-73.930562,40.75052534,-73.94594845,member
955669,AA4FAC786EA7DD69,classic_bike,2021-12-28 13:43:45,2021-12-28 13:51:27,Crescent St & 34 Ave,6759,21 St & 43 Ave,6395,40.76108,-73.930562,40.75052534,-73.94594845,member
959003,47531BE5C8C02412,electric_bike,2021-12-10 16:35:34,2021-12-10 16:59:40,Crescent St & 34 Ave,6759,2 Ave & E 72 St,6925,40.76108,-73.930562,40.7687620293096,-73.95840793848038,casual
959009,95E9C6488BD5AC64,electric_bike,2021-12-09 14:03:07,2021-12-09 14:27:31,Crescent St & 34 Ave,6759,Broadway & W 58 St,6948,40.76108,-73.930562,40.76695317,-73.98169333,member
959014,0895240ADEDB13ED,electric_bike,2021-12-17 08:48:53,2021-12-17 08:56:42,Crescent St & 34 Ave,6759,21 St & 43 Ave,6395,40.76108,-73.930562,40.75052534,-73.94594845,member
973158,9A9A8C04E9DBAABD,classic_bike,2021-12-17 11:07:24,2021-12-17 11:21:24,Crescent St & 34 Ave,6759,Vernon Blvd & 47 Rd,6212,40.76108,-73.930562,40.7449067,-73.9534573,member
973178,1B932DE6F775D58E,classic_bike,2021-12-03 12:51:52,2021-12-03 13:07:29,Crescent St & 34 Ave,6759,Vernon Blvd & 47 Rd,6212,40.76108,-73.930562,40.7449067,-73.9534573,member
973179,4CA37A30AC7562EE,classic_bike,2021-12-22 15:14:37,2021-12-22 15:27:50,Crescent St & 34 Ave,6759,Vernon Blvd & 47 Rd,6212,40.76108,-73.930562,40.7449067,-73.9534573,member
973204,1EC93847F9156365,classic_bike,2021-12-01 15:04:09,2021-12-01 15:19:18,Crescent St & 34 Ave,6759,Vernon Blvd & 47 Rd,6212,40.76108,-73.930562,40.7449067,-73.9534573,member
974370,E3466042F63D120C,classic_bike,2021-12-21 16:08:03,2021-12-21 16:19:57,Jackson Ave & 46 Rd,6203,Crescent St & 34 Ave,6759,40.74524768,-73.94733276,40.76108,-73.930562,member
999488,425E7482B7C1445A,classic_bike,2021-12-04 16:02:26,2021-12-04 16:06:02,Crescent St & 34 Ave,6759,21 St & 36 Ave,6729,40.76108,-73.930562,40.7601853,-73.9362726,member
1000699,A7AFEF21F498A782,classic_bike,2021-12-10 19:28:26,2021-12-10 19:42:20,Crescent St & 34 Ave,6759,Steinway St & 28 Ave,6915,40.76108,-73.930562,40.7656251,-73.9136695,casual
1000700,EA2284D529DEB444,classic_bike,2021-12-20 00:07:32,2021-12-20 00:25:18,Crescent St & 34 Ave,6759,Steinway St & 28 Ave,6915,40.76108,-73.930562,40.7656251,-73.9136695,casual
1001221,749CE402C841CFAD,electric_bike,2021-12-29 15:07:13,2021-12-29 15:18:14,Crescent St & 34 Ave,6759,21 St & 36 Ave,6729,40.76108,-73.930562,40.7601853,-73.9362726,member
1013916,641682686FE40EFB,classic_bike,2021-12-02 14:46:26,2021-12-02 14:49:12,Crescent St & 34 Ave,6759,28 St & 36 Ave,6614,40.76108,-73.930562,40.757186,-73.932719,member
1015635,4B015D3A8ACB4A1F,electric_bike,2021-12-10 19:24:27,2021-12-10 19:26:33,Crescent St & 34 Ave,6759,28 St & 36 Ave,6614,40.76108,-73.930562,40.757186,-73.932719,member
1016157,E744058544E57C5B,classic_bike,2021-12-29 10:15:53,2021-12-29 10:52:52,Crescent St & 34 Ave,6759,Wythe Ave & Metropolitan Ave,5348,40.76108,-73.930562,40.716887,-73.963198,casual
1016661,91DDC2BC50242AC8,classic_bike,2021-12-30 15:04:09,2021-12-30 15:21:43,Crescent St & 34 Ave,6759,35 St & 30 Ave,6887,40.76108,-73.930562,40.76547569244953,-73.91811579465866,casual
1016888,05303034CE39519A,electric_bike,2021-12-09 15:06:27,2021-12-09 15:13:42,Crescent St & 34 Ave,6759,35 St & 30 Ave,6887,40.76108,-73.930562,40.76547569244953,-73.91811579465866,member
1020201,0426A13C81460E6D,classic_bike,2021-12-31 22:20:28,2021-12-31 22:23:20,Crescent St & 34 Ave,6759,28 St & 36 Ave,6614,40.76108,-73.930562,40.757186,-73.932719,member
1020202,E4559FE2FFA50722,classic_bike,2021-12-14 21:20:49,2021-12-14 21:23:14,Crescent St & 34 Ave,6759,28 St & 36 Ave,6614,40.76108,-73.930562,40.757186,-73.932719,member
1020204,EADAD66DCF86624E,electric_bike,2021-12-02 11:08:01,2021-12-02 11:10:58,Crescent St & 34 Ave,6759,28 St & 36 Ave,6614,40.76108,-73.930562,40.757186,-73.932719,member
1020481,8A2ED00BB2747CDD,classic_bike,2021-12-14 17:22:02,2021-12-14 17:26:10,Crescent St & 34 Ave,6759,28 St & 36 Ave,6614,40.76108,-73.930562,40.757186,-73.932719,member
1022136,FB8F3DA2D62F788E,classic_bike,2021-12-05 13:26:19,2021-12-05 13:29:21,Crescent St & 34 Ave,6759,28 St & 36 Ave,6614,40.76108,-73.930562,40.757186,-73.932719,member
1022141,629CFE9CEEA34E40,classic_bike,2021-12-22 10:07:12,2021-12-22 10:21:53,Crescent St & 34 Ave,6759,35 St & 30 Ave,6887,40.76108,-73.930562,40.76547569244953,-73.91811579465866,member
1022148,772874F9642F6CF6,classic_bike,2021-12-05 21:46:57,2021-12-05 21:50:20,Crescent St & 34 Ave,6759,28 St & 36 Ave,6614,40.76108,-73.930562,40.757186,-73.932719,member
1022151,60792B7920DD8D5F,docked_bike,2021-12-30 15:08:00,2021-12-30 15:21:48,Crescent St & 34 Ave,6759,35 St & 30 Ave,6887,40.76108,-73.930562,40.765476,-73.918116,casual
1022152,B2E489CBBE4ECCF7,classic_bike,2021-12-14 21:20:51,2021-12-14 21:23:20,Crescent St & 34 Ave,6759,28 St & 36 Ave,6614,40.76108,-73.930562,40.757186,-73.932719,member
1022153,B43797860ADC7D4A,classic_bike,2021-12-19 15:37:05,2021-12-19 15:39:46,Crescent St & 34 Ave,6759,28 St & 36 Ave,6614,40.76108,-73.930562,40.757186,-73.932719,member
1022385,4E4185FEF457356A,classic_bike,2021-12-12 13:25:18,2021-12-12 13:28:23,Crescent St & 34 Ave,6759,28 St & 36 Ave,6614,40.76108,-73.930562,40.757186,-73.932719,member
1022386,1CE3A3CD0B854063,classic_bike,2021-12-19 10:38:58,2021-12-19 10:41:06,Crescent St & 34 Ave,6759,28 St & 36 Ave,6614,40.76108,-73.930562,40.757186,-73.932719,member
1022393,1D5B599B255E6C9C,classic_bike,2021-12-29 10:15:07,2021-12-29 10:52:37,Crescent St & 34 Ave,6759,Wythe Ave & Metropolitan Ave,5348,40.76108,-73.930562,40.716887,-73.963198,casual
1040338,95A9187885B2B887,electric_bike,2021-12-07 12:29:51,2021-12-07 13:01:16,Crescent St & 34 Ave,6759,5 Ave & E 103 St,7511,40.76108,-73.930562,40.7922553,-73.95249933,member
1067082,4A5D441DD03B26A1,classic_bike,2021-12-17 09:21:14,2021-12-17 09:47:37,Crescent St & 34 Ave,6759,E 56 St & 3 Ave,6691,40.76108,-73.930562,40.75934501,-73.96759673,member
1067095,7E4B5BC829DA7FAE,electric_bike,2021-12-28 13:46:14,2021-12-28 14:02:24,Crescent St & 34 Ave,6759,E 47 St & 2 Ave,6498,40.76108,-73.930562,40.75323098,-73.97032517,member
1070214,81D56AC4E81A862C,classic_bike,2021-12-16 07:51:25,2021-12-16 08:17:12,Crescent St & 34 Ave,6759,E 47 St & 2 Ave,6498,40.76108,-73.930562,40.75323098,-73.97032517,member
1085782,B1F5106D8BF1E827,electric_bike,2021-12-16 08:43:05,2021-12-16 08:58:51,Crescent St & 34 Ave,6759,E 44 St & 2 Ave,6422,40.76108,-73.930562,40.75118387463277,-73.97138714790344,member
1088903,332E6FD5A1AD0E69,classic_bike,2021-12-16 17:06:52,2021-12-16 17:43:34,Crescent St & 34 Ave,6759,W 43 St & 10 Ave,6756,40.76108,-73.930562,40.76009437,-73.99461843,member
1109362,181F1FBCAFAC3A29,electric_bike,2021-12-02 14:08:23,2021-12-02 14:46:25,Crescent St & 34 Ave,6759,Howard St & Lafayette St,5422,40.76108,-73.930562,40.71910537,-73.99973337,member
1109371,8C445917E74DFED6,electric_bike,2021-12-28 14:31:14,2021-12-28 15:15:14,Crescent St & 34 Ave,6759,Division Ave & Hooper St,5045,40.76108,-73.930562,40.70684203101325,-73.9544353965357,member
1116309,7C96A50418910233,electric_bike,2021-12-03 15:00:08,2021-12-03 15:29:50,Crescent St & 34 Ave,6759,Forest Ave & Summerfield St,4798,40.76108,-73.930562,40.69922,-73.89795,casual
1116310,865C4C09027C48FD,electric_bike,2021-12-02 21:59:59,2021-12-02 22:25:07,Crescent St & 34 Ave,6759,Forest Ave & Summerfield St,4798,40.76108,-73.930562,40.69922,-73.89795,casual
1117673,22616DDFCE65ABCB,electric_bike,2021-12-30 09:41:17,2021-12-30 09:50:56,Crescent St & 34 Ave,6759,44 Dr & Jackson Ave,6352,40.76108,-73.930562,40.74718234,-73.9432635,casual
1117676,18708708FC69E758,classic_bike,2021-12-12 19:59:28,2021-12-12 20:10:03,Crescent St & 34 Ave,6759,44 Dr & Jackson Ave,6352,40.76108,-73.930562,40.74718234,-73.9432635,member
1137639,E1867E0D2342B8F5,electric_bike,2021-12-02 23:31:17,2021-12-02 23:40:35,Crescent St & 34 Ave,6759,Astoria Park S & Shore Blvd,7159,40.76108,-73.930562,40.7767,-73.927631,casual
1137702,BF5A074CD856E3D0,classic_bike,2021-12-12 16:12:10,2021-12-12 16:20:39,Crescent St & 34 Ave,6759,Astoria Park S & Shore Blvd,7159,40.76108,-73.930562,40.7767,-73.927631,member
1137703,9B5D96CA20AB9EE2,classic_bike,2021-12-30 11:00:24,2021-12-30 11:08:22,Crescent St & 34 Ave,6759,24 St & 41 Ave,6505,40.76108,-73.930562,40.752474,-73.939991,member
1137708,0696A6244E2F5B8E,classic_bike,2021-12-30 09:48:42,2021-12-30 09:56:45,Crescent St & 34 Ave,6759,43 St & Broadway,6670,40.76108,-73.930562,40.7577284,-73.9166368,member
1137709,F26F460E04182ECB,classic_bike,2021-12-30 17:32:50,2021-12-30 17:40:19,Crescent St & 34 Ave,6759,43 St & Broadway,6670,40.76108,-73.930562,40.7577284,-73.9166368,member
1137710,1C8D54561F34F784,classic_bike,2021-12-31 13:18:19,2021-12-31 13:23:42,Crescent St & 34 Ave,6759,24 St & 41 Ave,6505,40.76108,-73.930562,40.752474,-73.939991,member
1137711,9AF1085DEDC7DD55,electric_bike,2021-12-17 15:54:21,2021-12-17 15:58:31,Crescent St & 34 Ave,6759,24 St & 41 Ave,6505,40.76108,-73.930562,40.752474,-73.939991,member
1137712,90FD4CCDA6A34F74,electric_bike,2021-12-06 09:39:17,2021-12-06 10:03:34,Crescent St & 34 Ave,6759,N 11 St & Kent Ave,5489,40.76108,-73.930562,40.72248188638219,-73.95921930670738,casual
1137713,14641E785DABCB8E,classic_bike,2021-12-29 18:45:42,2021-12-29 18:51:11,Crescent St & 34 Ave,6759,24 St & 41 Ave,6505,40.76108,-73.930562,40.752474,-73.939991,member
1138118,56016C9C4C5DC6D9,classic_bike,2021-12-09 07:50:50,2021-12-09 07:55:57,Crescent St & 34 Ave,6759,24 St & 41 Ave,6505,40.76108,-73.930562,40.752474,-73.939991,member
1138119,3E354AF38052A9C1,classic_bike,2021-12-21 14:51:23,2021-12-21 15:44:13,Crescent St & 34 Ave,6759,43 St & Broadway,6670,40.76108,-73.930562,40.7577284,-73.9166368,member
1138953,A38B8B322076DB01,electric_bike,2021-12-04 08:26:43,2021-12-04 08:40:53,Crescent St & 34 Ave,6759,E 51 St & 1 Ave,6532,40.76108,-73.930562,40.75455731,-73.96592976,casual
1138956,90477254799C5BD9,classic_bike,2021-12-17 12:20:30,2021-12-17 12:25:43,Crescent St & 34 Ave,6759,24 St & 41 Ave,6505,40.76108,-73.930562,40.752474,-73.939991,member
1138960,8933A4CE86FA445E,electric_bike,2021-12-18 00:31:25,2021-12-18 00:36:48,Crescent St & 34 Ave,6759,43 St & Broadway,6670,40.76108,-73.930562,40.7577284,-73.9166368,casual
1138961,2299B340B4BEB2A7,classic_bike,2021-12-12 13:54:20,2021-12-12 14:00:44,Crescent St & 34 Ave,6759,24 St & 41 Ave,6505,40.76108,-73.930562,40.752474,-73.939991,casual
1154070,5F761F8D5D7D5ED3,classic_bike,2021-12-20 18:16:50,2021-12-20 18:21:44,Crescent St & 34 Ave,6759,31 Ave & 30 St,6857,40.76108,-73.930562,40.7647,-73.9240312,member
1155749,66DBD2DAFDA7196C,classic_bike,2021-12-07 03:19:01,2021-12-07 03:23:08,Crescent St & 34 Ave,6759,31 Ave & 30 St,6857,40.76108,-73.930562,40.7647,-73.9240312,member
1158886,862C51BD92E9421B,electric_bike,2021-12-06 13:34:40,2021-12-06 13:38:44,Crescent St & 34 Ave,6759,31 Ave & 30 St,6857,40.76108,-73.930562,40.7647,-73.9240312,member
1159921,952C160D3C5B3D84,classic_bike,2021-12-09 18:26:39,2021-12-09 18:30:07,Crescent St & 34 Ave,6759,31 Ave & 30 St,6857,40.76108,-73.930562,40.7647,-73.9240312,member
1164618,DBBE0EE5B21934B2,classic_bike,2021-12-30 16:03:23,2021-12-30 16:09:31,Crescent St & 34 Ave,6759,35 Ave & 37 St,6563,40.76108,-73.930562,40.7557327,-73.9236611,member
1164619,2C2EF5CDEA48033E,classic_bike,2021-12-10 13:35:38,2021-12-10 13:53:19,Crescent St & 34 Ave,6759,35 St & Broadway,6750,40.76108,-73.930562,40.760339,-73.9222427,member
1164620,CF8915429785DA93,classic_bike,2021-12-19 14:15:49,2021-12-19 14:21:15,Crescent St & 34 Ave,6759,35 St & Broadway,6750,40.76108,-73.930562,40.760339,-73.9222427,member
1165021,D41BB6EB2824D597,classic_bike,2021-12-11 10:46:28,2021-12-11 10:51:50,Crescent St & 34 Ave,6759,35 Ave & 37 St,6563,40.76108,-73.930562,40.7557327,-73.9236611,member
1165022,3544EF3139CE9EA4,classic_bike,2021-12-17 09:58:28,2021-12-17 10:02:48,Crescent St & 34 Ave,6759,35 St & Broadway,6750,40.76108,-73.930562,40.760339,-73.9222427,member
1166058,CEC15DF00A7D0C6E,classic_bike,2021-12-24 08:55:40,2021-12-24 09:01:40,Crescent St & 34 Ave,6759,35 St & Broadway,6750,40.76108,-73.930562,40.760339,-73.9222427,member
1166689,4AA4DE67ABF7BF6B,classic_bike,2021-12-10 18:19:46,2021-12-10 18:24:59,Crescent St & 34 Ave,6759,35 St & Broadway,6750,40.76108,-73.930562,40.760339,-73.9222427,member
1171023,CABDF9A92F24688E,electric_bike,2021-12-12 17:31:52,2021-12-12 17:35:50,Crescent St & 34 Ave,6759,35 Ave & 37 St,6563,40.76108,-73.930562,40.7557327,-73.9236611,member
1171024,E7B250B286621B79,classic_bike,2021-12-12 15:16:21,2021-12-12 15:21:09,Crescent St & 34 Ave,6759,35 St & Broadway,6750,40.76108,-73.930562,40.760339,-73.9222427,member
1179873,CCA2A5F8B10D3D9B,electric_bike,2021-12-04 10:56:03,2021-12-04 11:27:11,Crescent St & 34 Ave,6759,Willis Ave & E 141 St,7759,40.76108,-73.930562,40.81093,-73.921606,member
1200297,492D9C1321A57DE3,electric_bike,2021-12-29 17:03:20,2021-12-29 17:23:17,Crescent St & 34 Ave,6759,21 Ave & 80 St,7060,40.76108,-73.930562,40.770888,-73.889914,member
1200311,532353CA761D7863,electric_bike,2021-12-26 16:24:35,2021-12-26 16:44:28,Crescent St & 34 Ave,6759,FDR Drive & E 35 St,6230,40.76108,-73.930562,40.744219,-73.97121214,member
1200367,B371AA4511F77715,classic_bike,2021-12-05 18:22:48,2021-12-05 18:40:50,Crescent St & 34 Ave,6759,20 Ave & 38 St,7196,40.76108,-73.930562,40.777112,-73.902382,member
1202749,C6EBAD036181C18E,electric_bike,2021-12-19 10:49:18,2021-12-19 11:02:03,Crescent St & 34 Ave,6759,20 Ave & 38 St,7196,40.76108,-73.930562,40.777112,-73.902382,member
1202750,DCF23D6D4A794D1E,classic_bike,2021-12-28 14:38:08,2021-12-28 15:10:13,Crescent St & 34 Ave,6759,E 40 St & 5 Ave,6474,40.76108,-73.930562,40.752062307,-73.9816324043,member
1220329,D3BCEB65B65C9D8D,classic_bike,2021-12-20 08:53:58,2021-12-20 09:01:46,Crescent St & 34 Ave,6759,31 St & Newtown Ave,6923,40.76108,-73.930562,40.7675487799971,-73.9209334552288,casual
1220346,1BEEFC0377F282C4,electric_bike,2021-12-11 18:55:56,2021-12-11 19:01:26,Crescent St & 34 Ave,6759,31 St & Newtown Ave,6923,40.76108,-73.930562,40.7675487799971,-73.9209334552288,member
1220347,53D9D19CF40B5A79,electric_bike,2021-12-15 06:03:47,2021-12-15 06:32:38,Crescent St & 34 Ave,6759,1 Ave & E 18 St,5854,40.76108,-73.930562,40.73381219196632,-73.98054420948029,member
1220358,E1CF99C6173CEBBF,electric_bike,2021-12-09 23:07:01,2021-12-09 23:12:23,Crescent St & 34 Ave,6759,21 St & Queens Plaza North,6471,40.76108,-73.930562,40.75325964,-73.94335788,member
1220360,7BBA2559885BA27A,classic_bike,2021-12-23 08:46:14,2021-12-23 08:54:06,Crescent St & 34 Ave,6759,31 St & Newtown Ave,6923,40.76108,-73.930562,40.7675487799971,-73.9209334552288,casual
1220361,D90E3F501F9B91D4,classic_bike,2021-12-14 10:46:41,2021-12-14 10:53:43,Crescent St & 34 Ave,6759,31 St & Newtown Ave,6923,40.76108,-73.930562,40.7675487799971,-73.9209334552288,casual
1220496,BE68FF165DB1EE35,classic_bike,2021-12-09 09:21:32,2021-12-09 09:31:04,Crescent St & 34 Ave,6759,21 St & Queens Plaza North,6471,40.76108,-73.930562,40.75325964,-73.94335788,casual
1220497,58ADEA23A3E37D19,classic_bike,2021-12-06 08:55:13,2021-12-06 09:01:32,Crescent St & 34 Ave,6759,31 St & Newtown Ave,6923,40.76108,-73.930562,40.7675487799971,-73.9209334552288,member
1220499,183CC4E776AF3CE1,classic_bike,2021-12-17 09:58:21,2021-12-17 10:04:40,Crescent St & 34 Ave,6759,31 St & Newtown Ave,6923,40.76108,-73.930562,40.7675487799971,-73.9209334552288,member
1220500,31055DAE0AAD7B15,classic_bike,2021-12-17 18:32:44,2021-12-17 18:41:48,Crescent St & 34 Ave,6759,31 St & Newtown Ave,6923,40.76108,-73.930562,40.7675487799971,-73.9209334552288,member
1220502,B2C9799FA3A804E4,classic_bike,2021-12-10 11:30:13,2021-12-10 11:36:34,Crescent St & 34 Ave,6759,31 St & Newtown Ave,6923,40.76108,-73.930562,40.7675487799971,-73.9209334552288,member
1220503,948DB9F7D40FEC53,classic_bike,2021-12-09 08:52:19,2021-12-09 08:58:29,Crescent St & 34 Ave,6759,31 St & Newtown Ave,6923,40.76108,-73.930562,40.7675487799971,-73.9209334552288,member
1225721,EAA08D9E50EB953B,classic_bike,2021-12-28 08:53:01,2021-12-28 08:59:27,Crescent St & 34 Ave,6759,31 St & Newtown Ave,6923,40.76108,-73.930562,40.7675487799971,-73.9209334552288,casual
1225725,CF78FF1876A95893,classic_bike,2021-12-15 09:12:44,2021-12-15 09:19:28,Crescent St & 34 Ave,6759,21 St & Queens Plaza North,6471,40.76108,-73.930562,40.75325964,-73.94335788,member
1225729,EAF84C03226702D3,electric_bike,2021-12-22 15:20:33,2021-12-22 15:26:40,Crescent St & 34 Ave,6759,31 St & Newtown Ave,6923,40.76108,-73.930562,40.7675487799971,-73.9209334552288,member
1225735,19A8BF8D529C7627,electric_bike,2021-12-27 08:53:29,2021-12-27 08:58:29,Crescent St & 34 Ave,6759,31 St & Newtown Ave,6923,40.76108,-73.930562,40.7675487799971,-73.9209334552288,casual
1225736,A4F42A41507E3A09,classic_bike,2021-12-15 14:04:24,2021-12-15 14:12:41,Crescent St & 34 Ave,6759,21 St & Queens Plaza North,6471,40.76108,-73.930562,40.75325964,-73.94335788,casual
1225739,FF8C7A961026051F,classic_bike,2021-12-02 08:53:48,2021-12-02 09:00:16,Crescent St & 34 Ave,6759,31 St & Newtown Ave,6923,40.76108,-73.930562,40.7675487799971,-73.9209334552288,member
1225835,A6B613CCCEDBA550,classic_bike,2021-12-14 08:50:20,2021-12-14 08:56:29,Crescent St & 34 Ave,6759,31 St & Newtown Ave,6923,40.76108,-73.930562,40.7675487799971,-73.9209334552288,member
1225836,20BBA11E21A4C40C,classic_bike,2021-12-03 09:58:54,2021-12-03 10:05:02,Crescent St & 34 Ave,6759,31 St & Newtown Ave,6923,40.76108,-73.930562,40.7675487799971,-73.9209334552288,member
1225837,9AA857907B2AA1EB,electric_bike,2021-12-16 08:54:10,2021-12-16 08:59:12,Crescent St & 34 Ave,6759,31 St & Newtown Ave,6923,40.76108,-73.930562,40.7675487799971,-73.9209334552288,member
1225838,968F3B3454D146F9,electric_bike,2021-12-11 13:44:15,2021-12-11 13:49:51,Crescent St & 34 Ave,6759,31 St & Newtown Ave,6923,40.76108,-73.930562,40.7675487799971,-73.9209334552288,member
1225839,F8FAA04D76D5E29F,electric_bike,2021-12-30 08:53:20,2021-12-30 08:58:14,Crescent St & 34 Ave,6759,31 St & Newtown Ave,6923,40.76108,-73.930562,40.7675487799971,-73.9209334552288,casual
1227798,ED20790017CBC1A1,classic_bike,2021-12-22 14:47:39,2021-12-22 14:59:39,Crescent St & 34 Ave,6759,31 St & Newtown Ave,6923,40.76108,-73.930562,40.7675487799971,-73.9209334552288,member
1227800,FFEC9E5F84E22FD5,classic_bike,2021-12-13 10:29:56,2021-12-13 10:38:52,Crescent St & 34 Ave,6759,21 St & Queens Plaza North,6471,40.76108,-73.930562,40.75325964,-73.94335788,member
1227806,56943E34D96E5D30,electric_bike,2021-12-15 06:48:57,2021-12-15 06:55:52,Crescent St & 34 Ave,6759,21 St & Queens Plaza North,6471,40.76108,-73.930562,40.75325964,-73.94335788,member
1227910,6E532AA50559C455,classic_bike,2021-12-08 08:48:32,2021-12-08 08:56:15,Crescent St & 34 Ave,6759,31 St & Newtown Ave,6923,40.76108,-73.930562,40.7675487799971,-73.9209334552288,member
1227911,DD6BCF232FAF2B07,electric_bike,2021-12-01 15:02:13,2021-12-01 15:08:53,Crescent St & 34 Ave,6759,31 St & Newtown Ave,6923,40.76108,-73.930562,40.7675487799971,-73.9209334552288,member
1227912,0079254DA1E560F0,classic_bike,2021-12-01 08:53:09,2021-12-01 08:59:22,Crescent St & 34 Ave,6759,31 St & Newtown Ave,6923,40.76108,-73.930562,40.7675487799971,-73.9209334552288,member
1228626,9D810545F9F94C6D,classic_bike,2021-12-16 18:39:34,2021-12-16 18:47:02,Crescent St & 34 Ave,6759,31 St & Newtown Ave,6923,40.76108,-73.930562,40.7675487799971,-73.9209334552288,member
1228628,65D4191FDA71A8A4,classic_bike,2021-12-06 13:08:12,2021-12-06 13:13:34,Crescent St & 34 Ave,6759,31 St & Newtown Ave,6923,40.76108,-73.930562,40.7675487799971,-73.9209334552288,casual
1228629,91309270CBEB8FE8,electric_bike,2021-12-13 13:58:56,2021-12-13 14:06:54,Crescent St & 34 Ave,6759,21 St & Queens Plaza North,6471,40.76108,-73.930562,40.75325964,-73.94335788,casual
1228632,B49812CE906F77AB,electric_bike,2021-12-14 14:01:32,2021-12-14 14:11:11,Crescent St & 34 Ave,6759,21 St & Queens Plaza North,6471,40.76108,-73.930562,40.75325964,-73.94335788,casual
1243711,ABB98D27B2BE9BFE,electric_bike,2021-12-29 16:30:06,2021-12-29 17:16:23,Crescent St & 34 Ave,6759,Thompson St & Bleecker St,5721,40.76108,-73.930562,40.72840059450829,-73.99968780577183,member
1255885,27375D07105B36CD,electric_bike,2021-12-07 17:03:30,2021-12-07 17:11:06,Crescent St & 34 Ave,6759,Steinway St & Broadway,6711,40.76108,-73.930562,40.75905795418586,-73.91897544264793,member
1255887,0DB2DC385E77F4AD,classic_bike,2021-12-13 12:14:22,2021-12-13 12:26:04,Crescent St & 34 Ave,6759,Steinway St & Broadway,6711,40.76108,-73.930562,40.75905795418586,-73.91897544264793,member
1256166,BE54019ABFC03465,classic_bike,2021-12-10 20:29:52,2021-12-10 20:39:09,Crescent St & 34 Ave,6759,Steinway St & Broadway,6711,40.76108,-73.930562,40.75905795418586,-73.91897544264793,member
1256169,D5624898D3DE2FB9,classic_bike,2021-12-08 12:01:07,2021-12-08 12:08:29,Crescent St & 34 Ave,6759,Steinway St & Broadway,6711,40.76108,-73.930562,40.75905795418586,-73.91897544264793,member
1256175,759EB14934EA0D8A,classic_bike,2021-12-21 19:11:56,2021-12-21 19:19:03,Crescent St & 34 Ave,6759,Steinway St & Broadway,6711,40.76108,-73.930562,40.75905795418586,-73.91897544264793,casual
1257927,72942C29687D5971,electric_bike,2021-12-09 15:19:04,2021-12-09 15:24:28,Crescent St & 34 Ave,6759,Steinway St & Broadway,6711,40.76108,-73.930562,40.75905795418586,-73.91897544264793,member
1257929,88F28D5A14AF242B,electric_bike,2021-12-16 09:46:06,2021-12-16 09:50:28,Crescent St & 34 Ave,6759,Steinway St & Broadway,6711,40.76108,-73.930562,40.75905795418586,-73.91897544264793,member
1258772,BB8D8C7DF6CDDA71,classic_bike,2021-12-29 16:54:36,2021-12-29 17:02:47,Crescent St & 34 Ave,6759,Steinway St & Broadway,6711,40.76108,-73.930562,40.75905795418586,-73.91897544264793,member
1258774,041803193D32BD76,classic_bike,2021-12-02 12:13:13,2021-12-02 12:21:16,Crescent St & 34 Ave,6759,Steinway St & Broadway,6711,40.76108,-73.930562,40.75905795418586,-73.91897544264793,casual
1259447,F78453C7EDBE215F,classic_bike,2021-12-12 13:34:21,2021-12-12 13:41:13,Crescent St & 34 Ave,6759,Steinway St & Broadway,6711,40.76108,-73.930562,40.75905795418586,-73.91897544264793,member
1269852,B329A1BB997414B2,classic_bike,2021-12-30 08:19:06,2021-12-30 08:24:33,Crescent St & 34 Ave,6759,34 Ave & 38 St,6638,40.76108,-73.930562,40.756913,-73.921631,member
1269853,0E57E1E3B712D74C,classic_bike,2021-12-24 12:27:35,2021-12-24 12:32:13,Crescent St & 34 Ave,6759,34 Ave & 38 St,6638,40.76108,-73.930562,40.756913,-73.921631,member
1269854,7B826356A3DCBF1E,classic_bike,2021-12-15 08:01:38,2021-12-15 08:06:10,Crescent St & 34 Ave,6759,34 Ave & 38 St,6638,40.76108,-73.930562,40.756913,-73.921631,member
1269855,AD4FB02678B7D406,electric_bike,2021-12-03 08:10:37,2021-12-03 08:13:41,Crescent St & 34 Ave,6759,34 Ave & 38 St,6638,40.76108,-73.930562,40.756913,-73.921631,member
1269856,ECAC5283C7C609DF,classic_bike,2021-12-06 08:12:08,2021-12-06 08:17:29,Crescent St & 34 Ave,6759,34 Ave & 38 St,6638,40.76108,-73.930562,40.756913,-73.921631,member
1269857,CF302B7A1F525109,classic_bike,2021-12-11 09:46:04,2021-12-11 09:50:26,Crescent St & 34 Ave,6759,34 Ave & 38 St,6638,40.76108,-73.930562,40.756913,-73.921631,member
1269858,2357C15B2A734FD8,classic_bike,2021-12-16 08:02:48,2021-12-16 08:09:08,Crescent St & 34 Ave,6759,34 Ave & 38 St,6638,40.76108,-73.930562,40.756913,-73.921631,member
1270355,06078FD2DC3885DA,electric_bike,2021-12-31 08:29:15,2021-12-31 08:32:45,Crescent St & 34 Ave,6759,34 Ave & 38 St,6638,40.76108,-73.930562,40.756913,-73.921631,member
1270371,ECDA55568034B483,classic_bike,2021-12-20 15:27:45,2021-12-20 15:32:50,Crescent St & 34 Ave,6759,34 Ave & 38 St,6638,40.76108,-73.930562,40.756913,-73.921631,member
1270592,701308B7D6620462,classic_bike,2021-12-12 17:16:41,2021-12-12 17:21:28,Crescent St & 34 Ave,6759,34 Ave & 38 St,6638,40.76108,-73.930562,40.756913,-73.921631,member
1276080,FB222584C4CBBAE1,classic_bike,2021-12-07 20:51:26,2021-12-07 20:55:22,Crescent St & 34 Ave,6759,31 Ave & Crescent St,6893,40.76108,-73.930562,40.7658346,-73.9265474,member
1276084,E3A79B1C12C80B47,electric_bike,2021-12-30 16:10:23,2021-12-30 16:38:19,Crescent St & 34 Ave,6759,W 51 St & Rockefeller Plaza,6700,40.76108,-73.930562,40.75973805251143,-73.97811613976955,member
1276085,7625D95149F26164,electric_bike,2021-12-20 17:27:52,2021-12-20 17:40:03,Crescent St & 34 Ave,6759,31 Ave & Crescent St,6893,40.76108,-73.930562,40.7658346,-73.9265474,member
1276086,281B7D4E99107451,electric_bike,2021-12-21 10:38:04,2021-12-21 10:40:53,Crescent St & 34 Ave,6759,31 Ave & Crescent St,6893,40.76108,-73.930562,40.7658346,-73.9265474,member
1286288,A09D055BB8243092,classic_bike,2021-12-21 16:31:07,2021-12-21 16:38:56,Crescent St & 34 Ave,6759,28 St & 41 Ave,6462,40.76108,-73.930562,40.751047,-73.93797,casual
1286290,0D8D91E5B615606E,electric_bike,2021-12-15 11:41:04,2021-12-15 11:44:58,Crescent St & 34 Ave,6759,28 St & 41 Ave,6462,40.76108,-73.930562,40.751047,-73.93797,member
1286309,BA77CC779152333D,classic_bike,2021-12-26 10:45:48,2021-12-26 11:29:16,Crescent St & 34 Ave,6759,Shore Blvd & Astoria Park,7271,40.76108,-73.930562,40.77977,-73.923162,member
1286311,67837A5391530254,classic_bike,2021-12-28 06:44:43,2021-12-28 06:55:15,Crescent St & 34 Ave,6759,28 St & 41 Ave,6462,40.76108,-73.930562,40.751047,-73.93797,member
1286840,DCD5594B2CCC32C2,classic_bike,2021-12-27 09:47:56,2021-12-27 09:55:35,Crescent St & 34 Ave,6759,28 St & 41 Ave,6462,40.76108,-73.930562,40.751047,-73.93797,casual
1288472,AEE24F81A20F3544,electric_bike,2021-12-11 09:58:51,2021-12-11 10:21:51,Crescent St & 34 Ave,6759,E 40 St & Park Ave,6432,40.76108,-73.930562,40.750756,-73.978326,member
1288473,51F2517FCC6F1E63,classic_bike,2021-12-26 09:34:06,2021-12-26 09:39:39,Crescent St & 34 Ave,6759,28 St & 41 Ave,6462,40.76108,-73.930562,40.751047,-73.93797,member
1288474,9E922D0A3F540EAC,electric_bike,2021-12-02 09:46:17,2021-12-02 09:51:18,Crescent St & 34 Ave,6759,28 St & 41 Ave,6462,40.76108,-73.930562,40.751047,-73.93797,member
1288475,2F1D4E03B7798DCF,classic_bike,2021-12-14 10:07:07,2021-12-14 10:13:53,Crescent St & 34 Ave,6759,28 St & 41 Ave,6462,40.76108,-73.930562,40.751047,-73.93797,member
1288525,CB3767ED1B15C960,electric_bike,2021-12-22 21:10:21,2021-12-22 21:37:44,Crescent St & 34 Ave,6759,E 40 St & Park Ave,6432,40.76108,-73.930562,40.750756,-73.978326,member
1288526,1A1886FCD0F4FD5A,electric_bike,2021-12-31 07:39:15,2021-12-31 07:43:41,Crescent St & 34 Ave,6759,28 St & 41 Ave,6462,40.76108,-73.930562,40.751047,-73.93797,member
1290806,FBE7A9D36CA2B8E4,classic_bike,2021-12-12 11:21:39,2021-12-12 11:26:49,Crescent St & 34 Ave,6759,28 St & 41 Ave,6462,40.76108,-73.930562,40.751047,-73.93797,member
1299277,D565CE1750EE5700,classic_bike,2021-12-06 12:04:14,2021-12-06 12:09:11,Crescent St & 34 Ave,6759,Crescent St & 30 Ave,6958,40.76108,-73.930562,40.768692,-73.9249574,member
1299279,0F04A12DD7939A45,classic_bike,2021-12-30 14:17:22,2021-12-30 14:21:18,Crescent St & 34 Ave,6759,Crescent St & 30 Ave,6958,40.76108,-73.930562,40.768692,-73.9249574,member
1301028,38798DB330A5E8A0,classic_bike,2021-12-14 23:26:55,2021-12-14 23:31:20,Crescent St & 34 Ave,6759,Crescent St & 30 Ave,6958,40.76108,-73.930562,40.768692,-73.9249574,casual
1301030,2991FF59604FC2A2,classic_bike,2021-12-11 20:27:21,2021-12-11 20:31:02,Crescent St & 34 Ave,6759,Crescent St & 30 Ave,6958,40.76108,-73.930562,40.768692,-73.9249574,member
1301041,4A8B068CA5E53F5E,classic_bike,2021-12-13 16:21:57,2021-12-13 16:27:26,Crescent St & 34 Ave,6759,Crescent St & 30 Ave,6958,40.76108,-73.930562,40.768692,-73.9249574,member
1301042,4774953F55459613,classic_bike,2021-12-19 14:14:08,2021-12-19 14:29:25,Crescent St & 34 Ave,6759,45 Ave & 21 St,6319,40.76108,-73.930562,40.74737075646803,-73.94777297973631,member
1302413,FDC897A6DA99C15D,classic_bike,2021-12-20 16:34:31,2021-12-20 16:40:26,Crescent St & 34 Ave,6759,Crescent St & 30 Ave,6958,40.76108,-73.930562,40.768692,-73.9249574,member
1309383,188707706480AD49,electric_bike,2021-12-22 14:29:26,2021-12-22 14:34:37,Crescent St & 34 Ave,6759,Crescent St & 30 Ave,6958,40.76108,-73.930562,40.768692,-73.9249574,member
1309384,6543E78688C9BC15,electric_bike,2021-12-19 10:21:14,2021-12-19 10:25:23,Crescent St & 34 Ave,6759,Crescent St & 30 Ave,6958,40.76108,-73.930562,40.768692,-73.9249574,member
1310101,452DA73A404BA63A,classic_bike,2021-12-05 13:26:46,2021-12-05 13:44:17,Crescent St & 34 Ave,6759,45 Ave & 21 St,6319,40.76108,-73.930562,40.74737075646803,-73.94777297973631,member
1310105,0735E0B11381CA27,classic_bike,2021-12-22 12:45:30,2021-12-22 12:51:11,Crescent St & 34 Ave,6759,Crescent St & 30 Ave,6958,40.76108,-73.930562,40.768692,-73.9249574,member
1310108,E698FC4CC6FCF25A,classic_bike,2021-12-06 13:38:50,2021-12-06 13:43:26,Crescent St & 34 Ave,6759,Crescent St & 30 Ave,6958,40.76108,-73.930562,40.768692,-73.9249574,member
1310111,E0A129BC611940A9,classic_bike,2021-12-28 18:07:12,2021-12-28 18:11:46,Crescent St & 34 Ave,6759,Crescent St & 30 Ave,6958,40.76108,-73.930562,40.768692,-73.9249574,member
1310113,95B06B02F236C05D,classic_bike,2021-12-23 12:26:33,2021-12-23 12:32:13,Crescent St & 34 Ave,6759,Crescent St & 30 Ave,6958,40.76108,-73.930562,40.768692,-73.9249574,casual
1310114,624A05A5E78F35FB,classic_bike,2021-12-19 12:16:25,2021-12-19 12:29:27,Crescent St & 34 Ave,6759,45 Ave & 21 St,6319,40.76108,-73.930562,40.74737075646803,-73.94777297973631,casual
1310590,8C024DF72388A8ED,classic_bike,2021-12-01 12:59:14,2021-12-01 13:03:32,Crescent St & 34 Ave,6759,Crescent St & 30 Ave,6958,40.76108,-73.930562,40.768692,-73.9249574,member
1326132,75E10ACC2B20703B,classic_bike,2021-12-21 16:28:37,2021-12-21 16:37:39,Crescent St & 34 Ave,6759,27 St & Hunter St,6310,40.76108,-73.930562,40.7485,-73.941275,casual
1329155,2A8B7103D1939E31,classic_bike,2021-12-11 17:15:42,2021-12-11 17:27:40,Crescent St & 34 Ave,6759,27 St & Hunter St,6310,40.76108,-73.930562,40.7485,-73.941275,casual
1351893,D464D2E2C005C897,classic_bike,2021-12-12 13:28:30,2021-12-12 13:35:32,Crescent St & 34 Ave,6759,34 St & 35 Ave,6605,40.76108,-73.930562,40.7569332,-73.9262231,member
1371020,C72778D348B4E051,electric_bike,2021-12-17 08:41:13,2021-12-17 08:55:02,Crescent St & 34 Ave,6759,India St & Manhattan Ave,5826,40.76108,-73.930562,40.73232194,-73.9550858,casual
1383486,754F4D83FFBB893F,classic_bike,2021-12-08 12:51:12,2021-12-08 12:52:14,Crescent St & 34 Ave,6759,Crescent St & 35 Ave,6688,40.76108,-73.930562,40.7596276,-73.9321455,casual
1383488,E51A0257B856CBE0,electric_bike,2021-12-01 08:37:13,2021-12-01 08:40:19,Crescent St & 34 Ave,6759,Crescent St & 35 Ave,6688,40.76108,-73.930562,40.7596276,-73.9321455,member
1383489,9C38547C8B185018,electric_bike,2021-12-08 08:34:16,2021-12-08 08:35:29,Crescent St & 34 Ave,6759,Crescent St & 35 Ave,6688,40.76108,-73.930562,40.7596276,-73.9321455,member
1383490,ED82B001A05904E3,classic_bike,2021-12-07 16:10:33,2021-12-07 16:13:07,Crescent St & 34 Ave,6759,Crescent St & 35 Ave,6688,40.76108,-73.930562,40.7596276,-73.9321455,member
1383492,52CF49EC67464C71,electric_bike,2021-12-31 19:39:52,2021-12-31 19:40:57,Crescent St & 34 Ave,6759,Crescent St & 35 Ave,6688,40.76108,-73.930562,40.7596276,-73.9321455,member
1385587,E8D159B428B61CD7,electric_bike,2021-12-26 10:29:02,2021-12-26 10:30:17,Crescent St & 34 Ave,6759,Crescent St & 35 Ave,6688,40.76108,-73.930562,40.7596276,-73.9321455,member
1385595,E9E54A5B82BE255E,electric_bike,2021-12-17 16:59:23,2021-12-17 17:53:24,Crescent St & 34 Ave,6759,Crescent St & 35 Ave,6688,40.76108,-73.930562,40.7596276,-73.9321455,member
1385598,F9D70868D5026572,electric_bike,2021-12-04 16:10:23,2021-12-04 16:13:17,Crescent St & 34 Ave,6759,Crescent St & 35 Ave,6688,40.76108,-73.930562,40.7596276,-73.9321455,member
1385602,661510CAB122AE36,electric_bike,2021-12-09 06:48:39,2021-12-09 06:49:44,Crescent St & 34 Ave,6759,Crescent St & 35 Ave,6688,40.76108,-73.930562,40.7596276,-73.9321455,member
1385607,4A5443FAAF538E88,electric_bike,2021-12-08 12:09:50,2021-12-08 12:10:44,Crescent St & 34 Ave,6759,Crescent St & 35 Ave,6688,40.76108,-73.930562,40.7596276,-73.9321455,member
1385609,DEA462FCC93F4963,classic_bike,2021-12-03 14:22:57,2021-12-03 14:24:47,Crescent St & 34 Ave,6759,Crescent St & 35 Ave,6688,40.76108,-73.930562,40.7596276,-73.9321455,member
1385610,C5884826BC31097A,electric_bike,2021-12-21 19:15:33,2021-12-21 19:16:58,Crescent St & 34 Ave,6759,Crescent St & 35 Ave,6688,40.76108,-73.930562,40.7596276,-73.9321455,member
1385611,05D4B35F89D2BCFA,classic_bike,2021-12-13 08:40:06,2021-12-13 08:41:21,Crescent St & 34 Ave,6759,Crescent St & 35 Ave,6688,40.76108,-73.930562,40.7596276,-73.9321455,member
1385626,9109A0BD9E686A61,classic_bike,2021-12-31 18:09:01,2021-12-31 18:16:20,Crescent St & 34 Ave,6759,Crescent St & 35 Ave,6688,40.76108,-73.930562,40.7596276,-73.9321455,member
1385627,7ABA9DF35FF0DA47,classic_bike,2021-12-17 08:22:01,2021-12-17 08:23:04,Crescent St & 34 Ave,6759,Crescent St & 35 Ave,6688,40.76108,-73.930562,40.7596276,-73.9321455,member
1385628,051DAF5EC5912BC7,classic_bike,2021-12-01 17:23:33,2021-12-01 17:25:02,Crescent St & 34 Ave,6759,Crescent St & 35 Ave,6688,40.76108,-73.930562,40.7596276,-73.9321455,member
1385630,A4D45893FE881272,classic_bike,2021-12-15 13:41:13,2021-12-15 13:43:06,Crescent St & 34 Ave,6759,Crescent St & 35 Ave,6688,40.76108,-73.930562,40.7596276,-73.9321455,member
1385660,568CEE45D1FB4C19,classic_bike,2021-12-28 20:33:44,2021-12-28 20:36:01,Crescent St & 34 Ave,6759,Crescent St & 35 Ave,6688,40.76108,-73.930562,40.7596276,-73.9321455,member
1385663,FB2032AB1E49CCA2,classic_bike,2021-12-16 10:26:58,2021-12-16 10:44:52,Crescent St & 34 Ave,6759,Crescent St & 35 Ave,6688,40.76108,-73.930562,40.7596276,-73.9321455,casual
1385665,2AF41F532E0746C2,electric_bike,2021-12-21 17:08:31,2021-12-21 17:27:08,Crescent St & 34 Ave,6759,Crescent St & 35 Ave,6688,40.76108,-73.930562,40.7596276,-73.9321455,member
1397420,AB2CDB890C1D3C62,classic_bike,2021-12-15 11:52:03,2021-12-15 12:17:29,Crescent St & 34 Ave,6759,E 91 St & 2 Ave,7286,40.76108,-73.930562,40.78115276427916,-73.94963040947914,member
1397437,33A2D03F3F4DA25E,classic_bike,2021-12-29 08:27:09,2021-12-29 08:42:02,Crescent St & 34 Ave,6759,31 St & 23 Ave,7144,40.76108,-73.930562,40.7747878,-73.9125551,member
1422961,7AE941CF2B5B3CA5,electric_bike,2021-12-21 15:12:02,2021-12-21 15:26:57,Crescent St & 34 Ave,6759,E 76 St & Park Ave,7128,40.76108,-73.930562,40.773763,-73.96222088,member
1422965,F169DB654105426C,electric_bike,2021-12-23 15:22:08,2021-12-23 15:27:00,Crescent St & 34 Ave,6759,31 Ave & 34 St,6819,40.76108,-73.930562,40.763154,-73.920827,member
1422972,F5CD9C145FA3881E,classic_bike,2021-12-01 10:50:55,2021-12-01 10:59:04,Crescent St & 34 Ave,6759,31 Ave & 34 St,6819,40.76108,-73.930562,40.763154,-73.920827,casual
1425383,424D66D77AF43EF2,classic_bike,2021-12-28 13:15:12,2021-12-28 13:51:09,Crescent St & 34 Ave,6759,W 63 St & Broadway,7052,40.76108,-73.930562,40.77163851,-73.98261428,member
1439702,9DFC7FA3E87E79F7,electric_bike,2021-12-19 08:53:16,2021-12-19 09:14:10,Crescent St & 34 Ave,6759,1 Ave & E 30 St,6079,40.76108,-73.930562,40.74144387,-73.97536082,member
1439745,4785E18702930A5D,electric_bike,2021-12-02 08:55:00,2021-12-02 09:15:49,Crescent St & 34 Ave,6759,W 44 St & 5 Ave,6551,40.76108,-73.930562,40.75500254,-73.98014437,member
1451108,712B6248040564AE,classic_bike,2021-12-19 12:37:50,2021-12-19 13:23:59,Crescent St & 34 Ave,6759,W 13 St & 5 Ave,5947,40.76108,-73.930562,40.735445,-73.99431,member
1500876,C91B412CB61E7236,classic_bike,2021-12-14 05:08:56,2021-12-14 05:37:53,Crescent St & 34 Ave,6759,Broadway & W 41 St,6560,40.76108,-73.930562,40.75513557,-73.98658032,member
1540839,BC7315CCE0DB6E53,classic_bike,2021-12-30 20:52:38,2021-12-30 20:56:49,Crescent St & 34 Ave,6759,35 Ave & 10 St,6806,40.76108,-73.930562,40.76315481910373,-73.93985509872437,member
1540840,EBAF2439B316F6B5,classic_bike,2021-12-27 15:43:14,2021-12-27 15:46:12,Crescent St & 34 Ave,6759,21 St & 31 Dr,6865,40.76108,-73.930562,40.7659,-73.930819,member
1540841,511252118CAFB265,classic_bike,2021-12-15 23:36:54,2021-12-15 23:42:24,Crescent St & 34 Ave,6759,35 Ave & 10 St,6806,40.76108,-73.930562,40.76315481910373,-73.93985509872437,member
1540842,C4471A49F03C3D32,electric_bike,2021-12-02 23:09:53,2021-12-02 23:16:11,Crescent St & 34 Ave,6759,35 Ave & 10 St,6806,40.76108,-73.930562,40.76315481910373,-73.93985509872437,member
1540843,A9A016A8FE247B59,classic_bike,2021-12-15 14:14:08,2021-12-15 14:20:44,Crescent St & 34 Ave,6759,21 St & 31 Dr,6865,40.76108,-73.930562,40.7659,-73.930819,member
1540844,D16792E306C4322C,electric_bike,2021-12-26 16:09:19,2021-12-26 16:13:55,Crescent St & 34 Ave,6759,35 Ave & 10 St,6806,40.76108,-73.930562,40.76315481910373,-73.93985509872437,member
1540846,F3E009F0C62C0533,classic_bike,2021-12-27 17:10:46,2021-12-27 17:17:15,Crescent St & 34 Ave,6759,35 Ave & 10 St,6806,40.76108,-73.930562,40.76315481910373,-73.93985509872437,member
1540851,162CEF479B8766F3,electric_bike,2021-12-18 17:43:03,2021-12-18 17:48:06,Crescent St & 34 Ave,6759,21 St & 31 Dr,6865,40.76108,-73.930562,40.7659,-73.930819,member
1540852,24E060DD45254D00,electric_bike,2021-12-06 19:04:50,2021-12-06 19:07:36,Crescent St & 34 Ave,6759,21 St & 31 Dr,6865,40.76108,-73.930562,40.7659,-73.930819,member
1540853,DC96D909ADF91428,electric_bike,2021-12-15 16:03:46,2021-12-15 16:06:39,Crescent St & 34 Ave,6759,21 St & 31 Dr,6865,40.76108,-73.930562,40.7659,-73.930819,member
1540855,5BFB1CB9D5CDBD26,classic_bike,2021-12-09 13:40:52,2021-12-09 13:46:27,Crescent St & 34 Ave,6759,21 St & 31 Dr,6865,40.76108,-73.930562,40.7659,-73.930819,member
1540856,7DA9E188226F2CD9,electric_bike,2021-12-16 12:53:28,2021-12-16 12:57:32,Crescent St & 34 Ave,6759,35 Ave & 10 St,6806,40.76108,-73.930562,40.76315481910373,-73.93985509872437,casual
1540863,94AAEFDD0D390573,electric_bike,2021-12-08 15:38:16,2021-12-08 15:41:07,Crescent St & 34 Ave,6759,21 St & 31 Dr,6865,40.76108,-73.930562,40.7659,-73.930819,member
1540864,B566D05076C15911,classic_bike,2021-12-22 23:39:28,2021-12-22 23:45:09,Crescent St & 34 Ave,6759,35 Ave & 10 St,6806,40.76108,-73.930562,40.76315481910373,-73.93985509872437,member
1569667,94CA6CC268076DA5,classic_bike,2021-12-01 18:48:52,2021-12-01 19:07:22,Crescent St & 34 Ave,6759,3 Ave & E 62 St,6762,40.76108,-73.930562,40.76312584,-73.96526895,member
1569681,7888CA37DA233530,electric_bike,2021-12-03 17:01:19,2021-12-03 17:07:07,Crescent St & 34 Ave,6759,31 Ave & 14 St,6966,40.76108,-73.930562,40.7682,-73.9322662,member
1569682,DFB1D6A4F36C5EA0,classic_bike,2021-12-23 12:03:17,2021-12-23 12:27:37,Crescent St & 34 Ave,6759,31 Ave & 14 St,6966,40.76108,-73.930562,40.7682,-73.9322662,member
1572354,4DD8F23EC37EABCB,classic_bike,2021-12-20 18:52:21,2021-12-20 19:13:11,Crescent St & 34 Ave,6759,3 Ave & E 62 St,6762,40.76108,-73.930562,40.76312584,-73.96526895,member
1572355,69A78847E9DE5A49,classic_bike,2021-12-31 14:22:46,2021-12-31 14:59:22,Crescent St & 34 Ave,6759,Southpoint Park,6566,40.76108,-73.930562,40.75370225419114,-73.95865201950072,member
1584164,285DD44014167A75,electric_bike,2021-12-14 13:08:07,2021-12-14 13:24:47,Crescent St & 34 Ave,6759,E 50 St & Park Ave,6659,40.76108,-73.930562,40.757334,-73.974235,member
1596513,36D6A5B7A2569B5E,classic_bike,2021-12-29 15:05:46,2021-12-29 15:21:08,Crescent St & 34 Ave,6759,Vernon Blvd & 47 Rd,6212,40.76108,-73.930562,40.7449067,-73.9534573,member
1596514,7A349623DFAD5EA5,classic_bike,2021-12-31 11:06:26,2021-12-31 11:23:14,Crescent St & 34 Ave,6759,Vernon Blvd & 47 Rd,6212,40.76108,-73.930562,40.7449067,-73.9534573,member
1596896,8C32204C445493D3,electric_bike,2021-12-09 17:58:22,2021-12-09 18:20:24,Crescent St & 34 Ave,6759,8 Ave & W 38 St,6526,40.76108,-73.930562,40.75461,-73.99177,member
1596897,73780305E2C934DD,classic_bike,2021-12-30 12:44:00,2021-12-30 13:01:04,Crescent St & 34 Ave,6759,Center Blvd & 51 Ave,6179,40.76108,-73.930562,40.74336608027021,-73.95960688591003,member
1600334,2329929203EDED5C,classic_bike,2021-12-19 03:20:18,2021-12-19 03:48:32,E 60 St & York Ave,6682,Crescent St & 34 Ave,6759,40.759107,-73.959223,40.76108,-73.930562,member
1600338,DCF442FF0248A75E,classic_bike,2021-12-23 17:08:59,2021-12-23 17:22:25,Jackson Ave & 46 Rd,6203,Crescent St & 34 Ave,6759,40.74524768,-73.94733276,40.76108,-73.930562,member
1600341,F805ABF40E0B3C48,electric_bike,2021-12-06 15:03:06,2021-12-06 15:14:18,Jackson Ave & 46 Rd,6203,Crescent St & 34 Ave,6759,40.74524768,-73.94733276,40.76108,-73.930562,member
1600342,38BD2795C7B2EC07,electric_bike,2021-12-26 15:53:00,2021-12-26 16:03:45,19 St & 24 Ave,7186,Crescent St & 34 Ave,6759,40.7774552,-73.9225403,40.76108,-73.930562,casual
1600368,4150F569188DF1DE,classic_bike,2021-12-01 17:30:51,2021-12-01 17:38:54,28 St & 41 Ave,6462,Crescent St & 34 Ave,6759,40.751047,-73.93797,40.76108,-73.930562,member
1600369,EBF77A3EF84AF52B,electric_bike,2021-12-02 20:11:25,2021-12-02 20:17:49,28 St & 41 Ave,6462,Crescent St & 34 Ave,6759,40.751047,-73.93797,40.76108,-73.930562,member
1600370,D9F06AB635667E3F,electric_bike,2021-12-09 17:52:01,2021-12-09 17:58:32,28 St & 41 Ave,6462,Crescent St & 34 Ave,6759,40.751047,-73.93797,40.76108,-73.930562,member
1600371,F5EEA68F22033EC2,classic_bike,2021-12-15 17:12:03,2021-12-15 17:20:56,28 St & 41 Ave,6462,Crescent St & 34 Ave,6759,40.751047,-73.93797,40.76108,-73.930562,member
1600372,C8E0A450AF3AC685,classic_bike,2021-12-07 17:58:42,2021-12-07 18:06:01,28 St & 41 Ave,6462,Crescent St & 34 Ave,6759,40.751047,-73.93797,40.76108,-73.930562,member
1600393,441B70FCFD2C093B,electric_bike,2021-12-08 11:52:25,2021-12-08 11:58:37,31 Ave & Steinway St,6782,Crescent St & 34 Ave,6759,40.7611488,-73.9170071,40.76108,-73.930562,member
1600396,B840E8DBDDB9F8E6,classic_bike,2021-12-04 20:06:39,2021-12-04 20:13:56,31 St & Astoria Blvd,6989,Crescent St & 34 Ave,6759,40.7699176,-73.9184057,40.76108,-73.930562,member
1600402,BDE138F590D53269,electric_bike,2021-12-10 14:17:00,2021-12-10 14:21:43,31 Ave & Steinway St,6782,Crescent St & 34 Ave,6759,40.7611488,-73.9170071,40.76108,-73.930562,member
1600426,E15D2885684262CE,classic_bike,2021-12-17 09:00:01,2021-12-17 09:21:52,1 Ave & E 39 St,6303,Crescent St & 34 Ave,6759,40.74714,-73.97113,40.76108,-73.930562,member
1600432,E773EA8DD29A84AF,classic_bike,2021-12-15 11:24:20,2021-12-15 11:31:00,28 St & 41 Ave,6462,Crescent St & 34 Ave,6759,40.751047,-73.93797,40.76108,-73.930562,member
1600450,BE6F97A4478BE083,classic_bike,2021-12-20 17:27:26,2021-12-20 17:40:48,21 St & 43 Ave,6395,Crescent St & 34 Ave,6759,40.75052534,-73.94594845,40.76108,-73.930562,member
1600458,B749E85B17129C94,classic_bike,2021-12-07 16:02:53,2021-12-07 16:13:07,Jackson Ave & 46 Rd,6203,Crescent St & 34 Ave,6759,40.74524768,-73.94733276,40.76108,-73.930562,member
1600464,CB5F69E3F9C4A6F6,classic_bike,2021-12-07 20:38:34,2021-12-07 20:42:08,31 Ave & Crescent St,6893,Crescent St & 34 Ave,6759,40.7658346,-73.9265474,40.76108,-73.930562,member
1600468,BBAA774234CE7D02,classic_bike,2021-12-19 10:50:48,2021-12-19 11:02:11,31 Ave & Crescent St,6893,Crescent St & 34 Ave,6759,40.7658346,-73.9265474,40.76108,-73.930562,casual
1600480,7C696AE57318644F,classic_bike,2021-12-06 16:35:41,2021-12-06 16:40:00,31 St & Broadway,6789,Crescent St & 34 Ave,6759,40.761584,-73.925921,40.76108,-73.930562,member
1600493,1C0A3680EBF0DAA3,classic_bike,2021-12-17 15:09:21,2021-12-17 15:33:20,Huron St & Franklin St,5869,Crescent St & 34 Ave,6759,40.73266,-73.95826,40.76108,-73.930562,member
1600495,DD9DA3E1EF6E672E,classic_bike,2021-12-12 19:53:57,2021-12-12 20:01:33,Queens Plaza North & Crescent St,6429,Crescent St & 34 Ave,6759,40.75110165,-73.94073717,40.76108,-73.930562,member
1600497,29EE0269C75B0EDA,electric_bike,2021-12-09 15:10:37,2021-12-09 15:13:30,31 St & Broadway,6789,Crescent St & 34 Ave,6759,40.761584,-73.925921,40.76108,-73.930562,member
1600498,2FD1EBFF8E84F4E1,classic_bike,2021-12-13 16:43:48,2021-12-13 16:47:01,31 St & Broadway,6789,Crescent St & 34 Ave,6759,40.761584,-73.925921,40.76108,-73.930562,member
1600499,0EBA0F5C9AEA1EB0,classic_bike,2021-12-17 14:53:23,2021-12-17 14:58:55,Queens Plaza North & Crescent St,6429,Crescent St & 34 Ave,6759,40.75110165,-73.94073717,40.76108,-73.930562,member
1600500,18DF917840F874E1,electric_bike,2021-12-23 21:26:56,2021-12-23 21:32:35,Queens Plaza North & Crescent St,6429,Crescent St & 34 Ave,6759,40.75110165,-73.94073717,40.76108,-73.930562,member
1600501,517E4537A04D64CF,classic_bike,2021-12-23 00:14:37,2021-12-23 00:28:04,9 St & 44 Rd,6361,Crescent St & 34 Ave,6759,40.74966,-73.9521,40.76108,-73.930562,member
1600502,88AAEC4D26CAA3D4,classic_bike,2021-12-26 10:37:15,2021-12-26 10:44:33,31 St & Broadway,6789,Crescent St & 34 Ave,6759,40.761584,-73.925921,40.76108,-73.930562,member
1600504,141708D4E5D7A0B4,electric_bike,2021-12-08 17:08:32,2021-12-08 17:19:12,9 St & 44 Rd,6361,Crescent St & 34 Ave,6759,40.74966,-73.9521,40.76108,-73.930562,casual
1600506,9904C624BCE77FE8,classic_bike,2021-12-09 05:40:23,2021-12-09 06:18:30,Bulova Ave & Brooklyn Queens Expressway W,6766,Crescent St & 34 Ave,6759,40.762507,-73.902534,40.76108,-73.930562,member
1600507,D27835F12E955CE9,classic_bike,2021-12-25 13:53:46,2021-12-25 13:59:07,Queens Plaza North & Crescent St,6429,Crescent St & 34 Ave,6759,40.75110165,-73.94073717,40.76108,-73.930562,member
1600508,B841988F83A7F063,classic_bike,2021-12-18 15:24:49,2021-12-18 15:30:13,Queens Plaza North & Crescent St,6429,Crescent St & 34 Ave,6759,40.75110165,-73.94073717,40.76108,-73.930562,member
1600509,854E40137885BD12,classic_bike,2021-12-06 14:01:04,2021-12-06 14:06:31,Queens Plaza North & Crescent St,6429,Crescent St & 34 Ave,6759,40.75110165,-73.94073717,40.76108,-73.930562,member
1600510,82B83A034E97CA1E,classic_bike,2021-12-01 17:16:37,2021-12-01 17:19:39,31 St & Broadway,6789,Crescent St & 34 Ave,6759,40.761584,-73.925921,40.76108,-73.930562,member
1600513,18D8B32F564E2AC9,classic_bike,2021-12-12 09:45:41,2021-12-12 09:54:25,31 St & Broadway,6789,Crescent St & 34 Ave,6759,40.761584,-73.925921,40.76108,-73.930562,member
1600514,8B5641B661361976,classic_bike,2021-12-03 14:27:12,2021-12-03 14:33:03,Queens Plaza North & Crescent St,6429,Crescent St & 34 Ave,6759,40.75110165,-73.94073717,40.76108,-73.930562,member
1600517,7A44AF1A0CD82B4E,classic_bike,2021-12-16 18:31:27,2021-12-16 18:38:57,Queens Plaza North & Crescent St,6429,Crescent St & 34 Ave,6759,40.75110165,-73.94073717,40.76108,-73.930562,member
1600518,D37776176C92D282,classic_bike,2021-12-02 20:51:26,2021-12-02 20:53:50,31 St & Broadway,6789,Crescent St & 34 Ave,6759,40.761584,-73.925921,40.76108,-73.930562,member
1600519,15DA8E434A18FA55,electric_bike,2021-12-20 15:34:13,2021-12-20 15:36:14,31 St & Broadway,6789,Crescent St & 34 Ave,6759,40.761584,-73.925921,40.76108,-73.930562,member
1600521,0408AB9A7B38DAFE,classic_bike,2021-12-23 16:50:05,2021-12-23 16:53:27,31 St & Broadway,6789,Crescent St & 34 Ave,6759,40.761584,-73.925921,40.76108,-73.930562,member
1600523,1C9A2C3303145CAE,classic_bike,2021-12-21 14:32:52,2021-12-21 14:36:13,31 St & Broadway,6789,Crescent St & 34 Ave,6759,40.761584,-73.925921,40.76108,-73.930562,member
1600524,A51900D7FCE9CB47,classic_bike,2021-12-12 13:28:00,2021-12-12 13:33:55,Queens Plaza North & Crescent St,6429,Crescent St & 34 Ave,6759,40.75110165,-73.94073717,40.76108,-73.930562,member
1600525,197F4A67E2C976C9,classic_bike,2021-12-14 11:13:08,2021-12-14 11:30:12,31 St & Broadway,6789,Crescent St & 34 Ave,6759,40.761584,-73.925921,40.76108,-73.930562,member
1600526,1CC43F5C4BD8043A,classic_bike,2021-12-26 22:12:48,2021-12-26 22:19:46,Queens Plaza North & Crescent St,6429,Crescent St & 34 Ave,6759,40.75110165,-73.94073717,40.76108,-73.930562,member
1600528,F96A95CAE92AD4BE,classic_bike,2021-12-21 00:35:54,2021-12-21 00:43:40,Queens Plaza North & Crescent St,6429,Crescent St & 34 Ave,6759,40.75110165,-73.94073717,40.76108,-73.930562,casual
1600531,36E11631242A80A6,electric_bike,2021-12-01 07:29:53,2021-12-01 07:37:09,Queens Plaza North & Crescent St,6429,Crescent St & 34 Ave,6759,40.75110165,-73.94073717,40.76108,-73.930562,member
1600533,434EFE422DF61EDB,electric_bike,2021-12-06 17:50:16,2021-12-06 17:51:58,31 St & Broadway,6789,Crescent St & 34 Ave,6759,40.761584,-73.925921,40.76108,-73.930562,member
1600535,594E1AEC9399F829,electric_bike,2021-12-05 18:40:25,2021-12-05 18:43:02,31 St & Broadway,6789,Crescent St & 34 Ave,6759,40.761584,-73.925921,40.76108,-73.930562,member
1600549,AADCBA2B3B67CC71,electric_bike,2021-12-13 19:56:50,2021-12-13 19:59:46,31 St & Broadway,6789,Crescent St & 34 Ave,6759,40.761584,-73.925921,40.76108,-73.930562,member
1600550,EF7E4A8420ED8F74,electric_bike,2021-12-19 10:42:13,2021-12-19 10:48:05,Queens Plaza North & Crescent St,6429,Crescent St & 34 Ave,6759,40.75110165,-73.94073717,40.76108,-73.930562,member
1600551,DB2B83153BEF7DAB,classic_bike,2021-12-08 14:29:00,2021-12-08 14:31:41,31 St & Broadway,6789,Crescent St & 34 Ave,6759,40.761584,-73.925921,40.76108,-73.930562,member
1600553,70532B9CE1F4F6D7,classic_bike,2021-12-06 17:51:43,2021-12-06 17:53:43,31 St & Broadway,6789,Crescent St & 34 Ave,6759,40.761584,-73.925921,40.76108,-73.930562,member
1600556,EE9918D6138646AC,classic_bike,2021-12-05 11:43:24,2021-12-05 11:58:03,31 St & Broadway,6789,Crescent St & 34 Ave,6759,40.761584,-73.925921,40.76108,-73.930562,member
1600558,73AF3FDCB4188094,classic_bike,2021-12-02 20:40:56,2021-12-02 20:44:17,31 St & Broadway,6789,Crescent St & 34 Ave,6759,40.761584,-73.925921,40.76108,-73.930562,member
1600559,78B028B12374DC7F,electric_bike,2021-12-02 15:30:03,2021-12-02 15:39:36,9 St & 44 Rd,6361,Crescent St & 34 Ave,6759,40.74966,-73.9521,40.76108,-73.930562,casual
1600560,DAC2842284CB52D0,classic_bike,2021-12-24 16:41:37,2021-12-24 17:08:38,31 St & Broadway,6789,Crescent St & 34 Ave,6759,40.761584,-73.925921,40.76108,-73.930562,casual
1600562,8A32FB562AF5C815,electric_bike,2021-12-21 13:41:21,2021-12-21 13:47:25,Steinway St & 28 Ave,6915,Crescent St & 34 Ave,6759,40.7656251,-73.9136695,40.76108,-73.930562,member
1600563,5F7A1CFE939C185D,electric_bike,2021-12-20 13:07:34,2021-12-20 13:13:28,Steinway St & 28 Ave,6915,Crescent St & 34 Ave,6759,40.7656251,-73.9136695,40.76108,-73.930562,member
1600566,F2C951E820FC5378,electric_bike,2021-12-18 17:30:17,2021-12-18 17:33:35,21 St & 36 Ave,6729,Crescent St & 34 Ave,6759,40.7601853,-73.9362726,40.76108,-73.930562,member
1600590,EC700EBA8CE755C1,electric_bike,2021-12-30 20:33:05,2021-12-30 20:36:05,21 St & 36 Ave,6729,Crescent St & 34 Ave,6759,40.7601853,-73.9362726,40.76108,-73.930562,casual
1600595,EDA7A0C927AB3686,electric_bike,2021-12-15 11:25:01,2021-12-15 11:32:24,Steinway St & 28 Ave,6915,Crescent St & 34 Ave,6759,40.7656251,-73.9136695,40.76108,-73.930562,member
1600596,9D3F18A057476411,electric_bike,2021-12-09 18:10:14,2021-12-09 18:41:32,Grand St & Elizabeth St,5382,Crescent St & 34 Ave,6759,40.718822,-73.99596,40.76108,-73.930562,member
1600658,301326907280F937,classic_bike,2021-12-30 17:03:07,2021-12-30 17:06:10,34 Ave & 13 St,6836,Crescent St & 34 Ave,6759,40.7638753,-73.9364848,40.76108,-73.930562,member
1600660,845EB3EF69DE3B9F,electric_bike,2021-12-05 18:35:21,2021-12-05 18:37:30,34 Ave & 13 St,6836,Crescent St & 34 Ave,6759,40.7638753,-73.9364848,40.76108,-73.930562,member
1600661,07986CB5FB681231,classic_bike,2021-12-05 15:39:12,2021-12-05 15:43:56,40 Ave & Crescent St,6462,Crescent St & 34 Ave,6759,40.7535992020056,-73.93795609474182,40.76108,-73.930562,member
1600662,B73C10CA6CB67D7F,classic_bike,2021-12-11 18:06:35,2021-12-11 18:13:08,40 Ave & Crescent St,6462,Crescent St & 34 Ave,6759,40.7535992020056,-73.93795609474182,40.76108,-73.930562,member
1600667,91165B247186E464,classic_bike,2021-12-14 13:28:03,2021-12-14 13:34:38,34 Ave & 38 St,6638,Crescent St & 34 Ave,6759,40.756913,-73.921631,40.76108,-73.930562,member
1600668,7B6196F7B371F49C,electric_bike,2021-12-26 15:46:11,2021-12-26 15:51:33,34 Ave & 38 St,6638,Crescent St & 34 Ave,6759,40.756913,-73.921631,40.76108,-73.930562,member
1600678,17263E61FFE872EC,classic_bike,2021-12-24 09:08:27,2021-12-24 09:13:27,35 St & Broadway,6750,Crescent St & 34 Ave,6759,40.760339,-73.9222427,40.76108,-73.930562,member
1600696,D1257B2486F75CB2,electric_bike,2021-12-04 15:45:48,2021-12-04 15:50:16,34 Ave & 38 St,6638,Crescent St & 34 Ave,6759,40.756913,-73.921631,40.76108,-73.930562,member
1600703,AACDC3866E750D0D,classic_bike,2021-12-20 08:22:03,2021-12-20 08:26:38,35 St & Broadway,6750,Crescent St & 34 Ave,6759,40.760339,-73.9222427,40.76108,-73.930562,member
1600704,60C0620E6A27BB1A,classic_bike,2021-12-29 20:07:23,2021-12-29 20:11:11,35 St & Broadway,6750,Crescent St & 34 Ave,6759,40.760339,-73.9222427,40.76108,-73.930562,member
1600714,EB56A894D4B43B50,classic_bike,2021-12-03 14:00:33,2021-12-03 14:26:30,Vernon Blvd & 47 Rd,6212,Crescent St & 34 Ave,6759,40.7449067,-73.9534573,40.76108,-73.930562,member
1600764,D985D41033086B29,electric_bike,2021-12-19 08:37:20,2021-12-19 08:52:32,Ditmars Blvd & 73 St,6964,Crescent St & 34 Ave,6759,40.76817,-73.896293,40.76108,-73.930562,member
1600766,24EE1E9BEBFD4163,electric_bike,2021-12-09 00:14:18,2021-12-09 00:23:41,31 St & Ditmars Blvd,7144,Crescent St & 34 Ave,6759,40.776168,-73.910485,40.76108,-73.930562,casual
1600768,9CC559FAE87AD173,electric_bike,2021-12-28 13:44:50,2021-12-28 13:57:58,Ditmars Blvd & 73 St,6964,Crescent St & 34 Ave,6759,40.76817,-73.896293,40.76108,-73.930562,member
1600769,3885BD459FAEF567,electric_bike,2021-12-06 00:28:21,2021-12-06 00:35:40,31 St & Ditmars Blvd,7144,Crescent St & 34 Ave,6759,40.776168,-73.910485,40.76108,-73.930562,casual
1600776,3DBB8719E286E3E3,electric_bike,2021-12-03 00:03:57,2021-12-03 00:09:43,21 St & Hoyt Ave S,7126,Crescent St & 34 Ave,6759,40.774645,-73.923706,40.76108,-73.930562,casual
1600777,FC3625A5AB51AF42,classic_bike,2021-12-03 13:50:12,2021-12-03 14:02:42,Crescent St & 34 Ave,6759,Crescent St & 34 Ave,6759,40.76108,-73.930562,40.76108,-73.930562,casual
1600799,EA088751D67FBC39,classic_bike,2021-12-09 20:58:36,2021-12-09 21:03:55,Crescent St & 34 Ave,6759,Crescent St & 34 Ave,6759,40.76108,-73.930562,40.76108,-73.930562,member
1600800,570CF2D0B66CB69A,electric_bike,2021-12-15 17:00:42,2021-12-15 18:43:41,Crescent St & 34 Ave,6759,Crescent St & 34 Ave,6759,40.76108,-73.930562,40.76108,-73.930562,member
1600802,C53580CB4103294F,electric_bike,2021-12-16 09:43:06,2021-12-16 09:43:57,Crescent St & 34 Ave,6759,Crescent St & 34 Ave,6759,40.76108,-73.930562,40.76108,-73.930562,member
1600805,594191DB22DFDF72,classic_bike,2021-12-02 14:02:58,2021-12-02 14:04:00,Crescent St & 34 Ave,6759,Crescent St & 34 Ave,6759,40.76108,-73.930562,40.76108,-73.930562,member
1600809,7B9CBC5FBDD7F6E7,classic_bike,2021-12-15 18:17:56,2021-12-15 18:27:10,21 St & Hoyt Ave S,7126,Crescent St & 34 Ave,6759,40.774645,-73.923706,40.76108,-73.930562,member
1600820,1CF24949D732FFF4,classic_bike,2021-12-17 15:53:54,2021-12-17 15:53:56,Crescent St & 34 Ave,6759,Crescent St & 34 Ave,6759,40.76108,-73.930562,40.76108,-73.930562,member
1600824,B1ACE4D2919D1B9F,classic_bike,2021-12-03 13:14:47,2021-12-03 13:28:41,21 St & Hoyt Ave S,7126,Crescent St & 34 Ave,6759,40.774645,-73.923706,40.76108,-73.930562,casual
1600825,CE3CC58E4131F5CB,classic_bike,2021-12-03 11:42:56,2021-12-03 11:59:16,Crescent St & 34 Ave,6759,21 St & Hoyt Ave S,7126,40.76108,-73.930562,40.774645,-73.923706,casual
1600836,70765F9FBEB1DD6F,classic_bike,2021-12-01 12:58:47,2021-12-01 12:58:50,Crescent St & 34 Ave,6759,Crescent St & 34 Ave,6759,40.76108,-73.930562,40.76108,-73.930562,member
1600854,56FB70476461968F,classic_bike,2021-12-13 10:57:13,2021-12-13 10:58:14,Crescent St & 34 Ave,6759,Crescent St & 34 Ave,6759,40.76108,-73.930562,40.76108,-73.930562,member
1600876,D369E97DE33288EF,electric_bike,2021-12-24 21:26:30,2021-12-24 21:27:39,Crescent St & 34 Ave,6759,Crescent St & 34 Ave,6759,40.76108,-73.930562,40.76108,-73.930562,member
1600877,670ACDEAD93C38EC,classic_bike,2021-12-15 08:33:50,2021-12-15 08:41:26,21 St & Hoyt Ave S,7126,Crescent St & 34 Ave,6759,40.774645,-73.923706,40.76108,-73.930562,member
1600879,903430DBEF0472A9,electric_bike,2021-12-20 07:20:26,2021-12-20 07:20:59,Crescent St & 34 Ave,6759,Crescent St & 34 Ave,6759,40.76108,-73.930562,40.76108,-73.930562,member
1600882,CD5A7993F2CDC1CF,classic_bike,2021-12-13 12:11:11,2021-12-13 12:13:10,Crescent St & 34 Ave,6759,Crescent St & 34 Ave,6759,40.76108,-73.930562,40.76108,-73.930562,member
1600894,EDD6150C131C9242,electric_bike,2021-12-23 14:24:52,2021-12-23 14:25:54,Crescent St & 34 Ave,6759,Crescent St & 34 Ave,6759,40.76108,-73.930562,40.76108,-73.930562,member
1600937,6BBAB3EB8BE6658E,classic_bike,2021-12-04 11:09:31,2021-12-04 11:18:33,Crescent St & 34 Ave,6759,Crescent St & 34 Ave,6759,40.76108,-73.930562,40.76108,-73.930562,member
1600995,A2C80D14924C76CA,electric_bike,2021-12-22 17:57:48,2021-12-22 17:59:18,34 Ave & 21 St,6798,Crescent St & 34 Ave,6759,40.7628138,-73.9342862,40.76108,-73.930562,member
1601004,E89244A8656F4989,electric_bike,2021-12-24 20:03:38,2021-12-24 20:19:36,Central Park West & W 68 St,7079,Crescent St & 34 Ave,6759,40.7734066,-73.97782542,40.76108,-73.930562,member
1601009,FF0CAFB51DFA38C9,electric_bike,2021-12-19 22:05:12,2021-12-19 22:24:53,W 67 St & Broadway,7116,Crescent St & 34 Ave,6759,40.77492513,-73.98266566,40.76108,-73.930562,member
1601010,DB3ACB77A8EB50E1,electric_bike,2021-12-14 22:09:01,2021-12-14 22:28:33,W 67 St & Broadway,7116,Crescent St & 34 Ave,6759,40.77492513,-73.98266566,40.76108,-73.930562,member
1601018,A1FC58073103341B,electric_bike,2021-12-07 22:09:58,2021-12-07 22:29:33,W 67 St & Broadway,7116,Crescent St & 34 Ave,6759,40.77492513,-73.98266566,40.76108,-73.930562,member
1601032,3FD1EA12BDC46AE0,electric_bike,2021-12-01 22:11:53,2021-12-01 22:32:07,W 67 St & Broadway,7116,Crescent St & 34 Ave,6759,40.77492513,-73.98266566,40.76108,-73.930562,member
1601052,79197455F5065885,classic_bike,2021-12-02 00:11:57,2021-12-02 00:28:20,Vernon Blvd & 47 Rd,6212,Crescent St & 34 Ave,6759,40.7449067,-73.9534573,40.76108,-73.930562,member
1601053,D2489180D992F60A,classic_bike,2021-12-21 10:26:14,2021-12-21 10:39:50,Vernon Blvd & 47 Rd,6212,Crescent St & 34 Ave,6759,40.7449067,-73.9534573,40.76108,-73.930562,member
1601072,2E635644D922CB47,electric_bike,2021-12-05 14:51:47,2021-12-05 15:08:28,Central Park S & 6 Ave,6876,Crescent St & 34 Ave,6759,40.76590936,-73.97634151,40.76108,-73.930562,member
1601080,5A11306EE72C4F11,classic_bike,2021-12-06 15:05:47,2021-12-06 15:09:51,35 St & Broadway,6750,Crescent St & 34 Ave,6759,40.760339,-73.9222427,40.76108,-73.930562,casual
1601084,70593F8D42702C36,classic_bike,2021-12-13 11:39:25,2021-12-13 11:42:56,35 St & Broadway,6750,Crescent St & 34 Ave,6759,40.760339,-73.9222427,40.76108,-73.930562,casual
1601094,280F22074FC200D5,classic_bike,2021-12-05 12:25:32,2021-12-05 12:30:57,Steinway St & Broadway,6711,Crescent St & 34 Ave,6759,40.75905795418586,-73.91897544264793,40.76108,-73.930562,member
1601095,3FFCF8B6CEACDD27,classic_bike,2021-12-23 11:06:15,2021-12-23 11:16:18,Steinway St & Broadway,6711,Crescent St & 34 Ave,6759,40.75905795418586,-73.91897544264793,40.76108,-73.930562,member
1601099,FFF4E53E0286A429,classic_bike,2021-12-16 00:32:56,2021-12-16 00:38:24,35 St & 34 Ave,6679,Crescent St & 34 Ave,6759,40.7580583,-73.9242751,40.76108,-73.930562,member
1601103,3080B94BA5098AB4,classic_bike,2021-12-29 13:20:51,2021-12-29 14:02:03,Metropolitan Ave & Bedford Ave,5308,Crescent St & 34 Ave,6759,40.71534825,-73.96024116,40.76108,-73.930562,casual
1601106,3B2500068A064C92,classic_bike,2021-12-16 00:33:46,2021-12-16 00:38:27,35 St & 34 Ave,6679,Crescent St & 34 Ave,6759,40.7580583,-73.9242751,40.76108,-73.930562,member
1601107,46D6E088BAA0349E,classic_bike,2021-12-22 21:04:36,2021-12-22 21:08:45,35 St & 34 Ave,6679,Crescent St & 34 Ave,6759,40.7580583,-73.9242751,40.76108,-73.930562,member
1601118,0BCFFDA6CD79A7D6,classic_bike,2021-12-23 08:34:30,2021-12-23 08:38:40,Crescent St & 30 Ave,6958,Crescent St & 34 Ave,6759,40.768692,-73.9249574,40.76108,-73.930562,member
1601123,26A6DFD3DADCE316,classic_bike,2021-12-07 20:19:40,2021-12-07 20:29:55,45 Ave & 21 St,6319,Crescent St & 34 Ave,6759,40.74737075646803,-73.94777297973631,40.76108,-73.930562,member
1601132,691F47FD4057ECA5,classic_bike,2021-12-01 13:56:39,2021-12-01 14:01:00,Crescent St & 30 Ave,6958,Crescent St & 34 Ave,6759,40.768692,-73.9249574,40.76108,-73.930562,member
1601191,09A04A4DE1404731,classic_bike,2021-12-24 13:47:38,2021-12-24 13:53:10,28 St & 41 Ave,6462,Crescent St & 34 Ave,6759,40.751047,-73.93797,40.76108,-73.930562,member
1601198,265BD55EF63E1F76,classic_bike,2021-12-05 14:33:28,2021-12-05 14:43:28,48 St & 37 Ave,6435,Crescent St & 34 Ave,6759,40.751555,-73.915026,40.76108,-73.930562,casual
1601207,8BD505A6FE22A19D,classic_bike,2021-12-14 18:04:36,2021-12-14 18:15:48,31 Ave & Steinway St,6782,Crescent St & 34 Ave,6759,40.7611488,-73.9170071,40.76108,-73.930562,member
1601211,81C356A50F8D323E,electric_bike,2021-12-24 19:50:37,2021-12-24 20:22:39,E 88 St & 1 Ave,7235,Crescent St & 34 Ave,6759,40.778301,-73.9488134,40.76108,-73.930562,casual
1601232,4183D275C3F83F11,electric_bike,2021-12-23 12:48:59,2021-12-23 12:56:14,31 Ave & Steinway St,6782,Crescent St & 34 Ave,6759,40.7611488,-73.9170071,40.76108,-73.930562,casual
1601233,E01C40F1615CC6BE,classic_bike,2021-12-09 00:33:47,2021-12-09 00:40:01,31 St & Astoria Blvd,6989,Crescent St & 34 Ave,6759,40.7699176,-73.9184057,40.76108,-73.930562,member
1601243,4BE12DEA7E739DFD,classic_bike,2021-12-16 15:04:02,2021-12-16 15:28:02,31 St & Astoria Blvd,6989,Crescent St & 34 Ave,6759,40.7699176,-73.9184057,40.76108,-73.930562,member
1601245,2C087859EE458E9B,classic_bike,2021-12-08 19:15:42,2021-12-08 19:22:45,31 St & Astoria Blvd,6989,Crescent St & 34 Ave,6759,40.7699176,-73.9184057,40.76108,-73.930562,member
1601248,01EB26B69E86B698,classic_bike,2021-12-28 14:46:48,2021-12-28 14:54:35,31 St & Astoria Blvd,6989,Crescent St & 34 Ave,6759,40.7699176,-73.9184057,40.76108,-73.930562,member
1601251,0F6B74A5B3FFC168,classic_bike,2021-12-13 10:06:27,2021-12-13 10:18:32,31 St & Astoria Blvd,6989,Crescent St & 34 Ave,6759,40.7699176,-73.9184057,40.76108,-73.930562,member
1601253,CB50CCBBA2616723,electric_bike,2021-12-17 08:14:03,2021-12-17 08:20:54,31 Ave & Steinway St,6782,Crescent St & 34 Ave,6759,40.7611488,-73.9170071,40.76108,-73.930562,member
1601260,1CC1724E3B1B7919,classic_bike,2021-12-15 13:43:27,2021-12-15 13:54:55,31 Ave & Steinway St,6782,Crescent St & 34 Ave,6759,40.7611488,-73.9170071,40.76108,-73.930562,member
1601261,783E5189A3E9E06F,electric_bike,2021-12-05 12:32:45,2021-12-05 12:37:54,31 St & Astoria Blvd,6989,Crescent St & 34 Ave,6759,40.7699176,-73.9184057,40.76108,-73.930562,member
1601262,A4074A0A4E88C5FE,classic_bike,2021-12-17 20:16:10,2021-12-17 20:25:03,31 Ave & Steinway St,6782,Crescent St & 34 Ave,6759,40.7611488,-73.9170071,40.76108,-73.930562,casual
1601305,992B0A958C2523F7,classic_bike,2021-12-17 22:28:29,2021-12-17 22:33:31,Crescent St & 30 Ave,6958,Crescent St & 34 Ave,6759,40.768692,-73.9249574,40.76108,-73.930562,member
1601312,208A8B059044F119,classic_bike,2021-12-07 19:05:45,2021-12-07 19:09:16,34 Ave & 31 St,6720,Crescent St & 34 Ave,6759,40.759604471387945,-73.92714411020279,40.76108,-73.930562,member
1601321,42ADBC61172E5F6C,classic_bike,2021-12-01 08:34:13,2021-12-01 08:38:39,Crescent St & 30 Ave,6958,Crescent St & 34 Ave,6759,40.768692,-73.9249574,40.76108,-73.930562,member
1601322,5025C3E0A13DB565,classic_bike,2021-12-12 18:18:39,2021-12-12 18:20:33,34 Ave & 31 St,6720,Crescent St & 34 Ave,6759,40.759604471387945,-73.92714411020279,40.76108,-73.930562,member
1601339,54B538A934A60BAC,classic_bike,2021-12-09 09:05:07,2021-12-09 09:10:18,Crescent St & 30 Ave,6958,Crescent St & 34 Ave,6759,40.768692,-73.9249574,40.76108,-73.930562,member
1601358,C748FD158E8FD577,classic_bike,2021-12-18 22:27:05,2021-12-18 22:45:34,1 Ave & E 68 St,6822,Crescent St & 34 Ave,6759,40.76500525,-73.95818491,40.76108,-73.930562,casual
1601361,C9B9AF71737B3026,classic_bike,2021-12-28 12:12:13,2021-12-28 12:23:52,18 St & 27 Ave,7062,Crescent St & 34 Ave,6759,40.772768286288304,-73.92743647098541,40.76108,-73.930562,member
1601387,925BE048FA3D6C4E,electric_bike,2021-12-23 18:19:49,2021-12-23 18:31:29,E 58 St & 1 Ave (NW Corner),6723,Crescent St & 34 Ave,6759,40.759125,-73.962658,40.76108,-73.930562,member
1601422,C94242663D071D04,classic_bike,2021-12-23 21:41:00,2021-12-23 21:44:31,35 St & 34 Ave,6679,Crescent St & 34 Ave,6759,40.7580583,-73.9242751,40.76108,-73.930562,member
1601423,C4D335CB66316C23,classic_bike,2021-12-09 21:45:41,2021-12-09 21:50:35,35 St & 34 Ave,6679,Crescent St & 34 Ave,6759,40.7580583,-73.9242751,40.76108,-73.930562,member
1601434,A380E1ED752DE688,classic_bike,2021-12-12 14:25:59,2021-12-12 14:58:31,W 37 St & 5 Ave,6398,Crescent St & 34 Ave,6759,40.75038009,-73.98338988,40.76108,-73.930562,member
1601435,009B58CA555007FC,classic_bike,2021-12-12 16:04:48,2021-12-12 16:17:15,Steinway St & 28 Ave,6915,Crescent St & 34 Ave,6759,40.7656251,-73.9136695,40.76108,-73.930562,member
1601438,7FD84FC8C4BD2392,electric_bike,2021-12-08 18:24:02,2021-12-08 18:40:55,21 St & 36 Ave,6729,Crescent St & 34 Ave,6759,40.7601853,-73.9362726,40.76108,-73.930562,member
1601440,62A5D22BD9C24FC7,classic_bike,2021-12-28 15:52:11,2021-12-28 15:55:05,21 St & 36 Ave,6729,Crescent St & 34 Ave,6759,40.7601853,-73.9362726,40.76108,-73.930562,member
1601441,A65C5737AADFD2D2,classic_bike,2021-12-04 12:37:04,2021-12-04 12:40:25,21 St & 36 Ave,6729,Crescent St & 34 Ave,6759,40.7601853,-73.9362726,40.76108,-73.930562,member
1601447,96364293AB3B16BA,electric_bike,2021-12-09 12:46:51,2021-12-09 12:54:43,Steinway St & 28 Ave,6915,Crescent St & 34 Ave,6759,40.7656251,-73.9136695,40.76108,-73.930562,member
1601448,B137A5D78316BF0B,electric_bike,2021-12-22 12:20:43,2021-12-22 12:27:45,Steinway St & 28 Ave,6915,Crescent St & 34 Ave,6759,40.7656251,-73.9136695,40.76108,-73.930562,member
1601449,DE23B1C016924007,classic_bike,2021-12-26 14:30:31,2021-12-26 14:41:50,Steinway St & 28 Ave,6915,Crescent St & 34 Ave,6759,40.7656251,-73.9136695,40.76108,-73.930562,member
1601450,ABC955F2BCE01A2F,electric_bike,2021-12-17 21:57:45,2021-12-17 22:11:49,Steinway St & 28 Ave,6915,Crescent St & 34 Ave,6759,40.7656251,-73.9136695,40.76108,-73.930562,member
1601452,3815688FBEE071B7,classic_bike,2021-12-27 08:47:45,2021-12-27 08:50:46,21 St & 36 Ave,6729,Crescent St & 34 Ave,6759,40.7601853,-73.9362726,40.76108,-73.930562,member
1601454,E8EA8E13E4BD940D,electric_bike,2021-12-09 13:50:54,2021-12-09 13:56:12,21 St & 36 Ave,6729,Crescent St & 34 Ave,6759,40.7601853,-73.9362726,40.76108,-73.930562,member
1601456,A02F5DE8E4EEAB82,electric_bike,2021-12-02 08:46:37,2021-12-02 08:54:46,Steinway St & 28 Ave,6915,Crescent St & 34 Ave,6759,40.7656251,-73.9136695,40.76108,-73.930562,member
1601458,39272206A6205210,classic_bike,2021-12-10 18:07:57,2021-12-10 18:11:20,31 St & Broadway,6789,Crescent St & 34 Ave,6759,40.761584,-73.925921,40.76108,-73.930562,member
1601459,8E3586713A86C2D6,classic_bike,2021-12-11 16:00:37,2021-12-11 16:05:34,Queens Plaza North & Crescent St,6429,Crescent St & 34 Ave,6759,40.75110165,-73.94073717,40.76108,-73.930562,member
1601460,5095F57D6D645874,classic_bike,2021-12-24 13:54:42,2021-12-24 13:59:35,Queens Plaza North & Crescent St,6429,Crescent St & 34 Ave,6759,40.75110165,-73.94073717,40.76108,-73.930562,member
1601461,265A73297F000E4B,classic_bike,2021-12-04 18:35:16,2021-12-04 18:38:04,31 St & Broadway,6789,Crescent St & 34 Ave,6759,40.761584,-73.925921,40.76108,-73.930562,member
1601462,18ABCB809E3B69CE,classic_bike,2021-12-26 10:14:56,2021-12-26 10:21:45,Queens Plaza North & Crescent St,6429,Crescent St & 34 Ave,6759,40.75110165,-73.94073717,40.76108,-73.930562,member
1601463,AC877CEDA54CD99B,classic_bike,2021-12-25 19:40:55,2021-12-25 19:44:23,31 St & Broadway,6789,Crescent St & 34 Ave,6759,40.761584,-73.925921,40.76108,-73.930562,member
1601467,ECA6E19A92EEF959,classic_bike,2021-12-12 11:08:33,2021-12-12 11:13:56,Queens Plaza North & Crescent St,6429,Crescent St & 34 Ave,6759,40.75110165,-73.94073717,40.76108,-73.930562,member
1601470,D5AB8C6548AAB877,classic_bike,2021-12-23 11:54:14,2021-12-23 12:00:42,Queens Plaza North & Crescent St,6429,Crescent St & 34 Ave,6759,40.75110165,-73.94073717,40.76108,-73.930562,member
1601473,877C7BA0CEE9C1A9,classic_bike,2021-12-08 13:44:22,2021-12-08 13:47:08,31 St & Broadway,6789,Crescent St & 34 Ave,6759,40.761584,-73.925921,40.76108,-73.930562,member
1601475,A0F926A4B2BFC940,electric_bike,2021-12-03 19:41:08,2021-12-03 19:43:31,31 St & Broadway,6789,Crescent St & 34 Ave,6759,40.761584,-73.925921,40.76108,-73.930562,casual
1601476,3BF852CCED2FFFCC,classic_bike,2021-12-15 21:09:55,2021-12-15 21:19:04,Queens Plaza North & Crescent St,6429,Crescent St & 34 Ave,6759,40.75110165,-73.94073717,40.76108,-73.930562,member
1601477,D63C1B9AD0D5F3C1,electric_bike,2021-12-10 18:47:01,2021-12-10 18:48:46,31 St & Broadway,6789,Crescent St & 34 Ave,6759,40.761584,-73.925921,40.76108,-73.930562,member
1601478,D5D70A55618D4ADF,classic_bike,2021-12-01 18:50:13,2021-12-01 18:55:52,Queens Plaza North & Crescent St,6429,Crescent St & 34 Ave,6759,40.75110165,-73.94073717,40.76108,-73.930562,member
1601479,945BE1B7EE20F3E1,classic_bike,2021-12-21 18:21:43,2021-12-21 18:24:20,31 St & Broadway,6789,Crescent St & 34 Ave,6759,40.761584,-73.925921,40.76108,-73.930562,member
1601480,27F674C4B322D98C,electric_bike,2021-12-08 10:42:43,2021-12-08 10:46:54,31 St & Broadway,6789,Crescent St & 34 Ave,6759,40.761584,-73.925921,40.76108,-73.930562,member
1601482,730CB3FFCC8D84BA,classic_bike,2021-12-22 18:58:24,2021-12-22 19:05:36,Queens Plaza North & Crescent St,6429,Crescent St & 34 Ave,6759,40.75110165,-73.94073717,40.76108,-73.930562,member
1601483,4F6E195E2CD685D8,electric_bike,2021-12-31 11:38:38,2021-12-31 11:49:24,9 St & 44 Rd,6361,Crescent St & 34 Ave,6759,40.74966,-73.9521,40.76108,-73.930562,member
1601484,AB1039B64FFBA528,classic_bike,2021-12-06 08:01:15,2021-12-06 08:04:32,31 St & Broadway,6789,Crescent St & 34 Ave,6759,40.761584,-73.925921,40.76108,-73.930562,member
1601486,AEE7EF5C9C95CDB6,classic_bike,2021-12-08 15:22:45,2021-12-08 15:25:10,31 St & Broadway,6789,Crescent St & 34 Ave,6759,40.761584,-73.925921,40.76108,-73.930562,member
1601489,BD03DC081C4CD18C,electric_bike,2021-12-18 16:53:31,2021-12-18 16:55:40,31 St & Broadway,6789,Crescent St & 34 Ave,6759,40.761584,-73.925921,40.76108,-73.930562,member
1601492,82D2AD33C0B89B58,classic_bike,2021-12-30 13:04:28,2021-12-30 13:12:59,Queens Plaza North & Crescent St,6429,Crescent St & 34 Ave,6759,40.75110165,-73.94073717,40.76108,-73.930562,member
1601493,9B212423DC5BE266,classic_bike,2021-12-13 23:37:01,2021-12-13 23:42:17,Queens Plaza North & Crescent St,6429,Crescent St & 34 Ave,6759,40.75110165,-73.94073717,40.76108,-73.930562,member
1601494,654DE14E737B4311,classic_bike,2021-12-19 11:41:57,2021-12-19 11:46:48,Queens Plaza North & Crescent St,6429,Crescent St & 34 Ave,6759,40.75110165,-73.94073717,40.76108,-73.930562,member
1601495,E01F2985C7B3DE85,classic_bike,2021-12-09 17:28:52,2021-12-09 17:35:08,Queens Plaza North & Crescent St,6429,Crescent St & 34 Ave,6759,40.75110165,-73.94073717,40.76108,-73.930562,casual
1601496,83083E265D79D054,electric_bike,2021-12-21 21:36:29,2021-12-21 21:41:56,Queens Plaza North & Crescent St,6429,Crescent St & 34 Ave,6759,40.75110165,-73.94073717,40.76108,-73.930562,casual
1601497,F3AD45347F0E1DEF,classic_bike,2021-12-24 21:00:04,2021-12-24 21:03:03,31 St & Broadway,6789,Crescent St & 34 Ave,6759,40.761584,-73.925921,40.76108,-73.930562,member
1601498,C287AA812B71A8A5,classic_bike,2021-12-01 21:09:53,2021-12-01 21:12:09,31 St & Broadway,6789,Crescent St & 34 Ave,6759,40.761584,-73.925921,40.76108,-73.930562,member
1601499,C5708730485DBCD3,electric_bike,2021-12-26 21:44:24,2021-12-26 21:47:57,31 St & Broadway,6789,Crescent St & 34 Ave,6759,40.761584,-73.925921,40.76108,-73.930562,casual
1601500,1B1D3A9A7244082F,electric_bike,2021-12-06 16:32:44,2021-12-06 16:43:04,9 St & 44 Rd,6361,Crescent St & 34 Ave,6759,40.74966,-73.9521,40.76108,-73.930562,casual
1601501,ACC4EA5945516873,electric_bike,2021-12-27 09:50:24,2021-12-27 09:53:30,31 St & Broadway,6789,Crescent St & 34 Ave,6759,40.761584,-73.925921,40.76108,-73.930562,casual
1601502,B2B2C5F329182121,classic_bike,2021-12-05 13:57:25,2021-12-05 14:05:52,31 St & Broadway,6789,Crescent St & 34 Ave,6759,40.761584,-73.925921,40.76108,-73.930562,casual
1601503,8292692DF833038F,electric_bike,2021-12-17 16:31:33,2021-12-17 16:40:15,9 St & 44 Rd,6361,Crescent St & 34 Ave,6759,40.74966,-73.9521,40.76108,-73.930562,casual
1601504,0C3814EC57A29B4E,classic_bike,2021-12-10 16:22:00,2021-12-10 16:34:45,31 Ave & Crescent St,6893,Crescent St & 34 Ave,6759,40.7658346,-73.9265474,40.76108,-73.930562,casual
1601507,C54B51BDBC0C0B31,electric_bike,2021-12-21 10:34:06,2021-12-21 10:37:01,31 Ave & Crescent St,6893,Crescent St & 34 Ave,6759,40.7658346,-73.9265474,40.76108,-73.930562,member
1601508,E016FCEEF8659FA2,electric_bike,2021-12-06 15:18:55,2021-12-06 15:21:59,31 Ave & Crescent St,6893,Crescent St & 34 Ave,6759,40.7658346,-73.9265474,40.76108,-73.930562,member
1601512,72F8FF9A98D9B494,electric_bike,2021-12-09 13:58:20,2021-12-09 14:01:57,31 Ave & Crescent St,6893,Crescent St & 34 Ave,6759,40.7658346,-73.9265474,40.76108,-73.930562,member
1601514,B531AA990812CB78,electric_bike,2021-12-20 22:31:42,2021-12-20 22:38:57,31 Ave & Crescent St,6893,Crescent St & 34 Ave,6759,40.7658346,-73.9265474,40.76108,-73.930562,member
1601517,BE06839F9A31D221,classic_bike,2021-12-17 18:09:28,2021-12-17 18:13:37,31 Ave & Crescent St,6893,Crescent St & 34 Ave,6759,40.7658346,-73.9265474,40.76108,-73.930562,member
1601518,5463621B1D584655,electric_bike,2021-12-23 15:06:26,2021-12-23 15:09:45,31 Ave & Crescent St,6893,Crescent St & 34 Ave,6759,40.7658346,-73.9265474,40.76108,-73.930562,member
1601520,BCEB2A6F155A363C,classic_bike,2021-12-23 12:58:29,2021-12-23 13:01:48,31 Ave & Crescent St,6893,Crescent St & 34 Ave,6759,40.7658346,-73.9265474,40.76108,-73.930562,member
1601521,507251E681AEEF33,classic_bike,2021-12-15 15:26:44,2021-12-15 15:29:30,31 Ave & Crescent St,6893,Crescent St & 34 Ave,6759,40.7658346,-73.9265474,40.76108,-73.930562,member
1601522,F9923EB59F19718F,classic_bike,2021-12-24 17:06:29,2021-12-24 17:11:55,31 Ave & Crescent St,6893,Crescent St & 34 Ave,6759,40.7658346,-73.9265474,40.76108,-73.930562,member
1601529,829AABCCA48CA167,classic_bike,2021-12-30 18:36:25,2021-12-30 18:39:13,31 St & Broadway,6789,Crescent St & 34 Ave,6759,40.761584,-73.925921,40.76108,-73.930562,member
1601530,57A9957F0ACDB34B,classic_bike,2021-12-23 18:25:29,2021-12-23 18:33:55,Queens Plaza North & Crescent St,6429,Crescent St & 34 Ave,6759,40.75110165,-73.94073717,40.76108,-73.930562,member
1601531,C7C6DF684D8B7894,classic_bike,2021-12-21 16:24:20,2021-12-21 16:26:50,31 Ave & Crescent St,6893,Crescent St & 34 Ave,6759,40.7658346,-73.9265474,40.76108,-73.930562,member
1601533,E0DFBFD0EC733A0E,classic_bike,2021-12-02 06:03:18,2021-12-02 06:06:37,31 Ave & Crescent St,6893,Crescent St & 34 Ave,6759,40.7658346,-73.9265474,40.76108,-73.930562,member
1601535,752AA723B15B1D44,electric_bike,2021-12-09 19:09:00,2021-12-09 19:11:47,31 Ave & Crescent St,6893,Crescent St & 34 Ave,6759,40.7658346,-73.9265474,40.76108,-73.930562,member
1601538,154849A08EDE03AD,classic_bike,2021-12-23 14:19:58,2021-12-23 14:24:37,31 Ave & Crescent St,6893,Crescent St & 34 Ave,6759,40.7658346,-73.9265474,40.76108,-73.930562,member
1601560,C610ADDA2665CB1F,classic_bike,2021-12-03 12:43:09,2021-12-03 12:48:33,Steinway St & Broadway,6711,Crescent St & 34 Ave,6759,40.75905795418586,-73.91897544264793,40.76108,-73.930562,member
1601562,F0605AE2D194A141,classic_bike,2021-12-18 09:49:40,2021-12-18 09:56:05,Steinway St & Broadway,6711,Crescent St & 34 Ave,6759,40.75905795418586,-73.91897544264793,40.76108,-73.930562,member
1601566,0D8DDBF3E540DA1B,electric_bike,2021-12-29 17:09:16,2021-12-29 17:13:49,Steinway St & Broadway,6711,Crescent St & 34 Ave,6759,40.75905795418586,-73.91897544264793,40.76108,-73.930562,member
1601574,FC5877B4E2E72A6B,classic_bike,2021-12-22 09:58:10,2021-12-22 10:26:36,Steinway St & Broadway,6711,Crescent St & 34 Ave,6759,40.75905795418586,-73.91897544264793,40.76108,-73.930562,member
1601578,DADFDBB245AC2A98,electric_bike,2021-12-05 22:55:07,2021-12-05 23:02:49,Steinway St & Broadway,6711,Crescent St & 34 Ave,6759,40.75905795418586,-73.91897544264793,40.76108,-73.930562,member
1601581,1B6D20B8CF56799F,classic_bike,2021-12-21 09:24:15,2021-12-21 09:33:31,35 St & Broadway,6750,Crescent St & 34 Ave,6759,40.760339,-73.9222427,40.76108,-73.930562,member
1601583,B4FCFD1C89B6D4E1,electric_bike,2021-12-22 23:04:08,2021-12-22 23:09:38,35 Ave & 37 St,6563,Crescent St & 34 Ave,6759,40.7557327,-73.9236611,40.76108,-73.930562,member
1601584,5AF0E1069D67E74E,electric_bike,2021-12-29 14:40:48,2021-12-29 14:56:47,E 51 St & 2 Ave,6575,Crescent St & 34 Ave,6759,40.755293,-73.967641,40.76108,-73.930562,member
1601585,4090730C834F7056,classic_bike,2021-12-20 16:03:37,2021-12-20 16:08:28,35 St & Broadway,6750,Crescent St & 34 Ave,6759,40.760339,-73.9222427,40.76108,-73.930562,member
1601591,DB0262FEEBEA90E1,classic_bike,2021-12-21 18:15:51,2021-12-21 18:19:41,35 Ave & 37 St,6563,Crescent St & 34 Ave,6759,40.7557327,-73.9236611,40.76108,-73.930562,member
1601594,88F48060FEBDC611,electric_bike,2021-12-13 22:25:45,2021-12-13 22:44:14,W 67 St & Broadway,7116,Crescent St & 34 Ave,6759,40.77492513,-73.98266566,40.76108,-73.930562,member
1601603,74243A20A1AB3956,electric_bike,2021-12-04 02:10:36,2021-12-04 02:15:38,Newtown Ave & 23 St,7026,Crescent St & 34 Ave,6759,40.7713615,-73.9246145,40.76108,-73.930562,member
1601615,BB67B272900200DF,classic_bike,2021-12-29 16:22:15,2021-12-29 16:29:25,Newtown Ave & 23 St,7026,Crescent St & 34 Ave,6759,40.7713615,-73.9246145,40.76108,-73.930562,member
1601620,77C1AB1CF14AAD49,electric_bike,2021-12-30 19:10:57,2021-12-30 19:13:50,35 St & Broadway,6750,Crescent St & 34 Ave,6759,40.760339,-73.9222427,40.76108,-73.930562,member
1601622,9EA115A0A69C2547,classic_bike,2021-12-16 11:33:13,2021-12-16 11:41:34,35 Ave & 37 St,6563,Crescent St & 34 Ave,6759,40.7557327,-73.9236611,40.76108,-73.930562,member
1601623,57028F17E6C0DB88,classic_bike,2021-12-13 14:07:44,2021-12-13 14:31:18,E 58 St & Madison Ave,6839,Crescent St & 34 Ave,6759,40.76302594280519,-73.97209525108337,40.76108,-73.930562,member
1601630,F505B32A92083AB9,electric_bike,2021-12-05 06:53:34,2021-12-05 07:12:17,35 Ave & 37 St,6563,Crescent St & 34 Ave,6759,40.7557327,-73.9236611,40.76108,-73.930562,member
1601639,55699297C67E67F8,classic_bike,2021-12-18 11:14:48,2021-12-18 11:18:52,35 St & Broadway,6750,Crescent St & 34 Ave,6759,40.760339,-73.9222427,40.76108,-73.930562,member
1601642,E20047453D688681,electric_bike,2021-12-10 15:27:43,2021-12-10 15:33:43,Queens Plaza North & Crescent St,6429,Crescent St & 34 Ave,6759,40.75110165,-73.94073717,40.76108,-73.930562,member
1601646,11048DE04BE135CA,classic_bike,2021-12-14 16:46:37,2021-12-14 16:52:56,Queens Plaza North & Crescent St,6429,Crescent St & 34 Ave,6759,40.75110165,-73.94073717,40.76108,-73.930562,member
1601647,128A2D53D6681BAB,classic_bike,2021-12-22 17:04:07,2021-12-22 17:10:11,Queens Plaza North & Crescent St,6429,Crescent St & 34 Ave,6759,40.75110165,-73.94073717,40.76108,-73.930562,member
1601648,08569A73BCF5CCB0,electric_bike,2021-12-31 17:17:30,2021-12-31 17:24:41,Queens Plaza North & Crescent St,6429,Crescent St & 34 Ave,6759,40.75110165,-73.94073717,40.76108,-73.930562,member
1601675,14BEE0A20F341D06,electric_bike,2021-12-14 18:11:30,2021-12-14 18:16:04,36 Ave & 31 St,6572,Crescent St & 34 Ave,6759,40.75651272984955,-73.92957486212252,40.76108,-73.930562,member
1601692,20105F1BCA1FB73E,electric_bike,2021-12-02 13:40:41,2021-12-02 14:03:38,Broadway & W 56 St,6847,Crescent St & 34 Ave,6759,40.7652654,-73.98192338,40.76108,-73.930562,member
1601696,80EBCDC98305A5D8,classic_bike,2021-12-05 19:27:32,2021-12-05 19:41:59,E 58 St & 1 Ave (NW Corner),6723,Crescent St & 34 Ave,6759,40.759125,-73.962658,40.76108,-73.930562,member
1601703,20C8DA013FC47F7E,classic_bike,2021-12-22 21:05:55,2021-12-22 21:09:52,34 St & 35 Ave,6605,Crescent St & 34 Ave,6759,40.7569332,-73.9262231,40.76108,-73.930562,member
1601723,7FEB6BF7B45E8712,classic_bike,2021-12-03 19:47:58,2021-12-03 19:53:50,31 Ave & 14 St,6966,Crescent St & 34 Ave,6759,40.7682,-73.9322662,40.76108,-73.930562,member
1601726,CA1F939BA7427B54,classic_bike,2021-12-29 22:30:16,2021-12-29 22:35:51,31 Ave & 14 St,6966,Crescent St & 34 Ave,6759,40.7682,-73.9322662,40.76108,-73.930562,member
1601730,34DED523ECBB6E4D,electric_bike,2021-12-21 15:19:43,2021-12-21 15:32:50,3 Ave & E 62 St,6762,Crescent St & 34 Ave,6759,40.76312584,-73.96526895,40.76108,-73.930562,member
1601731,92DE2EB6465A74D2,classic_bike,2021-12-15 19:25:37,2021-12-15 19:32:48,31 Ave & 14 St,6966,Crescent St & 34 Ave,6759,40.7682,-73.9322662,40.76108,-73.930562,member
1601732,CC013F65ED031067,classic_bike,2021-12-01 08:21:10,2021-12-01 08:25:53,31 Ave & 14 St,6966,Crescent St & 34 Ave,6759,40.7682,-73.9322662,40.76108,-73.930562,member
1601733,99B8EE3094DA67D3,classic_bike,2021-12-01 17:03:40,2021-12-01 17:21:48,Southpoint Park,6566,Crescent St & 34 Ave,6759,40.75370225419114,-73.95865201950072,40.76108,-73.930562,member
1601735,2568CF5ADEF176C4,classic_bike,2021-12-17 07:54:08,2021-12-17 08:20:25,W 52 St & 6 Ave,6740,Crescent St & 34 Ave,6759,40.76132983124814,-73.97982001304626,40.76108,-73.930562,member
1601738,A2E948F9B4884DC4,classic_bike,2021-12-17 08:17:59,2021-12-17 08:22:37,31 Ave & 14 St,6966,Crescent St & 34 Ave,6759,40.7682,-73.9322662,40.76108,-73.930562,member
1601740,542CA41DBCC32737,classic_bike,2021-12-31 15:55:47,2021-12-31 16:10:39,Southpoint Park,6566,Crescent St & 34 Ave,6759,40.75370225419114,-73.95865201950072,40.76108,-73.930562,member
1601777,0E3BE8D639E4BDD0,electric_bike,2021-12-13 13:40:36,2021-12-13 13:47:26,30 Ave & 41 St,6812,Crescent St & 34 Ave,6759,40.763422,-73.914142,40.76108,-73.930562,member
1601845,8F2F623B8B7F8410,classic_bike,2021-12-23 17:11:48,2021-12-23 17:21:41,34 Ave & 48 St,6554,Crescent St & 34 Ave,6759,40.75388,-73.914952,40.76108,-73.930562,member
1601889,8708FFB0FF1C1927,electric_bike,2021-12-06 16:33:03,2021-12-06 16:54:40,N 6 St & Bedford Ave,5379,Crescent St & 34 Ave,6759,40.71745169,-73.95850939,40.76108,-73.930562,casual
1601903,2450A747D046E9FF,classic_bike,2021-12-17 12:42:40,2021-12-17 12:47:01,34 Ave & 13 St,6836,Crescent St & 34 Ave,6759,40.7638753,-73.9364848,40.76108,-73.930562,member
1601907,06A1822538DD2835,electric_bike,2021-12-17 08:33:31,2021-12-17 08:37:22,40 Ave & Crescent St,6462,Crescent St & 34 Ave,6759,40.7535992020056,-73.93795609474182,40.76108,-73.930562,casual
1601908,9F6A4B2BA050AB85,classic_bike,2021-12-07 10:00:37,2021-12-07 10:04:41,40 Ave & Crescent St,6462,Crescent St & 34 Ave,6759,40.7535992020056,-73.93795609474182,40.76108,-73.930562,member
1601912,E4D9CDDBED5C6241,classic_bike,2021-12-16 09:36:17,2021-12-16 09:42:44,43 St & 35 Ave,6520,Crescent St & 34 Ave,6759,40.754139,-73.919543,40.76108,-73.930562,member
1601913,7D273361A05DF6A7,electric_bike,2021-12-14 13:42:46,2021-12-14 13:46:48,40 Ave & Crescent St,6462,Crescent St & 34 Ave,6759,40.7535992020056,-73.93795609474182,40.76108,-73.930562,member
1601915,1932E452D2C0BDE2,classic_bike,2021-12-29 08:27:12,2021-12-29 08:33:00,40 Ave & Crescent St,6462,Crescent St & 34 Ave,6759,40.7535992020056,-73.93795609474182,40.76108,-73.930562,member
1601918,10D1EDA4D3040729,electric_bike,2021-12-22 18:07:34,2021-12-22 18:19:39,31 Ave & 61 St,6654,Crescent St & 34 Ave,6759,40.757525,-73.901614,40.76108,-73.930562,member
1601921,F9E9C629BC970138,classic_bike,2021-12-29 22:11:38,2021-12-29 22:16:21,40 Ave & Crescent St,6462,Crescent St & 34 Ave,6759,40.7535992020056,-73.93795609474182,40.76108,-73.930562,member
1601922,7E0A38395D8E8ADA,classic_bike,2021-12-29 22:11:49,2021-12-29 22:16:25,40 Ave & Crescent St,6462,Crescent St & 34 Ave,6759,40.7535992020056,-73.93795609474182,40.76108,-73.930562,casual
1601925,002F90361D2F4633,classic_bike,2021-12-19 13:21:32,2021-12-19 13:26:20,34 Ave & 13 St,6836,Crescent St & 34 Ave,6759,40.7638753,-73.9364848,40.76108,-73.930562,member
1601927,3619986965A4AA08,electric_bike,2021-12-23 22:25:10,2021-12-23 22:43:36,Amsterdam Ave & W 66 St,7149,Crescent St & 34 Ave,6759,40.7746671,-73.98470567,40.76108,-73.930562,member
1601951,A1E77B33698BCAE9,classic_bike,2021-12-07 15:03:10,2021-12-07 15:07:47,40 Ave & Crescent St,6462,Crescent St & 34 Ave,6759,40.7535992020056,-73.93795609474182,40.76108,-73.930562,member
1601952,4A59C02858814CFC,electric_bike,2021-12-09 15:16:02,2021-12-09 15:29:35,E 65 St & 2 Ave,6860,Crescent St & 34 Ave,6759,40.76471851944339,-73.96222069859505,40.76108,-73.930562,member
1601960,E606B214F386633E,electric_bike,2021-12-26 16:52:49,2021-12-26 16:58:38,40 Ave & Crescent St,6462,Crescent St & 34 Ave,6759,40.7535992020056,-73.93795609474182,40.76108,-73.930562,casual
1601962,8E8A0C83A0BB694D,classic_bike,2021-12-16 13:19:41,2021-12-16 13:23:55,40 Ave & Crescent St,6462,Crescent St & 34 Ave,6759,40.7535992020056,-73.93795609474182,40.76108,-73.930562,member
1601992,B4802A70EDE7DCAF,electric_bike,2021-12-11 18:25:36,2021-12-11 18:35:27,35 St & 30 Ave,6887,Crescent St & 34 Ave,6759,40.76547569244953,-73.91811579465866,40.76108,-73.930562,member
1601997,197655C6D9891399,classic_bike,2021-12-22 12:26:18,2021-12-22 12:39:48,35 St & 30 Ave,6887,Crescent St & 34 Ave,6759,40.76547569244953,-73.91811579465866,40.76108,-73.930562,member
1601999,F107D4066682C39F,classic_bike,2021-12-04 23:26:14,2021-12-04 23:29:21,28 St & 36 Ave,6614,Crescent St & 34 Ave,6759,40.757186,-73.932719,40.76108,-73.930562,member
1602001,EE642A95767A9C10,classic_bike,2021-12-19 10:29:21,2021-12-19 10:31:54,28 St & 36 Ave,6614,Crescent St & 34 Ave,6759,40.757186,-73.932719,40.76108,-73.930562,member
1602007,ED9CFE4DFCC39994,classic_bike,2021-12-27 19:21:56,2021-12-27 19:25:09,28 St & 36 Ave,6614,Crescent St & 34 Ave,6759,40.757186,-73.932719,40.76108,-73.930562,member
1602016,8D142708BB3323E8,classic_bike,2021-12-15 19:39:22,2021-12-15 19:56:30,2 Ave & E 55 St,6650,Crescent St & 34 Ave,6759,40.757920208794026,-73.96638214588165,40.76108,-73.930562,member
1602032,AD2B8E28762C5764,classic_bike,2021-12-18 17:49:29,2021-12-18 18:00:49,37 Ave & 35 St,6529,Crescent St & 34 Ave,6759,40.7531106,-73.9279917,40.76108,-73.930562,casual
1602034,F62E28A025BEF8C2,electric_bike,2021-12-11 11:42:36,2021-12-11 11:55:50,31 Ave & 14 St,6966,Crescent St & 34 Ave,6759,40.7682,-73.9322662,40.76108,-73.930562,member
1602042,7CFEFABAAF11543A,electric_bike,2021-12-17 18:49:27,2021-12-17 18:56:56,Vernon Blvd & 41 Rd,6514,Crescent St & 34 Ave,6759,40.7552433,-73.9485678,40.76108,-73.930562,member
1602071,EEF78EF64473DE06,classic_bike,2021-12-15 16:59:00,2021-12-15 17:36:40,Vernon Blvd & 41 Rd,6514,Crescent St & 34 Ave,6759,40.7552433,-73.9485678,40.76108,-73.930562,member
1602079,52845E777004C4BE,electric_bike,2021-12-13 01:30:54,2021-12-13 01:38:12,31 St & Hoyt Ave N,7018,Crescent St & 34 Ave,6759,40.7711528,-73.9170074,40.76108,-73.930562,member
1602087,7D713C1082FB3501,classic_bike,2021-12-05 13:28:01,2021-12-05 13:53:48,Broadway & W 58 St,6948,Crescent St & 34 Ave,6759,40.76695317,-73.98169333,40.76108,-73.930562,member
1602099,F064C3C5A1B298C0,classic_bike,2021-12-29 10:46:43,2021-12-29 11:12:01,2 Ave & E 72 St,6925,Crescent St & 34 Ave,6759,40.7687620293096,-73.95840793848038,40.76108,-73.930562,member
1602109,82FE01ECF196CE78,electric_bike,2021-12-16 08:08:41,2021-12-16 08:46:34,2 Ave & E 72 St,6925,Crescent St & 34 Ave,6759,40.7687620293096,-73.95840793848038,40.76108,-73.930562,casual
1602161,35068E4E746F1B4F,classic_bike,2021-12-16 17:18:03,2021-12-16 17:23:15,34 Ave & 38 St,6638,Crescent St & 34 Ave,6759,40.756913,-73.921631,40.76108,-73.930562,casual
1602169,DBF138673505F424,classic_bike,2021-12-05 15:46:37,2021-12-05 15:52:46,31 Ave & 30 St,6857,Crescent St & 34 Ave,6759,40.7647,-73.9240312,40.76108,-73.930562,member
1602170,ADC1C302C740D49F,classic_bike,2021-12-09 17:54:18,2021-12-09 17:57:38,31 Ave & 30 St,6857,Crescent St & 34 Ave,6759,40.7647,-73.9240312,40.76108,-73.930562,member
1602177,C6435E851016868B,electric_bike,2021-12-11 14:32:02,2021-12-11 14:43:21,Center Blvd & 51 Ave,6179,Crescent St & 34 Ave,6759,40.74336608027021,-73.95960688591003,40.76108,-73.930562,member
1602178,49FD0038E49DA07D,classic_bike,2021-12-16 00:10:21,2021-12-16 00:25:56,Vernon Blvd & 47 Rd,6212,Crescent St & 34 Ave,6759,40.7449067,-73.9534573,40.76108,-73.930562,member
1602182,C61D58F562CEE217,classic_bike,2021-12-05 15:46:36,2021-12-05 15:52:35,31 Ave & 30 St,6857,Crescent St & 34 Ave,6759,40.7647,-73.9240312,40.76108,-73.930562,member
1602183,9CBE3E3A9424E90F,classic_bike,2021-12-12 10:39:31,2021-12-12 10:42:42,31 Ave & 30 St,6857,Crescent St & 34 Ave,6759,40.7647,-73.9240312,40.76108,-73.930562,member
1602186,F6FD02D79FFAD602,electric_bike,2021-12-30 23:56:41,2021-12-31 00:02:45,Motorgate,6814,Crescent St & 34 Ave,6759,40.7639089,-73.9477213,40.76108,-73.930562,casual
1602187,B7816862400AB3C5,classic_bike,2021-12-17 08:43:39,2021-12-17 08:48:32,Newtown Ave & 23 St,7026,Crescent St & 34 Ave,6759,40.7713615,-73.9246145,40.76108,-73.930562,member
1602198,70BB90C343EF9FF3,classic_bike,2021-12-13 13:50:15,2021-12-13 14:01:38,50 St & Northern Blvd,6511,Crescent St & 34 Ave,6759,40.753441,-73.912402,40.76108,-73.930562,member
1602203,249971F080BB4F78,classic_bike,2021-12-28 17:51:15,2021-12-28 18:02:27,50 St & Northern Blvd,6511,Crescent St & 34 Ave,6759,40.753441,-73.912402,40.76108,-73.930562,member
1602223,32C69B63709EFF01,classic_bike,2021-12-04 13:42:52,2021-12-04 13:54:12,50 St & Northern Blvd,6511,Crescent St & 34 Ave,6759,40.753441,-73.912402,40.76108,-73.930562,casual
1602230,D9B4F95B49565477,classic_bike,2021-12-11 15:31:43,2021-12-11 15:39:08,50 St & Northern Blvd,6511,Crescent St & 34 Ave,6759,40.753441,-73.912402,40.76108,-73.930562,member
1602272,6BE5FCEFEB886C85,classic_bike,2021-12-31 20:38:00,2021-12-31 20:42:39,38 Ave & 29 St,6538,Crescent St & 34 Ave,6759,40.75473,-73.93367,40.76108,-73.930562,member
1602280,A347163D30B594A0,electric_bike,2021-12-25 08:03:17,2021-12-25 08:16:27,1 Ave & E 68 St,6822,Crescent St & 34 Ave,6759,40.76500525,-73.95818491,40.76108,-73.930562,member
1602287,6D1E4EC7E80E7515,classic_bike,2021-12-07 14:22:32,2021-12-07 14:27:13,38 Ave & 29 St,6538,Crescent St & 34 Ave,6759,40.75473,-73.93367,40.76108,-73.930562,casual
1602289,27BF6F6A28C2582E,classic_bike,2021-12-19 14:09:58,2021-12-19 14:27:31,1 Ave & E 68 St,6822,Crescent St & 34 Ave,6759,40.76500525,-73.95818491,40.76108,-73.930562,member
1602298,E120E50D7528A6A6,classic_bike,2021-12-16 20:18:35,2021-12-16 20:35:53,1 Ave & E 68 St,6822,Crescent St & 34 Ave,6759,40.76500525,-73.95818491,40.76108,-73.930562,casual
1602299,C36891AEE7D2902C,classic_bike,2021-12-18 22:26:22,2021-12-18 22:45:56,1 Ave & E 68 St,6822,Crescent St & 34 Ave,6759,40.76500525,-73.95818491,40.76108,-73.930562,casual
1602313,40F8C274D1F7BD0E,classic_bike,2021-12-10 13:05:03,2021-12-10 13:26:30,20 Ave & 38 St,7196,Crescent St & 34 Ave,6759,40.777112,-73.902382,40.76108,-73.930562,member
1602320,06658DB17507267F,classic_bike,2021-12-19 21:26:10,2021-12-19 21:46:37,20 Ave & 38 St,7196,Crescent St & 34 Ave,6759,40.777112,-73.902382,40.76108,-73.930562,member
1602337,F2CD6859DFC527FB,classic_bike,2021-12-30 17:15:10,2021-12-30 17:28:34,42 Pl & Northern Blvd,6520,Crescent St & 34 Ave,6759,40.753091,-73.920603,40.76108,-73.930562,member
1602339,B4EB074EAD942542,classic_bike,2021-12-21 18:41:50,2021-12-21 18:49:26,Broadway & 12 St,6901,Crescent St & 34 Ave,6759,40.7668,-73.9347774,40.76108,-73.930562,member
1602345,7BA109465379C765,classic_bike,2021-12-21 18:35:12,2021-12-21 19:18:42,W 27 St & 7 Ave,6247,Crescent St & 34 Ave,6759,40.746647,-73.993915,40.76108,-73.930562,member
1602360,C33215F0D4D15A75,electric_bike,2021-12-09 14:49:35,2021-12-09 15:04:45,E 58 St & 1 Ave (NW Corner),6723,Crescent St & 34 Ave,6759,40.759125,-73.962658,40.76108,-73.930562,member
1602374,B378D364B13746BA,classic_bike,2021-12-14 08:26:48,2021-12-14 08:58:31,E 23 St & 1 Ave,5929,Crescent St & 34 Ave,6759,40.736502,-73.97809472,40.76108,-73.930562,member
1602375,5D75AF644128B9B6,classic_bike,2021-12-07 08:43:05,2021-12-07 09:13:27,E 23 St & 1 Ave,5929,Crescent St & 34 Ave,6759,40.736502,-73.97809472,40.76108,-73.930562,member
1602376,244F9F3A7DE2BB26,classic_bike,2021-12-08 08:28:00,2021-12-08 09:05:17,E 23 St & 1 Ave,5929,Crescent St & 34 Ave,6759,40.736502,-73.97809472,40.76108,-73.930562,member
1602377,C9700ED00EB8B617,classic_bike,2021-12-10 08:34:05,2021-12-10 09:07:13,E 23 St & 1 Ave,5929,Crescent St & 34 Ave,6759,40.736502,-73.97809472,40.76108,-73.930562,member
1602399,245C6BF6393DD4AA,classic_bike,2021-12-15 20:49:18,2021-12-15 21:00:35,31 St & Ditmars Blvd,7144,Crescent St & 34 Ave,6759,40.776168,-73.910485,40.76108,-73.930562,member
1602409,F0EFDE16A5196266,classic_bike,2021-12-26 09:50:54,2021-12-26 09:53:28,28 St & 36 Ave,6614,Crescent St & 34 Ave,6759,40.757186,-73.932719,40.76108,-73.930562,casual
1602410,AF8706886A7B29AB,classic_bike,2021-12-12 22:53:39,2021-12-12 22:56:06,28 St & 36 Ave,6614,Crescent St & 34 Ave,6759,40.757186,-73.932719,40.76108,-73.930562,member
1602411,548DA7B628617820,electric_bike,2021-12-29 16:44:32,2021-12-29 16:48:54,Steinway St & Broadway,6711,Crescent St & 34 Ave,6759,40.75905795418586,-73.91897544264793,40.76108,-73.930562,member
1602451,5E713C5B510EA1E2,classic_bike,2021-12-28 19:08:57,2021-12-28 19:14:47,28 St & 41 Ave,6462,Crescent St & 34 Ave,6759,40.751047,-73.93797,40.76108,-73.930562,member
1602502,5D038F9FDAA85B46,classic_bike,2021-12-28 17:23:34,2021-12-28 17:32:50,28 St & 41 Ave,6462,Crescent St & 34 Ave,6759,40.751047,-73.93797,40.76108,-73.930562,member
1602503,3C1D101ECF8EAA39,classic_bike,2021-12-07 08:58:27,2021-12-07 09:06:05,28 Ave & 35 St,6951,Crescent St & 34 Ave,6759,40.7671,-73.9169858,40.76108,-73.930562,member
1602515,5E1CBD79479B4ADF,electric_bike,2021-12-20 07:11:11,2021-12-20 07:15:07,34 Ave & 13 St,6836,Crescent St & 34 Ave,6759,40.7638753,-73.9364848,40.76108,-73.930562,casual
1602516,1DE5E708447132CA,electric_bike,2021-12-31 15:54:35,2021-12-31 15:57:19,34 Ave & 13 St,6836,Crescent St & 34 Ave,6759,40.7638753,-73.9364848,40.76108,-73.930562,member
1602571,8349C950F933DED6,classic_bike,2021-12-09 18:28:54,2021-12-09 18:32:32,28 St & 36 Ave,6614,Crescent St & 34 Ave,6759,40.757186,-73.932719,40.76108,-73.930562,member
1602590,DFBA58BD0900528C,electric_bike,2021-12-21 20:44:04,2021-12-21 20:57:24,1 Ave & E 68 St,6822,Crescent St & 34 Ave,6759,40.76500525,-73.95818491,40.76108,-73.930562,member
1602615,E961D628EDE61020,classic_bike,2021-12-19 10:17:39,2021-12-19 10:20:18,34 Ave & 21 St,6798,Crescent St & 34 Ave,6759,40.7628138,-73.9342862,40.76108,-73.930562,member
1602618,E383AA586058556F,classic_bike,2021-12-20 07:17:36,2021-12-20 07:19:41,34 Ave & 21 St,6798,Crescent St & 34 Ave,6759,40.7628138,-73.9342862,40.76108,-73.930562,member
1602621,99807D70A5309CFB,classic_bike,2021-12-13 20:11:32,2021-12-13 20:13:59,34 Ave & 21 St,6798,Crescent St & 34 Ave,6759,40.7628138,-73.9342862,40.76108,-73.930562,member
1602623,DB19BFCB3AD8D070,classic_bike,2021-12-01 08:52:53,2021-12-01 08:57:13,38 Ave & 29 St,6538,Crescent St & 34 Ave,6759,40.75473,-73.93367,40.76108,-73.930562,casual
1602625,35E5A2037217F3B1,electric_bike,2021-12-08 15:37:36,2021-12-08 15:52:26,E 72 St & York Ave,6889,Crescent St & 34 Ave,6759,40.76663814,-73.95348296,40.76108,-73.930562,member
1602628,5F1876CD359C29CD,classic_bike,2021-12-11 18:04:01,2021-12-11 18:10:37,38 Ave & 29 St,6538,Crescent St & 34 Ave,6759,40.75473,-73.93367,40.76108,-73.930562,casual
1602629,0D197B4A920D92A7,classic_bike,2021-12-09 08:58:01,2021-12-09 09:02:15,38 Ave & 29 St,6538,Crescent St & 34 Ave,6759,40.75473,-73.93367,40.76108,-73.930562,casual
1602631,1C4778B04BC283DE,electric_bike,2021-12-27 14:02:38,2021-12-27 14:06:34,38 Ave & 29 St,6538,Crescent St & 34 Ave,6759,40.75473,-73.93367,40.76108,-73.930562,casual
1602632,C860181C5040E41E,electric_bike,2021-12-08 14:36:57,2021-12-08 14:40:42,38 Ave & 29 St,6538,Crescent St & 34 Ave,6759,40.75473,-73.93367,40.76108,-73.930562,casual
1602633,6982CD5F28AECF4B,electric_bike,2021-12-02 15:28:08,2021-12-02 15:58:54,E 106 St & Lexington Ave,7504,Crescent St & 34 Ave,6759,40.791976,-73.945993,40.76108,-73.930562,member
1602669,340512C629A3B95C,electric_bike,2021-12-10 14:52:25,2021-12-10 14:58:45,30 Ave & 21 St,6996,Crescent St & 34 Ave,6759,40.7703743,-73.9286078,40.76108,-73.930562,casual
1602671,746774A6619D617F,classic_bike,2021-12-16 18:09:04,2021-12-16 18:14:43,Newtown Ave & 23 St,7026,Crescent St & 34 Ave,6759,40.7713615,-73.9246145,40.76108,-73.930562,member
1602679,51A41B297612D215,electric_bike,2021-12-06 13:22:33,2021-12-06 13:25:49,34 Ave & 21 St,6798,Crescent St & 34 Ave,6759,40.7628138,-73.9342862,40.76108,-73.930562,member
1602692,1B61DE7B2A60CA6F,classic_bike,2021-12-07 09:34:07,2021-12-07 09:37:13,35 St & 34 Ave,6679,Crescent St & 34 Ave,6759,40.7580583,-73.9242751,40.76108,-73.930562,casual
1602697,AB669E7A29E85E6A,classic_bike,2021-12-11 13:32:38,2021-12-11 13:40:32,44 Dr & Jackson Ave,6352,Crescent St & 34 Ave,6759,40.74718234,-73.9432635,40.76108,-73.930562,casual
1602706,771CC464813DE4F2,classic_bike,2021-12-12 12:50:59,2021-12-12 12:53:25,34 Ave & 31 St,6720,Crescent St & 34 Ave,6759,40.759604471387945,-73.92714411020279,40.76108,-73.930562,member
1602707,252312554F452150,classic_bike,2021-12-10 18:32:11,2021-12-10 18:44:51,44 Dr & Jackson Ave,6352,Crescent St & 34 Ave,6759,40.74718234,-73.9432635,40.76108,-73.930562,member
1602708,70D970EDBDC83339,electric_bike,2021-12-11 12:46:14,2021-12-11 12:55:40,44 Dr & Jackson Ave,6352,Crescent St & 34 Ave,6759,40.74718234,-73.9432635,40.76108,-73.930562,member
1602734,C4B658B90E4DE952,electric_bike,2021-12-21 18:42:12,2021-12-21 19:20:29,Broadway & Battery Pl,4962,Crescent St & 34 Ave,6759,40.70463334,-74.01361706,40.76108,-73.930562,member
1602746,EBB5EEA467F6CA3B,electric_bike,2021-12-30 19:11:17,2021-12-30 19:20:29,44 Dr & Jackson Ave,6352,Crescent St & 34 Ave,6759,40.74718234,-73.9432635,40.76108,-73.930562,member
1602751,8B54C6FA0AE91640,classic_bike,2021-12-03 07:44:33,2021-12-03 07:57:50,25 Ave & 41 St,6943,Crescent St & 34 Ave,6759,40.767666,-73.910963,40.76108,-73.930562,member
1602782,54F1C414E710D4F0,electric_bike,2021-12-29 14:39:31,2021-12-29 14:50:57,E 58 St & 1 Ave (NE Corner),6682,Crescent St & 34 Ave,6759,40.75892386377695,-73.96226227283478,40.76108,-73.930562,casual
1602785,7E91D82A00D230E8,classic_bike,2021-12-21 16:54:38,2021-12-21 17:07:29,Crescent St & 35 Ave,6688,Crescent St & 34 Ave,6759,40.7596276,-73.9321455,40.76108,-73.930562,member
1602787,2333FF3AAD8F4A02,classic_bike,2021-12-03 17:39:34,2021-12-03 17:40:59,Crescent St & 35 Ave,6688,Crescent St & 34 Ave,6759,40.7596276,-73.9321455,40.76108,-73.930562,member
1602795,AD75E8A8D94D9A0E,electric_bike,2021-12-15 21:34:44,2021-12-15 21:35:56,Crescent St & 35 Ave,6688,Crescent St & 34 Ave,6759,40.7596276,-73.9321455,40.76108,-73.930562,member
1602796,4FB2634943B9CBC7,classic_bike,2021-12-16 19:57:41,2021-12-16 19:59:46,Crescent St & 35 Ave,6688,Crescent St & 34 Ave,6759,40.7596276,-73.9321455,40.76108,-73.930562,member
1602806,82E8D5FC15B9C26F,classic_bike,2021-12-17 08:59:54,2021-12-17 09:01:08,Crescent St & 35 Ave,6688,Crescent St & 34 Ave,6759,40.7596276,-73.9321455,40.76108,-73.930562,member
1602812,E4DECDD6946C22BC,classic_bike,2021-12-25 18:03:27,2021-12-25 18:29:35,Crescent St & 35 Ave,6688,Crescent St & 34 Ave,6759,40.7596276,-73.9321455,40.76108,-73.930562,casual
1602825,728A5EAF776FBCF4,classic_bike,2021-12-02 18:48:30,2021-12-02 18:59:08,Jackson Ave & 46 Rd,6203,Crescent St & 34 Ave,6759,40.74524768,-73.94733276,40.76108,-73.930562,member
1602828,AAE301C396F43457,electric_bike,2021-12-06 18:24:23,2021-12-06 19:01:55,Frederick Douglass Blvd & W 112 St,7631,Crescent St & 34 Ave,6759,40.801694,-73.957145,40.76108,-73.930562,member
1602829,F1C62DC5B5997F77,electric_bike,2021-12-30 19:31:32,2021-12-30 20:32:57,31 Ave & Crescent St,6893,Crescent St & 34 Ave,6759,40.7658346,-73.9265474,40.76108,-73.930562,member
1602834,7EF7BE604EC73335,electric_bike,2021-12-12 14:28:25,2021-12-12 14:53:29,Grand St & Havemeyer St,5267,Crescent St & 34 Ave,6759,40.71286844,-73.95698119,40.76108,-73.930562,casual
1602851,AB2EFB85F4EA04A1,classic_bike,2021-12-06 11:36:02,2021-12-06 11:40:52,Crescent St & 30 Ave,6958,Crescent St & 34 Ave,6759,40.768692,-73.9249574,40.76108,-73.930562,casual
1602853,9858B8295D8EC218,electric_bike,2021-12-09 21:19:36,2021-12-09 21:25:32,Crescent St & 30 Ave,6958,Crescent St & 34 Ave,6759,40.768692,-73.9249574,40.76108,-73.930562,member
1602859,5F0F0B742F7663BD,electric_bike,2021-12-12 02:00:27,2021-12-12 02:22:19,W 50 St & 9 Ave,6854,Crescent St & 34 Ave,6759,40.76360467795863,-73.98917958140373,40.76108,-73.930562,member
1602896,79B446F846B0A275,classic_bike,2021-12-16 11:15:24,2021-12-16 11:44:21,27 Ave & 9 St,7098,Crescent St & 34 Ave,6759,40.7739825,-73.9309134,40.76108,-73.930562,member
1602942,D03ACCE35C1A93FD,electric_bike,2021-12-03 00:53:49,2021-12-03 01:03:05,31 St & 21 Ave,7202,Crescent St & 34 Ave,6759,40.77813,-73.90842,40.76108,-73.930562,casual
1602981,3388AB4E2BB01F0A,classic_bike,2021-12-09 23:25:55,2021-12-09 23:54:59,E 63 St & 3 Ave,6830,Crescent St & 34 Ave,6759,40.763954,-73.9646,40.76108,-73.930562,casual
1602992,7B3F880631299221,classic_bike,2021-12-05 13:51:52,2021-12-05 13:58:43,34th Ave & Vernon Blvd,6873,Crescent St & 34 Ave,6759,40.76535380385866,-73.93986314535141,40.76108,-73.930562,member
1603012,C37947438DDC3253,electric_bike,2021-12-17 15:13:14,2021-12-17 15:21:44,48 St & Broadway,6629,Crescent St & 34 Ave,6759,40.755763,-73.912715,40.76108,-73.930562,member
1603013,47E205D94929B03D,electric_bike,2021-12-16 15:02:22,2021-12-16 15:09:51,48 St & Broadway,6629,Crescent St & 34 Ave,6759,40.755763,-73.912715,40.76108,-73.930562,member
1603014,A9E568976DED8482,electric_bike,2021-12-01 15:25:31,2021-12-01 15:34:07,48 St & Broadway,6629,Crescent St & 34 Ave,6759,40.755763,-73.912715,40.76108,-73.930562,member
1603015,CF0D2BE1F136064B,electric_bike,2021-12-01 14:48:30,2021-12-01 15:05:13,1 Ave & E 68 St,6822,Crescent St & 34 Ave,6759,40.76500525,-73.95818491,40.76108,-73.930562,member
1603030,460C29CE71644557,classic_bike,2021-12-13 14:56:41,2021-12-13 14:59:29,34 Ave & 21 St,6798,Crescent St & 34 Ave,6759,40.7628138,-73.9342862,40.76108,-73.930562,member
1603056,82AB7BE48CDBC9E3,classic_bike,2021-12-24 15:50:11,2021-12-24 15:54:06,31 Ave & Crescent St,6893,Crescent St & 34 Ave,6759,40.7658346,-73.9265474,40.76108,-73.930562,member
1603059,2B4307D6A324ABC3,classic_bike,2021-12-24 14:33:04,2021-12-24 14:35:51,31 Ave & Crescent St,6893,Crescent St & 34 Ave,6759,40.7658346,-73.9265474,40.76108,-73.930562,member
1603065,024BEC15A618D831,classic_bike,2021-12-14 10:37:38,2021-12-14 10:40:44,31 Ave & Crescent St,6893,Crescent St & 34 Ave,6759,40.7658346,-73.9265474,40.76108,-73.930562,casual
1603087,4B44D4994B537CA4,electric_bike,2021-12-04 08:56:59,2021-12-04 08:59:49,36 Ave & 31 St,6572,Crescent St & 34 Ave,6759,40.75651272984955,-73.92957486212252,40.76108,-73.930562,member
1603091,0F7E4BBFBC7BB10D,classic_bike,2021-12-15 22:07:44,2021-12-15 22:24:31,Steinway St & 23 Ave,7009,Crescent St & 34 Ave,6759,40.7713937,-73.9077436,40.76108,-73.930562,casual
1603093,C7AE83D93B0D434C,classic_bike,2021-12-24 06:36:38,2021-12-24 06:39:45,36 Ave & 31 St,6572,Crescent St & 34 Ave,6759,40.75651272984955,-73.92957486212252,40.76108,-73.930562,member
1603098,8AC56DD47018FDC1,docked_bike,2021-12-05 18:44:14,2021-12-05 19:14:51,36 Ave & 31 St,6572,Crescent St & 34 Ave,6759,40.756513,-73.929575,40.76108,-73.930562,casual
1603119,88069626528AA4E4,electric_bike,2021-12-17 12:57:05,2021-12-17 12:59:30,34 Ave & 31 St,6720,Crescent St & 34 Ave,6759,40.759604471387945,-73.92714411020279,40.76108,-73.930562,casual
1603124,400CD53FD5F80396,classic_bike,2021-12-02 08:46:32,2021-12-02 08:51:10,Crescent St & 30 Ave,6958,Crescent St & 34 Ave,6759,40.768692,-73.9249574,40.76108,-73.930562,member
1603150,5978132701639A5B,electric_bike,2021-12-25 16:29:58,2021-12-25 16:46:38,7 Ave & Central Park South,6912,Crescent St & 34 Ave,6759,40.7667405590595,-73.9790689945221,40.76108,-73.930562,member
1603162,6ABCC7BAC6A8A64F,classic_bike,2021-12-30 13:48:31,2021-12-30 13:54:11,21 St & 38 Ave,6656,Crescent St & 34 Ave,6759,40.7576314,-73.9391224,40.76108,-73.930562,member
1603170,5B0A0FAE3D751567,classic_bike,2021-12-05 14:47:41,2021-12-05 15:07:51,35 St & 21 Ave,7170,Crescent St & 34 Ave,6759,40.776745,-73.906558,40.76108,-73.930562,member
1603196,089056C640DE8216,electric_bike,2021-12-17 15:13:01,2021-12-17 15:27:30,1 Ave & E 68 St,6822,Crescent St & 34 Ave,6759,40.76500525,-73.95818491,40.76108,-73.930562,member
1603210,B73BF1CA9157CF10,electric_bike,2021-12-02 13:56:55,2021-12-02 14:07:55,31 St & 21 Ave,7202,Crescent St & 34 Ave,6759,40.77813,-73.90842,40.76108,-73.930562,member
1603228,931B4B11C6651E9C,classic_bike,2021-12-21 12:47:14,2021-12-21 13:12:47,11 St & 43 Ave,6438,Crescent St & 34 Ave,6759,40.7519071,-73.9479119,40.76108,-73.930562,member
1603240,D194B779BD31113E,classic_bike,2021-12-26 20:02:54,2021-12-26 20:24:26,46 Ave & 5 St,6286,Crescent St & 34 Ave,6759,40.74731,-73.95451,40.76108,-73.930562,member
1603265,64759C4F69B99A76,electric_bike,2021-12-03 14:41:46,2021-12-03 14:54:52,E 58 St & 1 Ave (NE Corner),6682,Crescent St & 34 Ave,6759,40.75892386377695,-73.96226227283478,40.76108,-73.930562,casual
1603266,6CCC748A380F3A3A,electric_bike,2021-12-13 08:23:44,2021-12-13 08:39:34,1 Ave & E 68 St,6822,Crescent St & 34 Ave,6759,40.76500525,-73.95818491,40.76108,-73.930562,member
1603307,5FBD66DA0F12C179,electric_bike,2021-12-16 07:09:58,2021-12-16 07:13:04,34 Ave & 21 St,6798,Crescent St & 34 Ave,6759,40.7628138,-73.9342862,40.76108,-73.930562,member
1603325,D45BF328DDFCAD5C,classic_bike,2021-12-05 14:02:28,2021-12-05 14:45:01,Leonard St & Nassau Ave,5550,Crescent St & 34 Ave,6759,40.7239567849954,-73.94984364509583,40.76108,-73.930562,member
1603330,670780DB256C49D2,classic_bike,2021-12-06 14:24:01,2021-12-06 14:27:39,35 St & 34 Ave,6679,Crescent St & 34 Ave,6759,40.7580583,-73.9242751,40.76108,-73.930562,casual
1603342,0AA1DEA34EE0447A,electric_bike,2021-12-19 09:27:24,2021-12-19 09:36:32,31 St & 23 Ave,7144,Crescent St & 34 Ave,6759,40.7747878,-73.9125551,40.76108,-73.930562,member
1603347,71F5AE014142AE57,classic_bike,2021-12-27 08:05:11,2021-12-27 08:32:22,1 Ave & E 39 St,6303,Crescent St & 34 Ave,6759,40.74714,-73.97113,40.76108,-73.930562,member
1603349,EE76D903A6E05960,electric_bike,2021-12-18 06:27:40,2021-12-18 06:45:53,1 Ave & E 39 St,6303,Crescent St & 34 Ave,6759,40.74714,-73.97113,40.76108,-73.930562,member
1603373,C2A29AA3AC3E813D,classic_bike,2021-12-22 15:30:38,2021-12-22 15:42:41,21 St & 43 Ave,6395,Crescent St & 34 Ave,6759,40.75052534,-73.94594845,40.76108,-73.930562,member
1603376,4415CCD286290565,classic_bike,2021-12-12 22:54:09,2021-12-12 22:56:25,28 St & 36 Ave,6614,Crescent St & 34 Ave,6759,40.757186,-73.932719,40.76108,-73.930562,member
1603385,055C3799465EE9A8,electric_bike,2021-12-28 09:25:35,2021-12-28 09:45:27,E 48 St & 3 Ave,6541,Crescent St & 34 Ave,6759,40.7546011026,-73.971878855,40.76108,-73.930562,member
1603387,DB636DEE344D3E23,electric_bike,2021-12-28 14:24:27,2021-12-28 14:40:42,E 48 St & 3 Ave,6541,Crescent St & 34 Ave,6759,40.7546011026,-73.971878855,40.76108,-73.930562,member
1603414,9D906D2CD111EB40,classic_bike,2021-12-22 18:45:30,2021-12-22 19:01:48,E 63 St & 3 Ave,6830,Crescent St & 34 Ave,6759,40.763954,-73.9646,40.76108,-73.930562,member
1603431,FA9D23737CE065A9,electric_bike,2021-12-15 15:26:00,2021-12-15 15:34:33,48 St & Broadway,6629,Crescent St & 34 Ave,6759,40.755763,-73.912715,40.76108,-73.930562,member
1603447,924C537BECC76A10,electric_bike,2021-12-16 09:01:30,2021-12-16 09:04:39,38 Ave & 29 St,6538,Crescent St & 34 Ave,6759,40.75473,-73.93367,40.76108,-73.930562,casual
1603479,978CDA220152D6F7,classic_bike,2021-12-08 07:09:01,2021-12-08 07:11:27,34 Ave & 21 St,6798,Crescent St & 34 Ave,6759,40.7628138,-73.9342862,40.76108,-73.930562,member
1603480,9C89F3875A5DD194,classic_bike,2021-12-07 07:15:05,2021-12-07 07:17:16,34 Ave & 21 St,6798,Crescent St & 34 Ave,6759,40.7628138,-73.9342862,40.76108,-73.930562,member
1603500,3479931A842BE792,electric_bike,2021-12-23 10:49:57,2021-12-23 10:53:00,Broadway & 12 St,6901,Crescent St & 34 Ave,6759,40.7668,-73.9347774,40.76108,-73.930562,member
1603507,2B5E4B074B633AF7,classic_bike,2021-12-05 19:47:32,2021-12-05 19:50:31,36 Ave & 31 St,6572,Crescent St & 34 Ave,6759,40.75651272984955,-73.92957486212252,40.76108,-73.930562,member
1603509,6AFCA556D4EED2A6,classic_bike,2021-12-11 18:00:50,2021-12-11 18:04:19,36 Ave & 31 St,6572,Crescent St & 34 Ave,6759,40.75651272984955,-73.92957486212252,40.76108,-73.930562,member
1603510,2EDDBFE00ACDC922,classic_bike,2021-12-22 13:33:57,2021-12-22 13:40:22,Broadway & 12 St,6901,Crescent St & 34 Ave,6759,40.7668,-73.9347774,40.76108,-73.930562,member
1603525,84F28B2C30B15414,electric_bike,2021-12-22 14:42:32,2021-12-22 14:54:43,E 58 St & 1 Ave (NE Corner),6682,Crescent St & 34 Ave,6759,40.75892386377695,-73.96226227283478,40.76108,-73.930562,casual
1603534,012C0E8C38EC2F69,electric_bike,2021-12-14 15:08:24,2021-12-14 15:10:20,31 Ave & Crescent St,6893,Crescent St & 34 Ave,6759,40.7658346,-73.9265474,40.76108,-73.930562,member
1603541,73E4168BDAC4B146,classic_bike,2021-12-31 13:15:10,2021-12-31 13:44:53,46 Ave & 5 St,6286,Crescent St & 34 Ave,6759,40.74731,-73.95451,40.76108,-73.930562,member
1603543,C725C9F0F8437DC1,electric_bike,2021-12-07 18:03:33,2021-12-07 18:27:45,W 59 St & 10 Ave,7023,Crescent St & 34 Ave,6759,40.770513,-73.988038,40.76108,-73.930562,member
1603566,8245603A6DAA454A,classic_bike,2021-12-28 19:48:36,2021-12-28 20:08:11,E 58 St & 3 Ave,6762,Crescent St & 34 Ave,6759,40.76095756,-73.96724467,40.76108,-73.930562,member
1603568,D0DAF6382DC1117D,electric_bike,2021-12-21 22:22:52,2021-12-21 22:35:23,E 63 St & 3 Ave,6830,Crescent St & 34 Ave,6759,40.763954,-73.9646,40.76108,-73.930562,member
1603580,0C3CB504C1DBD8E5,electric_bike,2021-12-14 18:11:32,2021-12-14 18:16:13,36 Ave & 31 St,6572,Crescent St & 34 Ave,6759,40.75651272984955,-73.92957486212252,40.76108,-73.930562,casual
1603582,C70BBB04890042B2,electric_bike,2021-12-18 15:56:33,2021-12-18 15:59:24,34 Ave & 38 St,6638,Crescent St & 34 Ave,6759,40.756913,-73.921631,40.76108,-73.930562,member
1603586,688FF220140FDFEE,classic_bike,2021-12-31 13:42:50,2021-12-31 13:48:15,34th Ave & Vernon Blvd,6873,Crescent St & 34 Ave,6759,40.76535380385866,-73.93986314535141,40.76108,-73.930562,member
1603587,D74E8ECA21383DE6,classic_bike,2021-12-12 11:45:26,2021-12-12 11:51:07,34th Ave & Vernon Blvd,6873,Crescent St & 34 Ave,6759,40.76535380385866,-73.93986314535141,40.76108,-73.930562,member
1603589,8E9229A9E8234F42,classic_bike,2021-12-22 14:27:47,2021-12-22 14:32:20,34th Ave & Vernon Blvd,6873,Crescent St & 34 Ave,6759,40.76535380385866,-73.93986314535141,40.76108,-73.930562,member
1603590,7491D4E8888D2135,classic_bike,2021-12-11 16:33:06,2021-12-11 16:38:18,34th Ave & Vernon Blvd,6873,Crescent St & 34 Ave,6759,40.76535380385866,-73.93986314535141,40.76108,-73.930562,member
1603592,D0AA30B4B758EE35,electric_bike,2021-12-18 14:05:55,2021-12-18 14:09:47,38 Ave & 29 St,6538,Crescent St & 34 Ave,6759,40.75473,-73.93367,40.76108,-73.930562,casual
1603595,7BE6578C3CAB8BAC,classic_bike,2021-12-26 18:25:06,2021-12-26 18:35:58,Crescent St & Ditmars Blvd,7233,Crescent St & 34 Ave,6759,40.7787185,-73.9145645,40.76108,-73.930562,member
1603616,E6D1BCFCCF04483A,classic_bike,2021-12-30 10:21:54,2021-12-30 10:30:37,43 St & Broadway,6670,Crescent St & 34 Ave,6759,40.7577284,-73.9166368,40.76108,-73.930562,member
1603617,FD4C2F703567D551,classic_bike,2021-12-21 12:31:52,2021-12-21 12:38:55,43 St & Broadway,6670,Crescent St & 34 Ave,6759,40.7577284,-73.9166368,40.76108,-73.930562,member
1603626,24EEF2076AC0DAD0,classic_bike,2021-12-31 14:38:13,2021-12-31 14:44:07,24 St & 41 Ave,6505,Crescent St & 34 Ave,6759,40.752474,-73.939991,40.76108,-73.930562,member
1603629,8C88369DBE7097AC,classic_bike,2021-12-10 19:47:41,2021-12-10 20:20:34,E 17 St & Broadway,5980,Crescent St & 34 Ave,6759,40.73704984,-73.99009296,40.76108,-73.930562,member
1603636,833F866FCDEE3C99,classic_bike,2021-12-29 17:18:37,2021-12-29 17:25:49,24 St & 41 Ave,6505,Crescent St & 34 Ave,6759,40.752474,-73.939991,40.76108,-73.930562,member
1603647,BD05EC67B7E7EFE8,electric_bike,2021-12-17 00:56:58,2021-12-17 01:28:50,Broadway & W 29 St,6289,Crescent St & 34 Ave,6759,40.7462009,-73.98855723,40.76108,-73.930562,casual
1603664,016AE65E21CB5C25,electric_bike,2021-12-31 22:11:40,2021-12-31 22:23:03,18 St & 27 Ave,7062,Crescent St & 34 Ave,6759,40.772768286288304,-73.92743647098541,40.76108,-73.930562,casual
1603665,DC2E187EBA903B14,classic_bike,2021-12-23 16:27:15,2021-12-23 16:56:14,Newton Rd & 44 St,6743,Crescent St & 34 Ave,6759,40.7595701,-73.9142678,40.76108,-73.930562,member
1603676,3F07C18A86ECE72F,classic_bike,2021-12-16 21:29:03,2021-12-16 21:31:30,36 Ave & 31 St,6572,Crescent St & 34 Ave,6759,40.75651272984955,-73.92957486212252,40.76108,-73.930562,member
1603685,2CD57BDF7CC85ED6,electric_bike,2021-12-28 12:33:41,2021-12-28 13:03:34,E 17 St & Broadway,5980,Crescent St & 34 Ave,6759,40.73704984,-73.99009296,40.76108,-73.930562,casual
1603688,FBFA0F82F3CFC2D4,classic_bike,2021-12-08 15:39:22,2021-12-08 15:43:35,34 Ave & 38 St,6638,Crescent St & 34 Ave,6759,40.756913,-73.921631,40.76108,-73.930562,casual
1603689,2D2014840F692DB6,classic_bike,2021-12-06 13:18:32,2021-12-06 13:28:53,34 Ave & 21 St,6798,Crescent St & 34 Ave,6759,40.7628138,-73.9342862,40.76108,-73.930562,member
1603691,EC095E934B802FE1,classic_bike,2021-12-15 10:28:24,2021-12-15 10:31:42,34 Ave & 38 St,6638,Crescent St & 34 Ave,6759,40.756913,-73.921631,40.76108,-73.930562,member
1603693,ABB163BD2A13C97E,classic_bike,2021-12-17 14:01:59,2021-12-17 14:06:33,34 Ave & 38 St,6638,Crescent St & 34 Ave,6759,40.756913,-73.921631,40.76108,-73.930562,member
1603697,D86CFBA5D05BE3DC,classic_bike,2021-12-08 22:05:19,2021-12-08 22:11:20,34 Ave & 38 St,6638,Crescent St & 34 Ave,6759,40.756913,-73.921631,40.76108,-73.930562,member
1603698,39BF3FF5727EA000,electric_bike,2021-12-31 09:12:48,2021-12-31 09:15:46,34 Ave & 38 St,6638,Crescent St & 34 Ave,6759,40.756913,-73.921631,40.76108,-73.930562,member
1603699,F0389C131F23D7B0,electric_bike,2021-12-13 20:32:29,2021-12-13 20:38:47,34 Ave & 38 St,6638,Crescent St & 34 Ave,6759,40.756913,-73.921631,40.76108,-73.930562,member
1603703,7CB2A753FCAF3513,classic_bike,2021-12-27 12:22:22,2021-12-27 12:27:05,34 Ave & 38 St,6638,Crescent St & 34 Ave,6759,40.756913,-73.921631,40.76108,-73.930562,member
1603704,1CFD465C0B9B9647,electric_bike,2021-12-06 16:16:59,2021-12-06 16:25:40,48 St & Broadway,6629,Crescent St & 34 Ave,6759,40.755763,-73.912715,40.76108,-73.930562,member
1603706,ADE192F724EE14DB,classic_bike,2021-12-09 16:22:31,2021-12-09 16:29:02,Vernon Blvd & 30 Rd,7003,Crescent St & 34 Ave,6759,40.770845,-73.934171,40.76108,-73.930562,member
1603710,CDD002F88D400CA8,electric_bike,2021-12-05 08:17:00,2021-12-05 08:28:55,1 Ave & E 68 St,6822,Crescent St & 34 Ave,6759,40.76500525,-73.95818491,40.76108,-73.930562,member
1603713,07324622A7E9E318,electric_bike,2021-12-11 07:58:10,2021-12-11 08:11:38,1 Ave & E 68 St,6822,Crescent St & 34 Ave,6759,40.76500525,-73.95818491,40.76108,-73.930562,member
1603724,644AEAF5055ED679,electric_bike,2021-12-02 14:00:56,2021-12-02 14:07:14,8 St & Astoria Blvd,7068,Crescent St & 34 Ave,6759,40.7725996921817,-73.93266275525093,40.76108,-73.930562,casual
1603732,B2949608EA71D719,electric_bike,2021-12-30 08:33:13,2021-12-30 08:58:43,W 48 St &  Rockefeller Plaza,6626,Crescent St & 34 Ave,6759,40.75776935448309,-73.97929430007935,40.76108,-73.930562,member
1603737,95901D3DD300687B,classic_bike,2021-12-08 11:47:00,2021-12-08 11:51:43,34th Ave & Vernon Blvd,6873,Crescent St & 34 Ave,6759,40.76535380385866,-73.93986314535141,40.76108,-73.930562,member
1603741,3D7A7E984DB51096,classic_bike,2021-12-26 15:59:09,2021-12-26 16:03:57,34th Ave & Vernon Blvd,6873,Crescent St & 34 Ave,6759,40.76535380385866,-73.93986314535141,40.76108,-73.930562,member
1603756,6C93CAB6A67A3056,classic_bike,2021-12-13 14:07:00,2021-12-13 14:10:03,34 Ave & 21 St,6798,Crescent St & 34 Ave,6759,40.7628138,-73.9342862,40.76108,-73.930562,member
1603757,A02D46352B741D3B,classic_bike,2021-12-22 21:14:55,2021-12-22 21:17:27,34 Ave & 21 St,6798,Crescent St & 34 Ave,6759,40.7628138,-73.9342862,40.76108,-73.930562,member
1603772,5A06846D7ECB02F8,classic_bike,2021-12-12 15:12:13,2021-12-12 15:17:45,24 St & 41 Ave,6505,Crescent St & 34 Ave,6759,40.752474,-73.939991,40.76108,-73.930562,casual
1603773,FF2AFFE87E9CC1EF,classic_bike,2021-12-20 17:03:03,2021-12-20 17:25:46,Astoria Park S & Shore Blvd,7159,Crescent St & 34 Ave,6759,40.7767,-73.927631,40.76108,-73.930562,casual
1603777,274C2EC97B95AE22,classic_bike,2021-12-13 13:19:42,2021-12-13 14:00:36,Lafayette St & E 8 St,5788,Crescent St & 34 Ave,6759,40.73020660529954,-73.99102628231049,40.76108,-73.930562,member
1603789,333222B9A6D40BFC,electric_bike,2021-12-28 18:02:03,2021-12-28 18:14:59,40 Ave & 9 St,6664,Crescent St & 34 Ave,6759,40.75742,-73.945133,40.76108,-73.930562,member
1603791,3BF4EEC27B81B029,classic_bike,2021-12-03 09:01:52,2021-12-03 09:06:07,38 Ave & 29 St,6538,Crescent St & 34 Ave,6759,40.75473,-73.93367,40.76108,-73.930562,casual
1603792,C82574E86219A30F,classic_bike,2021-12-05 08:00:10,2021-12-05 08:04:28,38 Ave & 29 St,6538,Crescent St & 34 Ave,6759,40.75473,-73.93367,40.76108,-73.930562,casual
1603807,44801DC59FBAB56E,classic_bike,2021-12-13 17:39:29,2021-12-13 17:43:57,31 Rd & 21 St,6929,Crescent St & 34 Ave,6759,40.766824,-73.930486,40.76108,-73.930562,member
1603812,0D480A5812DFAB66,classic_bike,2021-12-26 17:16:02,2021-12-26 17:31:56,Astoria Park S & Shore Blvd,7159,Crescent St & 34 Ave,6759,40.7767,-73.927631,40.76108,-73.930562,casual
1603816,128DF1F828CAE304,classic_bike,2021-12-16 20:07:06,2021-12-16 20:45:56,6 Ave & W 34 St,6364,Crescent St & 34 Ave,6759,40.74964,-73.98805,40.76108,-73.930562,member
1603818,249D5E4B73FD301F,classic_bike,2021-12-31 15:25:53,2021-12-31 15:43:07,40 Ave & 9 St,6664,Crescent St & 34 Ave,6759,40.75742,-73.945133,40.76108,-73.930562,member
1603821,1CFAFB2B95A52E4D,classic_bike,2021-12-19 15:20:50,2021-12-19 15:33:33,Astoria Park S & Shore Blvd,7159,Crescent St & 34 Ave,6759,40.7767,-73.927631,40.76108,-73.930562,casual
1603822,3246EC99799376F3,classic_bike,2021-12-07 13:02:30,2021-12-07 13:07:50,24 St & 41 Ave,6505,Crescent St & 34 Ave,6759,40.752474,-73.939991,40.76108,-73.930562,casual
1603826,2BFC811AE37B3DAE,electric_bike,2021-12-17 15:23:23,2021-12-17 15:28:50,24 St & 41 Ave,6505,Crescent St & 34 Ave,6759,40.752474,-73.939991,40.76108,-73.930562,member
1603836,AA96FF330FBDA6A2,classic_bike,2021-12-08 16:22:00,2021-12-08 16:31:19,Vernon Blvd & 30 Rd,7003,Crescent St & 34 Ave,6759,40.770845,-73.934171,40.76108,-73.930562,member
1603837,FC1241008E7CD37E,classic_bike,2021-12-14 17:55:45,2021-12-14 18:03:13,Vernon Blvd & 30 Rd,7003,Crescent St & 34 Ave,6759,40.770845,-73.934171,40.76108,-73.930562,member
1603839,5B65F65A4C867324,classic_bike,2021-12-16 12:31:24,2021-12-16 12:39:42,Vernon Blvd & 30 Rd,7003,Crescent St & 34 Ave,6759,40.770845,-73.934171,40.76108,-73.930562,member
1603841,898E8D9DCF450473,electric_bike,2021-12-21 15:09:10,2021-12-21 15:11:34,31 Rd & 21 St,6929,Crescent St & 34 Ave,6759,40.766824,-73.930486,40.76108,-73.930562,member
1603844,659CEC6556EF02A4,classic_bike,2021-12-25 21:28:01,2021-12-25 21:42:24,34 Ave & 21 St,6798,Crescent St & 34 Ave,6759,40.7628138,-73.9342862,40.76108,-73.930562,casual
1603869,37C9E45361EC6B86,classic_bike,2021-12-24 08:56:12,2021-12-24 09:00:54,38 Ave & 29 St,6538,Crescent St & 34 Ave,6759,40.75473,-73.93367,40.76108,-73.930562,casual
1603870,AFB4F2044FA0E6CC,electric_bike,2021-12-09 15:07:15,2021-12-09 15:15:29,48 St & Broadway,6629,Crescent St & 34 Ave,6759,40.755763,-73.912715,40.76108,-73.930562,member
1603871,0408A36CC77CFCDC,electric_bike,2021-12-10 15:05:43,2021-12-10 15:15:42,48 St & Broadway,6629,Crescent St & 34 Ave,6759,40.755763,-73.912715,40.76108,-73.930562,member
1603875,B31373F531D61D65,electric_bike,2021-12-22 11:52:47,2021-12-22 12:00:06,24 St & 41 Ave,6505,Crescent St & 34 Ave,6759,40.752474,-73.939991,40.76108,-73.930562,member
1603876,BBBC0A55469C6FF5,classic_bike,2021-12-28 13:01:07,2021-12-28 13:06:52,24 St & 41 Ave,6505,Crescent St & 34 Ave,6759,40.752474,-73.939991,40.76108,-73.930562,member
1603886,20038B7C32BAE235,classic_bike,2021-12-17 16:00:15,2021-12-17 16:06:21,34 Ave & 38 St,6638,Crescent St & 34 Ave,6759,40.756913,-73.921631,40.76108,-73.930562,member
1603890,5D124AC0D941393A,electric_bike,2021-12-17 00:56:48,2021-12-17 01:28:40,Broadway & W 29 St,6289,Crescent St & 34 Ave,6759,40.7462009,-73.98855723,40.76108,-73.930562,casual
1603895,DEBB43E368568F47,classic_bike,2021-12-31 11:18:01,2021-12-31 11:23:42,43 St & Broadway,6670,Crescent St & 34 Ave,6759,40.7577284,-73.9166368,40.76108,-73.930562,member
1603914,B864B6FB93095266,electric_bike,2021-12-05 22:08:19,2021-12-05 22:27:39,W 67 St & Broadway,7116,Crescent St & 34 Ave,6759,40.77492513,-73.98266566,40.76108,-73.930562,member
1603932,0ECF05BF37FC5D52,classic_bike,2021-12-12 19:39:17,2021-12-12 19:45:08,24 St & 41 Ave,6505,Crescent St & 34 Ave,6759,40.752474,-73.939991,40.76108,-73.930562,member
1603953,4EC3F15ED5692D35,electric_bike,2021-12-15 23:31:08,2021-12-15 23:59:57,Macon St & Nostrand Ave,4214,Crescent St & 34 Ave,6759,40.6809833854,-73.9500479759,40.76108,-73.930562,member
1603957,5038397D14AD806D,electric_bike,2021-12-30 15:00:02,2021-12-30 15:38:52,E 4 St & Ave B,5515,Crescent St & 34 Ave,6759,40.72334683218016,-73.98265913128853,40.76108,-73.930562,member
1603963,CB1B839BDBECEE92,classic_bike,2021-12-30 20:42:33,2021-12-30 20:48:03,34th Ave & Vernon Blvd,6873,Crescent St & 34 Ave,6759,40.76535380385866,-73.93986314535141,40.76108,-73.930562,member
1603987,EDE90EC43DC35ECF,classic_bike,2021-12-13 13:42:00,2021-12-13 14:04:32,E 47 St & 2 Ave,6498,Crescent St & 34 Ave,6759,40.75323098,-73.97032517,40.76108,-73.930562,member
1603988,EED5F8F8C887FC7A,classic_bike,2021-12-07 17:36:33,2021-12-07 17:50:39,E 56 St & 3 Ave,6691,Crescent St & 34 Ave,6759,40.75934501,-73.96759673,40.76108,-73.930562,member
1604004,74EBD2C2E9DAC927,electric_bike,2021-12-02 23:39:58,2021-12-03 00:02:13,E 33 St & 5 Ave,6322,Crescent St & 34 Ave,6759,40.74765947,-73.98490707,40.76108,-73.930562,member
1604014,C21DBE0FE9795E8A,classic_bike,2021-12-22 13:33:35,2021-12-22 13:40:30,Broadway & 12 St,6901,Crescent St & 34 Ave,6759,40.7668,-73.9347774,40.76108,-73.930562,member
1604021,EA77DD7D9EB382CE,classic_bike,2021-12-21 15:59:12,2021-12-21 16:05:50,43 St & Broadway,6670,Crescent St & 34 Ave,6759,40.7577284,-73.9166368,40.76108,-73.930562,member
1604023,54656E9589853F9A,classic_bike,2021-12-31 14:16:00,2021-12-31 14:22:45,24 St & 41 Ave,6505,Crescent St & 34 Ave,6759,40.752474,-73.939991,40.76108,-73.930562,member
1604027,7074B1691194FE66,electric_bike,2021-12-20 16:44:13,2021-12-20 16:50:43,24 St & 41 Ave,6505,Crescent St & 34 Ave,6759,40.752474,-73.939991,40.76108,-73.930562,member
1604028,A06A00CF5D90E40F,electric_bike,2021-12-07 16:42:30,2021-12-07 16:47:50,24 St & 41 Ave,6505,Crescent St & 34 Ave,6759,40.752474,-73.939991,40.76108,-73.930562,member
1604029,5AA9B7ADA89B8CAA,classic_bike,2021-12-10 12:19:48,2021-12-10 12:25:39,24 St & 41 Ave,6505,Crescent St & 34 Ave,6759,40.752474,-73.939991,40.76108,-73.930562,casual
1604033,22B5D66CE9EAB585,classic_bike,2021-12-17 18:52:54,2021-12-17 18:54:55,34 Ave & 21 St,6798,Crescent St & 34 Ave,6759,40.7628138,-73.9342862,40.76108,-73.930562,member
1604034,34D7AB0B015505CB,classic_bike,2021-12-13 15:54:19,2021-12-13 15:57:38,34 Ave & 21 St,6798,Crescent St & 34 Ave,6759,40.7628138,-73.9342862,40.76108,-73.930562,member
1604056,E8C2DBEE0C5F5D16,electric_bike,2021-12-16 08:37:06,2021-12-16 08:41:38,31 Rd & 21 St,6929,Crescent St & 34 Ave,6759,40.766824,-73.930486,40.76108,-73.930562,member
1604060,B2CBB561F9722812,electric_bike,2021-12-15 16:47:28,2021-12-15 16:54:52,40 Ave & 9 St,6664,Crescent St & 34 Ave,6759,40.75742,-73.945133,40.76108,-73.930562,casual
1604078,945EAF01907DF78A,classic_bike,2021-12-20 14:15:02,2021-12-20 14:16:40,34 Ave & 31 St,6720,Crescent St & 34 Ave,6759,40.759604471387945,-73.92714411020279,40.76108,-73.930562,member
1604086,8EF095CDF197697E,electric_bike,2021-12-12 17:23:48,2021-12-12 17:27:49,34 Ave & 38 St,6638,Crescent St & 34 Ave,6759,40.756913,-73.921631,40.76108,-73.930562,member
1604088,93EE9DCB267E653C,electric_bike,2021-12-28 12:07:45,2021-12-28 12:11:01,34 Ave & 38 St,6638,Crescent St & 34 Ave,6759,40.756913,-73.921631,40.76108,-73.930562,member
1604093,49EE6875B4C43397,classic_bike,2021-12-06 18:58:31,2021-12-06 19:05:42,31 Rd & 21 St,6929,Crescent St & 34 Ave,6759,40.766824,-73.930486,40.76108,-73.930562,member
1604100,526C723629E0EDD7,electric_bike,2021-12-09 22:55:09,2021-12-09 23:05:28,40 Ave & 9 St,6664,Crescent St & 34 Ave,6759,40.75742,-73.945133,40.76108,-73.930562,member
1604125,2DCB6A55A5FBD945,electric_bike,2021-12-19 12:24:21,2021-12-19 12:33:00,36 St & Ditmars Blvd,7111,Crescent St & 34 Ave,6759,40.774306,-73.908335,40.76108,-73.930562,member
1604133,2EADAB8EA3A1903C,classic_bike,2021-12-05 15:42:13,2021-12-05 15:52:52,45 Rd & 11 St,6319,Crescent St & 34 Ave,6759,40.74708586,-73.94977234,40.76108,-73.930562,casual
1604143,E74755FA0C7EEC34,classic_bike,2021-12-15 00:44:06,2021-12-15 01:15:21,5 Ave & E 63 St,6904,Crescent St & 34 Ave,6759,40.766368,-73.971518,40.76108,-73.930562,casual
1604159,9B4EE05F6F7F5054,electric_bike,2021-12-13 12:33:47,2021-12-13 12:49:27,E 47 St & 2 Ave,6498,Crescent St & 34 Ave,6759,40.75323098,-73.97032517,40.76108,-73.930562,member
1604162,863B4960624BA94B,classic_bike,2021-12-27 16:53:34,2021-12-27 17:12:58,E 56 St & 3 Ave,6691,Crescent St & 34 Ave,6759,40.75934501,-73.96759673,40.76108,-73.930562,member
1604168,0915F1138943B5BC,classic_bike,2021-12-16 09:40:08,2021-12-16 09:45:27,24 St & 41 Ave,6505,Crescent St & 34 Ave,6759,40.752474,-73.939991,40.76108,-73.930562,member
1604171,0F4344D11E833DAF,classic_bike,2021-12-18 21:34:34,2021-12-18 21:43:22,24 St & 41 Ave,6505,Crescent St & 34 Ave,6759,40.752474,-73.939991,40.76108,-73.930562,member
1604179,7A16B54FF3025F9A,electric_bike,2021-12-02 21:41:30,2021-12-02 21:53:03,Broadway & 51 St,6545,Crescent St & 34 Ave,6759,40.754164,-73.908906,40.76108,-73.930562,member
1604187,CAF747C4E3CEFEA3,electric_bike,2021-12-19 15:54:19,2021-12-19 15:56:44,31 Rd & 21 St,6929,Crescent St & 34 Ave,6759,40.766824,-73.930486,40.76108,-73.930562,member
1604224,4000F8C20DA9B5C2,electric_bike,2021-12-10 15:38:14,2021-12-10 16:00:48,N 12 St & Bedford Ave,5450,Crescent St & 34 Ave,6759,40.72079821,-73.95484712,40.76108,-73.930562,casual
1604239,E57F90D2BD14DD03,electric_bike,2021-12-09 14:38:49,2021-12-09 14:52:29,Nassau Ave & Newell St,5623,Crescent St & 34 Ave,6759,40.724812564400175,-73.94752621650696,40.76108,-73.930562,member
1604261,0B661599BC7630C6,electric_bike,2021-12-12 01:29:04,2021-12-12 01:39:33,36 St & Ditmars Blvd,7111,Crescent St & 34 Ave,6759,40.774306,-73.908335,40.76108,-73.930562,casual
1604299,AED77957094DE1B1,classic_bike,2021-12-09 10:30:40,2021-12-09 10:32:48,Crescent St & Broadway,6827,Crescent St & 34 Ave,6759,40.7633589,-73.9286471,40.76108,-73.930562,member
1604304,465ACF85AB258334,electric_bike,2021-12-28 15:36:46,2021-12-28 15:45:28,38 St & 30 Ave,6850,Crescent St & 34 Ave,6759,40.764174520197685,-73.91583994030952,40.76108,-73.930562,member
1604349,BC4D8439FD2AA40B,classic_bike,2021-12-17 12:57:47,2021-12-17 13:14:22,48 Ave & 5 St,6212,Crescent St & 34 Ave,6759,40.74436328706688,-73.9558732509613,40.76108,-73.930562,casual
1604364,CFF46763381FC144,classic_bike,2021-12-23 19:54:10,2021-12-23 20:02:00,38 St & 30 Ave,6850,Crescent St & 34 Ave,6759,40.764174520197685,-73.91583994030952,40.76108,-73.930562,member
1604366,8978C6ACA7092E2D,classic_bike,2021-12-28 15:41:44,2021-12-28 15:49:48,38 St & 30 Ave,6850,Crescent St & 34 Ave,6759,40.764174520197685,-73.91583994030952,40.76108,-73.930562,member
1604369,84F6877A99114CA0,electric_bike,2021-12-02 14:19:15,2021-12-02 14:26:40,38 St & 30 Ave,6850,Crescent St & 34 Ave,6759,40.764174520197685,-73.91583994030952,40.76108,-73.930562,casual
1604371,B6FEE69E42E6E285,classic_bike,2021-12-10 16:04:09,2021-12-10 16:05:30,Crescent St & Broadway,6827,Crescent St & 34 Ave,6759,40.7633589,-73.9286471,40.76108,-73.930562,member
1604382,E44A7A9FC8F9371B,electric_bike,2021-12-14 12:28:36,2021-12-14 12:33:35,38 St & 30 Ave,6850,Crescent St & 34 Ave,6759,40.764174520197685,-73.91583994030952,40.76108,-73.930562,member
1604385,F25CD85F9FEF4479,classic_bike,2021-12-28 18:22:01,2021-12-28 18:39:16,23 Rd & 31 St,7082,Crescent St & 34 Ave,6759,40.77336750284339,-73.91382560133934,40.76108,-73.930562,member
1604393,A97CFC509E987934,classic_bike,2021-12-17 21:43:42,2021-12-17 21:58:31,E 56 St & 3 Ave,6691,Crescent St & 34 Ave,6759,40.75934501,-73.96759673,40.76108,-73.930562,member
1604396,A3D3423FFBA7889B,electric_bike,2021-12-21 15:08:34,2021-12-21 15:14:42,42 Pl & Northern Blvd,6520,Crescent St & 34 Ave,6759,40.753091,-73.920603,40.76108,-73.930562,casual
1604405,D65A70D71858E416,electric_bike,2021-12-03 10:52:54,2021-12-03 10:57:11,Crescent St & Broadway,6827,Crescent St & 34 Ave,6759,40.7633589,-73.9286471,40.76108,-73.930562,member
1604406,CEBCA34D892266D7,electric_bike,2021-12-11 15:41:44,2021-12-11 15:42:37,Crescent St & Broadway,6827,Crescent St & 34 Ave,6759,40.7633589,-73.9286471,40.76108,-73.930562,member
1604408,C15276AE99EE6C3A,classic_bike,2021-12-02 13:45:32,2021-12-02 13:46:59,Crescent St & Broadway,6827,Crescent St & 34 Ave,6759,40.7633589,-73.9286471,40.76108,-73.930562,member
1604409,4B33A96E9A80EEAB,classic_bike,2021-12-02 08:04:12,2021-12-02 08:05:48,Crescent St & Broadway,6827,Crescent St & 34 Ave,6759,40.7633589,-73.9286471,40.76108,-73.930562,member
1604411,87D318C383E92342,classic_bike,2021-12-14 16:42:35,2021-12-14 16:44:34,Crescent St & Broadway,6827,Crescent St & 34 Ave,6759,40.7633589,-73.9286471,40.76108,-73.930562,member
1604412,5F50383E2A1224C1,electric_bike,2021-12-22 15:31:58,2021-12-22 15:34:50,Crescent St & Broadway,6827,Crescent St & 34 Ave,6759,40.7633589,-73.9286471,40.76108,-73.930562,member
1604414,91B1F69562F35A48,electric_bike,2021-12-26 16:22:41,2021-12-26 16:24:03,Crescent St & Broadway,6827,Crescent St & 34 Ave,6759,40.7633589,-73.9286471,40.76108,-73.930562,member
1604415,955744AC76ED53FD,classic_bike,2021-12-16 13:29:06,2021-12-16 13:30:45,Crescent St & Broadway,6827,Crescent St & 34 Ave,6759,40.7633589,-73.9286471,40.76108,-73.930562,member
1604416,B95D8A13C3BB13B1,electric_bike,2021-12-06 12:45:17,2021-12-06 12:46:40,Crescent St & Broadway,6827,Crescent St & 34 Ave,6759,40.7633589,-73.9286471,40.76108,-73.930562,member
1604417,4CBD72A733F78689,classic_bike,2021-12-15 08:03:17,2021-12-15 08:04:43,Crescent St & Broadway,6827,Crescent St & 34 Ave,6759,40.7633589,-73.9286471,40.76108,-73.930562,member
1604418,75FD1861FF3452E0,classic_bike,2021-12-24 20:23:51,2021-12-24 20:26:41,Crescent St & Broadway,6827,Crescent St & 34 Ave,6759,40.7633589,-73.9286471,40.76108,-73.930562,member
1604419,F7169678861AD614,electric_bike,2021-12-16 18:16:04,2021-12-16 18:18:01,Crescent St & Broadway,6827,Crescent St & 34 Ave,6759,40.7633589,-73.9286471,40.76108,-73.930562,casual
1604421,76F83533B6B81127,classic_bike,2021-12-14 08:04:18,2021-12-14 08:05:58,Crescent St & Broadway,6827,Crescent St & 34 Ave,6759,40.7633589,-73.9286471,40.76108,-73.930562,member
1604422,72DBC2F541513F64,classic_bike,2021-12-13 13:50:28,2021-12-13 13:52:11,Crescent St & Broadway,6827,Crescent St & 34 Ave,6759,40.7633589,-73.9286471,40.76108,-73.930562,member
1604423,05C0BBEB7886AF79,electric_bike,2021-12-25 14:50:34,2021-12-25 14:51:58,Crescent St & Broadway,6827,Crescent St & 34 Ave,6759,40.7633589,-73.9286471,40.76108,-73.930562,member
1604424,D902591F890C56C8,electric_bike,2021-12-26 09:32:19,2021-12-26 09:33:43,Crescent St & Broadway,6827,Crescent St & 34 Ave,6759,40.7633589,-73.9286471,40.76108,-73.930562,member
1604426,9C15F788C3ED10AA,electric_bike,2021-12-09 12:47:59,2021-12-09 12:57:16,Crescent St & Broadway,6827,Crescent St & 34 Ave,6759,40.7633589,-73.9286471,40.76108,-73.930562,member
1604431,0FF43D6A2DED6B58,classic_bike,2021-12-22 21:21:23,2021-12-22 21:23:04,Crescent St & Broadway,6827,Crescent St & 34 Ave,6759,40.7633589,-73.9286471,40.76108,-73.930562,member
1604432,E2429C3F2309AD95,classic_bike,2021-12-22 21:27:43,2021-12-22 21:29:45,Crescent St & Broadway,6827,Crescent St & 34 Ave,6759,40.7633589,-73.9286471,40.76108,-73.930562,member
1604433,211391581DE9C2A4,electric_bike,2021-12-24 20:24:21,2021-12-24 20:25:54,Crescent St & Broadway,6827,Crescent St & 34 Ave,6759,40.7633589,-73.9286471,40.76108,-73.930562,member
1604449,FC3BB25FD7A1B373,electric_bike,2021-12-06 11:13:02,2021-12-06 11:29:34,E 56 St & 3 Ave,6691,Crescent St & 34 Ave,6759,40.75934501,-73.96759673,40.76108,-73.930562,member
1604454,512D7950791DEF43,electric_bike,2021-12-08 19:51:35,2021-12-08 20:31:24,6 Ave & Broome St,5610,Crescent St & 34 Ave,6759,40.72431,-74.00473,40.76108,-73.930562,member
1604455,3215ED6E54829100,electric_bike,2021-12-17 15:37:54,2021-12-17 15:44:29,38 St & 30 Ave,6850,Crescent St & 34 Ave,6759,40.764174520197685,-73.91583994030952,40.76108,-73.930562,member
1604460,EE579B162B137023,electric_bike,2021-12-27 17:18:25,2021-12-27 17:26:39,38 St & 30 Ave,6850,Crescent St & 34 Ave,6759,40.764174520197685,-73.91583994030952,40.76108,-73.930562,member
1604463,DADB12F33650CE87,classic_bike,2021-12-01 10:50:47,2021-12-01 10:56:54,38 St & 30 Ave,6850,Crescent St & 34 Ave,6759,40.764174520197685,-73.91583994030952,40.76108,-73.930562,member
1604465,1C79AB1D84F9EAC9,classic_bike,2021-12-23 11:21:00,2021-12-23 11:29:41,38 St & 30 Ave,6850,Crescent St & 34 Ave,6759,40.764174520197685,-73.91583994030952,40.76108,-73.930562,member
1604499,4604F74639CBF914,classic_bike,2021-12-30 17:17:00,2021-12-30 17:25:01,31 Ave & 34 St,6819,Crescent St & 34 Ave,6759,40.763154,-73.920827,40.76108,-73.930562,member
1604508,4E4492B646CED101,electric_bike,2021-12-30 08:01:13,2021-12-30 08:22:39,E 76 St & Park Ave,7128,Crescent St & 34 Ave,6759,40.773763,-73.96222088,40.76108,-73.930562,casual
1604514,737903A4FB0AC015,classic_bike,2021-12-02 15:02:55,2021-12-02 15:04:17,Crescent St & Broadway,6827,Crescent St & 34 Ave,6759,40.7633589,-73.9286471,40.76108,-73.930562,member
1604515,65D119ADB4E8ACC7,electric_bike,2021-12-16 18:10:10,2021-12-16 18:11:47,Crescent St & Broadway,6827,Crescent St & 34 Ave,6759,40.7633589,-73.9286471,40.76108,-73.930562,member
1604528,B40FBB320EF094BE,classic_bike,2021-12-05 09:52:05,2021-12-05 09:54:57,Crescent St & Broadway,6827,Crescent St & 34 Ave,6759,40.7633589,-73.9286471,40.76108,-73.930562,member
1604529,5F8F05AA59905885,electric_bike,2021-12-19 19:06:05,2021-12-19 19:12:51,Crescent St & Broadway,6827,Crescent St & 34 Ave,6759,40.7633589,-73.9286471,40.76108,-73.930562,member
1604536,D2A087CFBA3752CB,classic_bike,2021-12-16 23:16:39,2021-12-16 23:17:58,Crescent St & Broadway,6827,Crescent St & 34 Ave,6759,40.7633589,-73.9286471,40.76108,-73.930562,member
1604538,CFA425BAA7B64C29,electric_bike,2021-12-07 11:49:12,2021-12-07 11:54:39,38 St & 30 Ave,6850,Crescent St & 34 Ave,6759,40.764174520197685,-73.91583994030952,40.76108,-73.930562,member
1604539,915CF9B7FD5EAF92,electric_bike,2021-12-16 12:34:36,2021-12-16 12:40:29,38 St & 30 Ave,6850,Crescent St & 34 Ave,6759,40.764174520197685,-73.91583994030952,40.76108,-73.930562,member
1604549,B758301E23F3AF39,classic_bike,2021-12-03 17:04:51,2021-12-03 17:12:46,31 Ave & 34 St,6819,Crescent St & 34 Ave,6759,40.763154,-73.920827,40.76108,-73.930562,casual
1604555,7A8155DF446133C8,electric_bike,2021-12-02 10:58:45,2021-12-02 11:02:21,Crescent St & Broadway,6827,Crescent St & 34 Ave,6759,40.7633589,-73.9286471,40.76108,-73.930562,member
1604558,2E0DA57868C3FC48,classic_bike,2021-12-18 14:46:37,2021-12-18 14:48:47,Crescent St & Broadway,6827,Crescent St & 34 Ave,6759,40.7633589,-73.9286471,40.76108,-73.930562,member
1604563,E96FA631252C2FE1,classic_bike,2021-12-04 15:54:17,2021-12-04 15:57:55,Crescent St & Broadway,6827,Crescent St & 34 Ave,6759,40.7633589,-73.9286471,40.76108,-73.930562,member
1604565,F94DFDD97D75115E,classic_bike,2021-12-08 07:56:29,2021-12-08 07:58:30,Crescent St & Broadway,6827,Crescent St & 34 Ave,6759,40.7633589,-73.9286471,40.76108,-73.930562,member
1604566,37B55353D8410A77,classic_bike,2021-12-23 08:04:54,2021-12-23 08:06:51,Crescent St & Broadway,6827,Crescent St & 34 Ave,6759,40.7633589,-73.9286471,40.76108,-73.930562,member
1604573,E33F763593B332DC,electric_bike,2021-12-22 19:26:51,2021-12-22 19:58:45,Ditmars Blvd & 43 St,7039,Crescent St & 34 Ave,6759,40.771203,-73.903865,40.76108,-73.930562,member
1604580,68876530BCBFCABC,classic_bike,2021-12-16 18:40:17,2021-12-16 19:20:57,W 24 St & 7 Ave,6257,Crescent St & 34 Ave,6759,40.74487634,-73.99529885,40.76108,-73.930562,member
1604597,F3A54DDE41CFC4AC,classic_bike,2021-12-01 12:35:05,2021-12-01 12:42:49,31 Ave & 34 St,6819,Crescent St & 34 Ave,6759,40.763154,-73.920827,40.76108,-73.930562,casual
1604602,F31BC075DDABC8F3,electric_bike,2021-12-09 12:04:05,2021-12-09 12:08:49,31 Ave & 34 St,6819,Crescent St & 34 Ave,6759,40.763154,-73.920827,40.76108,-73.930562,casual
1604608,6E67A0599822424B,electric_bike,2021-12-02 08:38:48,2021-12-02 09:00:41,1 Ave & E 30 St,6079,Crescent St & 34 Ave,6759,40.74144387,-73.97536082,40.76108,-73.930562,member
1604624,22B54A00A9B35D82,classic_bike,2021-12-19 22:16:35,2021-12-19 22:27:10,30 Ave & 47 St,6774,Crescent St & 34 Ave,6759,40.761294,-73.909562,40.76108,-73.930562,casual
1604627,301AF7BEE93099BF,classic_bike,2021-12-29 17:16:22,2021-12-29 17:19:27,34 Ave & 21 St,6798,Crescent St & 34 Ave,6759,40.7628138,-73.9342862,40.76108,-73.930562,member
1604636,88A21BE464BE07C3,classic_bike,2021-12-15 06:00:31,2021-12-15 06:03:13,34 Ave & 21 St,6798,Crescent St & 34 Ave,6759,40.7628138,-73.9342862,40.76108,-73.930562,member
1604640,3E02D2A6DD9BE1D7,classic_bike,2021-12-09 07:48:53,2021-12-09 07:50:30,Crescent St & Broadway,6827,Crescent St & 34 Ave,6759,40.7633589,-73.9286471,40.76108,-73.930562,member
1604646,55044673FB97DA1A,classic_bike,2021-12-12 15:15:29,2021-12-12 16:00:45,E 56 St & 3 Ave,6691,Crescent St & 34 Ave,6759,40.75934501,-73.96759673,40.76108,-73.930562,casual
1604656,7B99A63EB34ED5C7,electric_bike,2021-12-30 08:21:08,2021-12-30 08:33:36,1 Ave & E 62 St,6753,Crescent St & 34 Ave,6759,40.7612274,-73.96094022,40.76108,-73.930562,member
1604657,A54D71125B7F8BE8,classic_bike,2021-12-04 07:43:00,2021-12-04 08:26:35,E 16 St & 5 Ave,6022,Crescent St & 34 Ave,6759,40.73726186,-73.99238967,40.76108,-73.930562,member
1604670,1F3AC5E92D006BC8,electric_bike,2021-12-02 08:14:06,2021-12-02 08:26:37,1 Ave & E 62 St,6753,Crescent St & 34 Ave,6759,40.7612274,-73.96094022,40.76108,-73.930562,member
1604690,19D73AABCE749A3D,electric_bike,2021-12-02 22:28:49,2021-12-02 22:48:48,W 70 St & Amsterdam Ave,7207,Crescent St & 34 Ave,6759,40.77748046,-73.98288594,40.76108,-73.930562,member
1604692,61EBDF482A158D68,electric_bike,2021-12-07 08:29:45,2021-12-07 08:41:30,1 Ave & E 62 St,6753,Crescent St & 34 Ave,6759,40.7612274,-73.96094022,40.76108,-73.930562,member
1604693,76DEABDBD3E5F527,electric_bike,2021-12-21 08:36:40,2021-12-21 08:48:22,1 Ave & E 62 St,6753,Crescent St & 34 Ave,6759,40.7612274,-73.96094022,40.76108,-73.930562,member
1604699,6CF6A9631B1B4E5F,electric_bike,2021-12-16 08:37:01,2021-12-16 08:48:22,1 Ave & E 62 St,6753,Crescent St & 34 Ave,6759,40.7612274,-73.96094022,40.76108,-73.930562,member
1604701,C71A858337C6B392,electric_bike,2021-12-06 18:09:46,2021-12-06 18:21:56,1 Ave & E 62 St,6753,Crescent St & 34 Ave,6759,40.7612274,-73.96094022,40.76108,-73.930562,casual
1604702,93B3E0569311C930,electric_bike,2021-12-22 22:14:51,2021-12-22 22:33:47,W 70 St & Amsterdam Ave,7207,Crescent St & 34 Ave,6759,40.77748046,-73.98288594,40.76108,-73.930562,member
1604726,9A14F4E740B122CE,classic_bike,2021-12-08 08:27:56,2021-12-08 08:32:55,31 Ave & 34 St,6819,Crescent St & 34 Ave,6759,40.763154,-73.920827,40.76108,-73.930562,member
1604732,5983DB0806DE29EF,classic_bike,2021-12-23 09:27:29,2021-12-23 09:32:41,31 Ave & 34 St,6819,Crescent St & 34 Ave,6759,40.763154,-73.920827,40.76108,-73.930562,member
1604742,FFE3DC6A1590921A,classic_bike,2021-12-15 08:40:25,2021-12-15 09:08:53,1 Ave & E 30 St,6079,Crescent St & 34 Ave,6759,40.74144387,-73.97536082,40.76108,-73.930562,member
1604754,7996CCC59EFA6DEC,classic_bike,2021-12-12 15:22:59,2021-12-12 16:10:39,Riverside Dr & W 104 St,7623,Crescent St & 34 Ave,6759,40.8013434,-73.9711457439,40.76108,-73.930562,member
1604775,E40595B7B84E2E08,classic_bike,2021-12-16 08:41:08,2021-12-16 09:17:23,E 20 St & Park Ave,6055,Crescent St & 34 Ave,6759,40.73827428,-73.98751968,40.76108,-73.930562,member
1604776,4A4888ACB30B8DC3,classic_bike,2021-12-13 08:27:36,2021-12-13 09:03:37,E 20 St & Park Ave,6055,Crescent St & 34 Ave,6759,40.73827428,-73.98751968,40.76108,-73.930562,member
1604779,D0EDE3AE99CE6D6F,electric_bike,2021-12-26 07:04:47,2021-12-26 07:34:02,E 20 St & Park Ave,6055,Crescent St & 34 Ave,6759,40.73827428,-73.98751968,40.76108,-73.930562,member
1604786,AC4A72ECB1C44D51,electric_bike,2021-12-30 20:42:48,2021-12-30 20:54:55,1 Ave & E 62 St,6753,Crescent St & 34 Ave,6759,40.7612274,-73.96094022,40.76108,-73.930562,member
1604816,B1AE4FBB08C43E9B,electric_bike,2021-12-27 08:29:05,2021-12-27 08:41:21,1 Ave & E 62 St,6753,Crescent St & 34 Ave,6759,40.7612274,-73.96094022,40.76108,-73.930562,member
1604841,B1D5AC67D27AC868,electric_bike,2021-12-23 15:09:31,2021-12-23 15:14:50,31 Ave & 34 St,6819,Crescent St & 34 Ave,6759,40.763154,-73.920827,40.76108,-73.930562,member
1604854,F14746616FED23C9,classic_bike,2021-12-11 07:40:10,2021-12-11 08:32:56,W 13 St & 5 Ave,5947,Crescent St & 34 Ave,6759,40.735445,-73.99431,40.76108,-73.930562,member
1604863,9C8D867A76AD2393,electric_bike,2021-12-25 14:05:42,2021-12-25 14:50:34,E 76 St & Park Ave,7128,Crescent St & 34 Ave,6759,40.773763,-73.96222088,40.76108,-73.930562,casual
1604918,F4FA48978E72A3B4,classic_bike,2021-12-15 17:46:20,2021-12-15 17:53:24,Vernon Blvd & 10 St,6937,Crescent St & 34 Ave,6759,40.7671863,-73.9373554,40.76108,-73.930562,member
1604919,BF70704407558D1C,classic_bike,2021-12-16 20:07:09,2021-12-16 20:10:34,24 St & 38 Ave,6581,Crescent St & 34 Ave,6759,40.756351,-73.936515,40.76108,-73.930562,member
1604923,920FB739F5CD0E10,classic_bike,2021-12-05 17:49:00,2021-12-05 18:09:43,24 St & 38 Ave,6581,Crescent St & 34 Ave,6759,40.756351,-73.936515,40.76108,-73.930562,member
1604957,5C7752A3ED2283B6,electric_bike,2021-12-04 16:23:48,2021-12-04 16:42:48,E 72 St & Park Ave,6998,Crescent St & 34 Ave,6759,40.77118287540658,-73.96409422159195,40.76108,-73.930562,casual
1604963,E88668D7D38B1F5D,electric_bike,2021-12-26 15:54:25,2021-12-26 15:58:29,35 Ave & 10 St,6806,Crescent St & 34 Ave,6759,40.76315481910373,-73.93985509872437,40.76108,-73.930562,member
1604966,97B8468E6314AD56,electric_bike,2021-12-08 16:39:54,2021-12-08 16:42:54,21 St & 31 Dr,6865,Crescent St & 34 Ave,6759,40.7659,-73.930819,40.76108,-73.930562,member
1604972,93144050FEDD2693,electric_bike,2021-12-23 22:08:29,2021-12-23 22:54:14,Southern Blvd & E 175 St,8196,Crescent St & 34 Ave,6759,40.839335,-73.886445,40.76108,-73.930562,member
1604999,C493BBCB991A6519,classic_bike,2021-12-17 14:03:07,2021-12-17 14:10:20,Vernon Blvd & 10 St,6937,Crescent St & 34 Ave,6759,40.7671863,-73.9373554,40.76108,-73.930562,casual
1605003,5D6C1B4DDE847654,classic_bike,2021-12-20 11:37:28,2021-12-20 11:56:27,21 St & 31 Dr,6865,Crescent St & 34 Ave,6759,40.7659,-73.930819,40.76108,-73.930562,member
1605015,96F70F3D29466142,classic_bike,2021-12-23 11:33:22,2021-12-23 12:02:46,21 St & 31 Dr,6865,Crescent St & 34 Ave,6759,40.7659,-73.930819,40.76108,-73.930562,member
1605016,784C2893242DB556,electric_bike,2021-12-22 11:27:07,2021-12-22 11:33:24,35 Ave & 10 St,6806,Crescent St & 34 Ave,6759,40.76315481910373,-73.93985509872437,40.76108,-73.930562,member
1605017,96B092014C8041DC,classic_bike,2021-12-11 01:04:04,2021-12-11 01:08:25,21 St & 31 Dr,6865,Crescent St & 34 Ave,6759,40.7659,-73.930819,40.76108,-73.930562,member
1605019,AE61DE1447701B02,classic_bike,2021-12-07 16:54:24,2021-12-07 17:01:38,35 Ave & 10 St,6806,Crescent St & 34 Ave,6759,40.76315481910373,-73.93985509872437,40.76108,-73.930562,member
1605020,DA308B6D5997539D,classic_bike,2021-12-01 03:10:53,2021-12-01 03:14:13,21 St & 31 Dr,6865,Crescent St & 34 Ave,6759,40.7659,-73.930819,40.76108,-73.930562,member
1605030,4B3C7C2A1F1A2F47,classic_bike,2021-12-12 15:39:08,2021-12-12 15:45:09,Vernon Blvd & 10 St,6937,Crescent St & 34 Ave,6759,40.7671863,-73.9373554,40.76108,-73.930562,member
1605042,8BC918454D720DB0,classic_bike,2021-12-03 13:06:42,2021-12-03 13:13:09,31 St & Newtown Ave,6923,Crescent St & 34 Ave,6759,40.7675487799971,-73.9209334552288,40.76108,-73.930562,member
1605047,99F6A907BA23AF10,electric_bike,2021-12-21 16:35:34,2021-12-21 17:00:14,Milton St & Franklin St,5752,Crescent St & 34 Ave,6759,40.72906,-73.95779,40.76108,-73.930562,casual
1605060,4C59A3B08214B7CA,classic_bike,2021-12-14 22:55:41,2021-12-14 23:00:36,31 St & Newtown Ave,6923,Crescent St & 34 Ave,6759,40.7675487799971,-73.9209334552288,40.76108,-73.930562,member
1605066,50E611AC8916E1F4,electric_bike,2021-12-02 08:31:19,2021-12-02 08:36:43,31 St & Newtown Ave,6923,Crescent St & 34 Ave,6759,40.7675487799971,-73.9209334552288,40.76108,-73.930562,member
1605069,D0C6CBE56C8C4AE4,electric_bike,2021-12-14 16:31:00,2021-12-14 16:39:44,21 St & Queens Plaza North,6471,Crescent St & 34 Ave,6759,40.75325964,-73.94335788,40.76108,-73.930562,member
1605070,EAF4225C6326B147,classic_bike,2021-12-01 14:25:57,2021-12-01 14:33:28,31 St & Newtown Ave,6923,Crescent St & 34 Ave,6759,40.7675487799971,-73.9209334552288,40.76108,-73.930562,member
1605073,B310FAB92517EBD0,classic_bike,2021-12-07 20:55:53,2021-12-07 21:03:23,21 St & Queens Plaza North,6471,Crescent St & 34 Ave,6759,40.75325964,-73.94335788,40.76108,-73.930562,casual
1605079,F34D74B0349106C2,electric_bike,2021-12-13 12:39:55,2021-12-13 12:46:25,31 St & Newtown Ave,6923,Crescent St & 34 Ave,6759,40.7675487799971,-73.9209334552288,40.76108,-73.930562,member
1605082,65B48866E4CA88EC,electric_bike,2021-12-01 14:17:48,2021-12-01 14:22:42,31 St & Newtown Ave,6923,Crescent St & 34 Ave,6759,40.7675487799971,-73.9209334552288,40.76108,-73.930562,member
1605087,A4D925DE3A3E95A6,electric_bike,2021-12-31 18:21:02,2021-12-31 18:30:44,31 St & Newtown Ave,6923,Crescent St & 34 Ave,6759,40.7675487799971,-73.9209334552288,40.76108,-73.930562,member
1605089,714D3AEF358A2F61,electric_bike,2021-12-06 08:08:26,2021-12-06 08:32:22,E 19 St & 3 Ave,5938,Crescent St & 34 Ave,6759,40.73624527,-73.98473765,40.76108,-73.930562,member
1605090,5CC09726CF2E2119,electric_bike,2021-12-30 07:38:14,2021-12-30 08:03:42,E 19 St & 3 Ave,5938,Crescent St & 34 Ave,6759,40.73624527,-73.98473765,40.76108,-73.930562,member
1605114,F2F2DBAC5583FB09,electric_bike,2021-12-28 07:27:50,2021-12-28 07:50:19,E 19 St & 3 Ave,5938,Crescent St & 34 Ave,6759,40.73624527,-73.98473765,40.76108,-73.930562,member
1605187,37AD6F898ABA9A91,classic_bike,2021-12-09 20:31:17,2021-12-09 20:37:29,Crescent St & 35 Ave,6688,Crescent St & 34 Ave,6759,40.7596276,-73.9321455,40.76108,-73.930562,member
1605188,881DD897BF829FFE,classic_bike,2021-12-08 12:08:24,2021-12-08 12:09:31,Crescent St & 35 Ave,6688,Crescent St & 34 Ave,6759,40.7596276,-73.9321455,40.76108,-73.930562,member
1605191,A04E95ED0E8AC92B,classic_bike,2021-12-26 10:41:12,2021-12-26 10:42:24,Crescent St & 35 Ave,6688,Crescent St & 34 Ave,6759,40.7596276,-73.9321455,40.76108,-73.930562,member
1605193,E6949F082D555889,classic_bike,2021-12-28 21:21:57,2021-12-28 21:23:09,Crescent St & 35 Ave,6688,Crescent St & 34 Ave,6759,40.7596276,-73.9321455,40.76108,-73.930562,member
1605198,1D8BEFAEFB522098,classic_bike,2021-12-28 18:11:59,2021-12-28 18:14:04,Crescent St & 35 Ave,6688,Crescent St & 34 Ave,6759,40.7596276,-73.9321455,40.76108,-73.930562,member
1605199,5F61F0DC49D6FCCC,classic_bike,2021-12-31 17:56:13,2021-12-31 17:58:17,Crescent St & 35 Ave,6688,Crescent St & 34 Ave,6759,40.7596276,-73.9321455,40.76108,-73.930562,member
1605204,E6502032F6FCED4F,classic_bike,2021-12-06 19:03:00,2021-12-06 19:04:23,Crescent St & 35 Ave,6688,Crescent St & 34 Ave,6759,40.7596276,-73.9321455,40.76108,-73.930562,member
1605214,8C43DA27F9F472D8,classic_bike,2021-12-11 17:45:25,2021-12-11 17:53:29,Crescent St & 35 Ave,6688,Crescent St & 34 Ave,6759,40.7596276,-73.9321455,40.76108,-73.930562,member
1605221,F8D44ED43EA86A1A,classic_bike,2021-12-28 21:22:01,2021-12-28 21:23:06,Crescent St & 35 Ave,6688,Crescent St & 34 Ave,6759,40.7596276,-73.9321455,40.76108,-73.930562,member
1605224,D10BC4FD369C841E,classic_bike,2021-12-13 08:30:48,2021-12-13 08:32:18,Crescent St & 35 Ave,6688,Crescent St & 34 Ave,6759,40.7596276,-73.9321455,40.76108,-73.930562,member
1605236,A4704D64BABFFD45,classic_bike,2021-12-29 08:18:51,2021-12-29 08:20:07,Crescent St & 35 Ave,6688,Crescent St & 34 Ave,6759,40.7596276,-73.9321455,40.76108,-73.930562,member
1605239,D97E3CE31ECFCB07,classic_bike,2021-12-04 11:09:10,2021-12-04 11:16:14,Crescent St & 35 Ave,6688,Crescent St & 34 Ave,6759,40.7596276,-73.9321455,40.76108,-73.930562,casual
1605246,42012F66E15FAC1B,classic_bike,2021-12-31 15:14:00,2021-12-31 15:44:54,Crescent St & 35 Ave,6688,Crescent St & 34 Ave,6759,40.7596276,-73.9321455,40.76108,-73.930562,member
1608299,0E5AA0AF2FEBCD8D,electric_bike,2021-12-04 09:13:56,2021-12-04 09:17:07,Crescent St & 34 Ave,6759,36 Ave & 31 St,6572,40.76108,-73.930562,40.75651272984955,-73.92957486212252,member
1608300,0B11F7A21365D31F,electric_bike,2021-12-03 06:34:19,2021-12-03 06:37:30,Crescent St & 34 Ave,6759,36 Ave & 31 St,6572,40.76108,-73.930562,40.75651272984955,-73.92957486212252,member
1608301,8ECF4E59BA116F6E,classic_bike,2021-12-31 11:42:37,2021-12-31 12:23:01,Crescent St & 34 Ave,6759,W 27 St & 7 Ave,6247,40.76108,-73.930562,40.746647,-73.993915,member
1637051,21DF2852D2EDC1B5,classic_bike,2021-12-31 15:00:17,2021-12-31 15:16:00,Crescent St & 34 Ave,6759,38 Ave & 29 St,6538,40.76108,-73.930562,40.75473,-73.93367,casual
1637052,45B78C74D0AFE0D8,classic_bike,2021-12-31 15:03:25,2021-12-31 15:42:11,Crescent St & 34 Ave,6759,38 Ave & 29 St,6538,40.76108,-73.930562,40.75473,-73.93367,casual
1637053,E8230D30C5008778,classic_bike,2021-12-01 13:42:34,2021-12-01 13:47:37,Crescent St & 34 Ave,6759,38 Ave & 29 St,6538,40.76108,-73.930562,40.75473,-73.93367,casual
1637269,A120C9181F13F127,classic_bike,2021-12-31 19:55:15,2021-12-31 20:01:19,Crescent St & 34 Ave,6759,38 Ave & 29 St,6538,40.76108,-73.930562,40.75473,-73.93367,member
1637281,889FDFFEAB99EE5F,classic_bike,2021-12-08 12:02:31,2021-12-08 12:06:55,Crescent St & 34 Ave,6759,38 Ave & 29 St,6538,40.76108,-73.930562,40.75473,-73.93367,member
1637282,B6FE04FFD987D77B,classic_bike,2021-12-25 17:08:19,2021-12-25 17:14:24,Crescent St & 34 Ave,6759,38 Ave & 29 St,6538,40.76108,-73.930562,40.75473,-73.93367,casual
1637535,EFFF5B52135A206D,classic_bike,2021-12-16 13:00:57,2021-12-16 13:07:37,Crescent St & 34 Ave,6759,38 Ave & 29 St,6538,40.76108,-73.930562,40.75473,-73.93367,casual
1637537,A968E2C92D473454,electric_bike,2021-12-13 15:00:06,2021-12-13 15:04:52,Crescent St & 34 Ave,6759,38 Ave & 29 St,6538,40.76108,-73.930562,40.75473,-73.93367,member
1646268,268B130CF5CE8214,classic_bike,2021-12-14 17:06:10,2021-12-14 17:08:59,Crescent St & 34 Ave,6759,34 Ave & 13 St,6836,40.76108,-73.930562,40.7638753,-73.9364848,casual
1647842,B76E5E562C3E3A7F,classic_bike,2021-12-20 11:56:38,2021-12-20 12:19:39,Crescent St & 34 Ave,6759,34 Ave & 13 St,6836,40.76108,-73.930562,40.7638753,-73.9364848,member
1647846,057787DF1E473015,classic_bike,2021-12-11 13:41:27,2021-12-11 13:46:51,Crescent St & 34 Ave,6759,40 Ave & Crescent St,6462,40.76108,-73.930562,40.7535992020056,-73.93795609474182,member
1649718,CB93C945F88535A9,classic_bike,2021-12-02 08:06:02,2021-12-02 08:10:39,Crescent St & 34 Ave,6759,40 Ave & Crescent St,6462,40.76108,-73.930562,40.7535992020056,-73.93795609474182,member
1651873,9058BFF273887833,classic_bike,2021-12-13 12:02:39,2021-12-13 12:05:37,Crescent St & 34 Ave,6759,34 Ave & 13 St,6836,40.76108,-73.930562,40.7638753,-73.9364848,casual
1652695,915593C672B7B101,classic_bike,2021-12-17 09:04:43,2021-12-17 09:09:39,Crescent St & 34 Ave,6759,40 Ave & Crescent St,6462,40.76108,-73.930562,40.7535992020056,-73.93795609474182,member
1653935,DD817B1EB90821ED,classic_bike,2021-12-21 09:39:14,2021-12-21 10:01:30,Crescent St & 34 Ave,6759,E 51 St & Lexington Ave,6659,40.76108,-73.930562,40.75714758,-73.97207836,member
1701277,20F7813C08CCD69C,classic_bike,2021-12-29 22:41:02,2021-12-29 22:45:25,Crescent St & 34 Ave,6759,24 St & 38 Ave,6581,40.76108,-73.930562,40.756351,-73.936515,member
1701289,2A5D96B856EC37AD,classic_bike,2021-12-27 19:50:06,2021-12-27 19:53:37,Crescent St & 34 Ave,6759,24 St & 38 Ave,6581,40.76108,-73.930562,40.756351,-73.936515,member
1701291,44527579EBD6BEDE,electric_bike,2021-12-08 15:02:31,2021-12-08 15:06:55,Crescent St & 34 Ave,6759,24 St & 38 Ave,6581,40.76108,-73.930562,40.756351,-73.936515,casual
1701292,A0ABC866A64EFA28,electric_bike,2021-12-03 11:01:35,2021-12-03 11:04:55,Crescent St & 34 Ave,6759,24 St & 38 Ave,6581,40.76108,-73.930562,40.756351,-73.936515,member
1701313,5BF5DE9B56724BAA,electric_bike,2021-12-14 16:45:00,2021-12-14 16:48:10,Crescent St & 34 Ave,6759,24 St & 38 Ave,6581,40.76108,-73.930562,40.756351,-73.936515,member
